1715.90015,,-1384.09985
1752.38159,,-1347.61841
1653.78381,,-1446.21619
1634.04639,,-1465.95361
1766.71851,,-1333.28149
1703.6532,,-1396.3468
1653.78381,,-1446.21619
1715.90015,,-1384.09985
1729.78455,,-1370.21545
1674.24731,,-1425.75269
1729.78455,,-1370.21545
1618.47632,,-1481.52368
1592.21484,,-1507.78516
1595.35693,,-1504.64307
1607.77283,,-1492.22717
1676.33716,,-1423.66284
1680.51697,,-1419.48303
1627.46729,,-1472.53271
1623.30005,,-1476.69995
1567.91919,,-1532.08081
1577.71033,,-1522.28967
1538.37366,,-1561.62634
1571.39929,,-1528.60071
1640.78235,,-1459.21765
1630.54932,,-1469.45068
1565.06445,,-1534.93555
1371.30591,,-1728.69409
1500.71277,,-1599.28723
1549.72998,,-1550.27002
1533.70789,,-1566.29211
1504.3551,,-1595.6449
1554.2063,,-1545.7937
1538.39746,,-1561.60254
1464.0011,,-1635.9989
1504.3551,,-1595.6449
1557.15576,,-1542.84424
1600.40833,,-1499.59167
1599.4812,,-1500.5188
1520.37622,,-1579.62378
1575.82788,,-1524.17212
1563.34827,,-1536.65173
1567.06543,,-1532.93457
1552.41858,,-1547.58142
1496.98914,,-1603.01086
1543.08704,,-1556.91296
1554.2063,,-1545.7937
1575.82788,,-1524.17212
1560.84912,,-1539.15088
1542.82617,,-1557.17383
1464.7179,,-1635.2821
1440.8728,,-1659.1272
1400.69507,,-1699.30493
1480.85352,,-1619.14648
1522.12354,,-1577.87646
1536.39746,,-1563.60254
1473.37305,,-1626.62695
1432.44666,,-1667.55334
1440.8728,,-1659.1272
1464.7179,,-1635.2821
1522.12354,,-1577.87646
1543.5343,,-1556.4657
1556.63391,,-1543.36609
1479.90771,,-1620.09229
1488.33398,,-1611.66602
1496.98914,,-1603.01086
1424.62268,,-1675.37732
1448.58228,,-1651.41772
1456.29163,,-1643.70837
1534.87915,,-1565.12085
1561.84534,,-1538.15466
1573.99316,,-1526.00684
1579.92468,,-1520.07532
1558.77722,,-1541.22278
1560.84912,,-1539.15088
1554.06384,,-1545.93616
1575.73315,,-1524.26685
1596.17017,,-1503.82983
1603.60559,,-1496.39441
1632.64758,,-1467.35242
1622.80042,,-1477.19958
1618.47632,,-1481.52368
1601.15076,,-1498.84924
1599.4812,,-1500.5188
1601.15076,,-1498.84924
1740.40417,,-1359.59583
1729.33191,,-1370.66809
1651.91455,,-1448.08545
1676.33716,,-1423.66284
1857.16199,,-1242.83801
1871.651,,-1228.349
1810.47083,,-1289.52917
1743.66882,,-1356.33118
1766.71851,,-1333.28149
1647.20471,,-1452.79529
1653.78381,,-1446.21619
1640.93921,,-1459.06079
1650.04529,,-1449.95471
1692.49438,,-1407.50562
1620.84521,,-1479.15479
1640.31201,,-1459.68799
1618.47632,,-1481.52368
1584.24939,,-1515.75061
1543.08704,,-1556.91296
1567.63452,,-1532.36548
1505.87341,,-1594.12659
1578.39795,,-1521.60205
1611.04089,,-1488.95911
1571.22449,,-1528.77551
1586.35425,,-1513.64575
1416.31091,,-1683.68909
1408.37256,,-1691.62744
1440.8728,,-1659.1272
1393.65613,,-1706.34387
1459.10901,,-1640.89099
1543.66138,,-1556.33862
1449.13391,,-1650.86609
1577.75195,,-1522.24805
1567.30579,,-1532.69421
1608.73669,,-1491.26331
1431.62451,,-1668.37549
1522.14233,,-1577.85767
1483.2821,,-1616.7179
1437.28418,,-1662.71582
1423.21741,,-1676.78259
1533.69263,,-1566.30737
1468.75513,,-1631.24487
1562.78223,,-1537.21777
1563.6449,,-1536.3551
1569.87769,,-1530.12231
1622.75452,,-1477.24548
1636.84412,,-1463.15588
1531.3512,,-1568.6488
1567.06543,,-1532.93457
1611.85425,,-1488.14575
1684.69666,,-1415.30334
1652.18652,,-1447.81348
1739.31604,,-1360.68396
1828.18396,,-1271.81604
1888.16382,,-1211.83618
1833.81921,,-1266.18079
1843.29382,,-1256.70618
1791.9447,,-1308.0553
1683.7688,,-1416.2312
1716.26624,,-1383.73376
1702.01587,,-1397.98413
1776.33655,,-1323.66345
1776.33655,,-1323.66345
1744.75696,,-1355.24304
1764.35913,,-1335.64087
1766.71851,,-1333.28149
1855.15735,,-1244.84265
1853.15271,,-1246.84729
1920.08447,,-1179.91553
2263.26978,,-836.73022
2630.07495,,-469.92505
2851.19995,,-248.80005
3087.5979,,-12.4021
3228.0002976,,3.8464399999998,1.04
3493.3335944,,258.97461,1.04
3715.9758584,,473.05371,1.04
3945.3992032,,693.65308,1.04
4098.9005096,,841.25049,1.04
3716.31689,,616.31689,1
3389.68774,,289.68774,1
3123.46509,,23.46509,1
3277.8207396,,66.97656,1.035
3323.3412816,,110.95776,1.035
3471.21842805,,253.83423,1.035
3786.43479885,,558.39111,1.035
4126.24279035,,886.70801,1.035
3940.62646,,840.62646
3863.625,,763.625
3655.61572,,555.61572
3563.10596,,463.10596
3617.4314,,517.4314
3625.21167,,525.21167
3608.92676,,508.92676
3648.56445,,548.56445
3656.43164,,556.43164
3574.49902,,474.49902
3477.46997,,377.46997
3107.1377,,7.1377000000002
2911.33594,,-188.66406
2919.35474,,-180.64526
2999.00342,,-100.99658
2906.12036,,-193.87964
2839.68677,,-260.31323
2808.20996,,-291.79004
2774.9668,,-325.0332
2677.94434,,-422.05566
2703.99634,,-396.00366
2675.64893,,-424.35107
2635.67334,,-464.32666
2613.24487,,-486.75513
2600.48096,,-499.51904
2577.8374,,-522.1626
2407.35181,,-692.64819
2352.70386,,-747.29614
2518.69922,,-581.30078
2514.20703,,-585.79297
2491.15015,,-608.84985
2474.18774,,-625.81226
2458.37939,,-641.62061
2457.80664,,-642.19336
2414.34326,,-685.65674
2413.2793,,-686.7207
2427.33228,,-672.66772
2422.23193,,-677.76807
2399.63208,,-700.36792
2348.81226,,-751.18774
2382.19214,,-717.80786
2354.31274,,-745.68726
2333.86841,,-766.13159
2276.52881,,-823.47119
2283.00781,,-816.99219
2333.86841,,-766.13159
2210.89502,,-889.10498
2293.86035,,-806.13965
2293.53247,,-806.46753
2276.52881,,-823.47119
2184.21069,,-915.78931
2135.81885,,-964.18115
2202.42896,,-897.57104
2187.76733,,-912.23267
2077.67969,,-1022.32031
2083.54858,,-1016.45142
2165.8291,,-934.1709
2307.29663,,-792.70337
2245.76099,,-854.23901
2423.10376,,-676.89624
2541.1438,,-558.8562
2607.7876,,-492.2124
2612.75269,,-487.24731
2671.44385,,-428.55615
2668.45288,,-431.54712
2606.61694,,-493.38306
2586.61084,,-513.38916
2531.30371,,-568.69629
2485.43384,,-614.56616
2444.79199,,-655.20801
2453.73486,,-646.26514
2499.09692,,-600.90308
2560.29028,,-539.70972
2564.35986,,-535.64014
2440.13745,,-659.86255
2377.46802,,-722.53198
2359.04688,,-740.95312
2363.29541,,-736.70459
2290.02441,,-809.97559
2314.33521,,-785.66479
2367.03247,,-732.96753
2269.39404,,-830.60596
2166.02026,,-933.97974
2021.57532,,-1078.42468
2077.67969,,-1022.32031
2141.31836,,-958.68164
2162.53125,,-937.46875
2234.25781,,-865.74219
2135.81885,,-964.18115
2098.89258,,-1001.10742
2021.57532,,-1078.42468
2008.14111,,-1091.85889
1990.69983,,-1109.30017
2074.07373,,-1025.92627
2062.74268,,-1037.25732
2046.34534,,-1053.65466
2025.45593,,-1074.54407
1945.41833,,-1154.58167
1952.91589,,-1147.08411
1963.07397,,-1136.92603
1944.47888,,-1155.52112
1924.79858,,-1175.20142
1917.72754,,-1182.27246
1881.80908,,-1218.19092
1980.40808,,-1119.59192
1938.85413,,-1161.14587
1887.05872,,-1212.94128
1859.00244,,-1240.99756
1880.0592,,-1219.9408
1878.30933,,-1221.69067
1873.24902,,-1226.75098
1779.33154,,-1320.66846
1887.05872,,-1212.94128
1884.16528,,-1215.83472
1897.67212,,-1202.32788
1827.58533,,-1272.41467
1825.23279,,-1274.76721
1891.96716,,-1208.03284
1903.46252,,-1196.53748
1932.59961,,-1167.40039
1927.58203,,-1172.41797
1853.15271,,-1246.84729
1862.6051,,-1237.3949
1841.08594,,-1258.91406
1900.0719,,-1199.9281
2003.82837,,-1096.17163
1945.41833,,-1154.58167
1865.18042,,-1234.81958
1863.17578,,-1236.82422
1906.23218,,-1193.76782
1854.33325,,-1245.66675
1861.17114,,-1238.82886
1873.24902,,-1226.75098
1929.45496,,-1170.54504
1878.30933,,-1221.69067
1855.15735,,-1244.84265
1849.91748,,-1250.08252
1944.47888,,-1155.52112
1893.9115,,-1206.0885
1932.59961,,-1167.40039
1878.30933,,-1221.69067
2021.22729,,-1078.77271
2019.76697,,-1080.23303
1918.89905,,-1181.10095
1840.65723,,-1259.34277
1897.13489,,-1202.86511
1925.07324,,-1174.92676
1839.13135,,-1260.86865
1857.16199,,-1242.83801
1934.776,,-1165.224
1945.41833,,-1154.58167
1842.67297,,-1257.32703
1831.00159,,-1268.99841
1899.05212,,-1200.94788
1826.9812,,-1273.0188
1849.91748,,-1250.08252
1945.28918,,-1154.71082
1902.12537,,-1197.87463
1932.59961,,-1167.40039
1925.07324,,-1174.92676
1902.12537,,-1197.87463
1891.96716,,-1208.03284
1917.72754,,-1182.27246
1868.45471,,-1231.54529
1847.70959,,-1252.29041
1864.40649,,-1235.59351
1828.18396,,-1271.81604
1838.04285,,-1261.95715
1857.20105,,-1242.79895
1831.00159,,-1268.99841
1835.43958,,-1264.56042
1849.91748,,-1250.08252
1835.42847,,-1264.57153
1878.30933,,-1221.69067
1845.08411,,-1254.91589
1817.91858,,-1282.08142
1842.67297,,-1257.32703
1859.00244,,-1240.99756
1745.84521,,-1354.15479
1832.81409,,-1267.18591
1842.67297,,-1257.32703
1900.0719,,-1199.9281
1925.07324,,-1174.92676
1904.17871,,-1195.82129
1902.12537,,-1197.87463
1922.44153,,-1177.55847
1893.8689,,-1206.1311
1940.09717,,-1159.90283
1868.45471,,-1231.54529
1885.30884,,-1214.69116
1920.05566,,-1179.94434
1864.40649,,-1235.59351
1833.81921,,-1266.18079
1843.29382,,-1256.70618
1743.66882,,-1356.33118
1762.72449,,-1337.27551
1822.35657,,-1277.64343
1771.43738,,-1328.56262
1755.82922,,-1344.17078
1663.0885,,-1436.9115
1670.0675,,-1429.9325
1678.427,,-1421.573
1655.65308,,-1444.34692
1618.47632,,-1481.52368
1604.50476,,-1495.49524
1715.90015,,-1384.09985
1704.4718,,-1395.5282
1611.04089,,-1488.95911
1614.30896,,-1485.69104
1624.35596,,-1475.64404
1563.34827,,-1536.65173
1471.71057,,-1628.28943
1538.37366,,-1561.62634
1594.70044,,-1505.29956
1603.60559,,-1496.39441
1715.53418,,-1384.46582
1668.53943,,-1431.46057
1600.40833,,-1499.59167
1580.06702,,-1519.93298
1586.14099,,-1513.85901
1596.17017,,-1503.82983
1661.26086,,-1438.73914
1624.35596,,-1475.64404
1640.93921,,-1459.06079
1640.15515,,-1459.84485
1605.46094,,-1494.53906
1495.09766,,-1604.90234
1524.32886,,-1575.67114
1551.73096,,-1548.26904
1480.85352,,-1619.14648
1448.58228,,-1651.41772
1557.15576,,-1542.84424
1558.77722,,-1541.22278
1448.58228,,-1651.41772
1595.35693,,-1504.64307
1534.91748,,-1565.08252
1560.84912,,-1539.15088
1496.98914,,-1603.01086
1465.8927,,-1634.1073
1432.44666,,-1667.55334
1449.52808,,-1650.47192
1513.12488,,-1586.87512
1571.22449,,-1528.77551
1557.15576,,-1542.84424
1575.82788,,-1524.17212
1547.27856,,-1552.72144
1556.18347,,-1543.81653
1611.85425,,-1488.14575
1656.9425,,-1443.0575
1607.77283,,-1492.22717
1757.5531,,-1342.4469
1773.34143,,-1326.65857
1787.82605,,-1312.17395
1862.06238,,-1237.93762
1835.42847,,-1264.57153
1759.27686,,-1340.72314
1754.10547,,-1345.89453
1776.33655,,-1323.66345
1702.83459,,-1397.16541
1659.3916,,-1440.6084
1655.65308,,-1444.34692
1716.08325,,-1383.91675
1705.29053,,-1394.70947
1633.34705,,-1466.65295
1604.50476,,-1495.49524
1592.21484,,-1507.78516
1641.09595,,-1458.90405
1641.09595,,-1458.90405
1591.18958,,-1508.81042
1540.49329,,-1559.50671
1505.87341,,-1594.12659
1514.98657,,-1585.01343
1542.82617,,-1557.17383
1448.58228,,-1651.41772
1547.27856,,-1552.72144
1558.39771,,-1541.60229
1554.06384,,-1545.93616
1545.39612,,-1554.60388
1551.73096,,-1548.26904
1495.81445,,-1604.18555
1408.22827,,-1691.77173
1504.15198,,-1595.84802
1522.12354,,-1577.87646
1531.3512,,-1568.6488
1456.29163,,-1643.70837
1449.72388,,-1650.27612
1531.3512,,-1568.6488
