"ID" "IAB" "XL" "ZO" "D" "WSP" "Q" "QL" "QO"
 18293  1536     670.0    130.00-NaN      -NaN      -NaN            0.00      0.00
 18293  1535     600.0    130.00-NaN      -NaN      -NaN            0.00      0.00
 18293  1534     400.0    130.00-NaN      -NaN      -NaN            0.00      0.00
 18293  1533     200.0    130.00-NaN      -NaN      -NaN            0.00      0.00
 18293  1532       0.0    130.00-NaN      -NaN      -NaN            0.00      0.00
 18294  1531    2170.0    130.00-NaN      -NaN      -NaN            0.00      0.00
 18294  1530    2000.0    130.00-NaN      -NaN      -NaN            0.00      0.00
 18294  1529    1800.0    130.00-NaN      -NaN      -NaN            0.00      0.00
 18294  1528    1600.0    130.00-NaN      -NaN      -NaN            0.00      0.00
 18294  1527    1400.0    130.00-NaN      -NaN      -NaN            0.00      0.00
 18294  1526    1200.0    130.00-NaN      -NaN      -NaN            0.00      0.00
 18294  1525    1000.0    130.00-NaN      -NaN      -NaN            0.00      0.00
 18294  1524     800.0    130.00-NaN      -NaN      -NaN            0.00      0.00
 18294  1523     600.0    130.00-NaN      -NaN      -NaN            0.00      0.00
 18294  1522     400.0    130.00-NaN      -NaN      -NaN            0.00      0.00
 18294  1521     200.0    130.00-NaN      -NaN      -NaN            0.00      0.00
 18294  1520       0.0    130.00-NaN      -NaN      -NaN            0.00      0.00
 50055  1517    3350.0    130.00-NaN      -NaN      -NaN            0.00      0.00
 50055  1516    3200.0    130.00-NaN      -NaN      -NaN            0.00      0.00
 50055  1515    3000.0    130.00-NaN      -NaN      -NaN            0.00      0.00
 50055  1514    2800.0    130.00-NaN      -NaN      -NaN            0.00      0.00
 50055  1513    2600.0    130.00-NaN      -NaN      -NaN            0.00      0.00
 50055  1512    2400.0    130.00-NaN      -NaN      -NaN            0.00      0.00
 50055  1511    2200.0    130.00-NaN      -NaN      -NaN            0.00      0.00
 50055  1510    2000.0    130.00-NaN      -NaN      -NaN            0.00      0.00
 50055  1509    1800.0    130.00-NaN      -NaN      -NaN            0.00      0.00
 50055  1508    1600.0    130.00-NaN      -NaN      -NaN            0.00      0.00
 50055  1507    1400.0    130.00-NaN      -NaN      -NaN            0.00      0.00
 50055  1506    1200.0    130.00-NaN      -NaN      -NaN            0.00      0.00
 50055  1505    1000.0    130.00-NaN      -NaN      -NaN            0.00      0.00
 50055  1504     800.0    130.00-NaN      -NaN      -NaN            0.00      0.00
 50055  1503     600.0    130.00-NaN      -NaN      -NaN            0.00      0.00
 50055  1502     400.0    130.00-NaN      -NaN      -NaN            0.00      0.00
 50055  1501     200.0    130.00-NaN      -NaN      -NaN            0.00      0.00
 50055  1500       0.0    130.00-NaN      -NaN      -NaN            0.00      0.00
  3715   772   17614.0    145.15      1.51    146.66     13.90      0.00      0.00
  3715   771   17572.0    145.14      1.50    146.64     13.90      0.00      0.00
  3715   770   17531.0    145.12      1.49    146.61     13.90      0.00      0.00
  3715   769   17489.0    145.11      1.48    146.59     13.90      0.00      0.00
  3715   768   17447.0    145.10      1.46    146.56     13.90      0.00      0.00
  3715   767   17406.0    145.08      1.45    146.53     13.90      0.00      0.00
  3715   766   17364.0    145.07      1.43    146.50     13.90      0.00      0.00
  3715   765   17322.0    145.09      1.37    146.47     13.90      0.00      0.00
  3715   764   17281.0    145.12      1.32    146.43     13.90      0.00      0.00
  3715   763   17239.0    145.14      1.25    146.39     13.90      0.00      0.00
  3715   762   17197.0    145.16      1.19    146.35     13.90      0.00      0.00
  3715   761   17156.0    145.19      1.12    146.31     13.91      0.00      0.00
  3715   760   17114.0    145.21      1.04    146.25     13.91      0.00      0.00
  3715   759   17073.0    145.18      1.01    146.20     13.91      0.00      0.00
  3715   758   17031.0    145.15      0.98    146.13     13.91      0.00      0.00
  3715   757   16989.0    145.12      0.94    146.07     13.91      0.00      0.00
  3715   756   16948.0    145.10      0.89    145.99     13.91      0.00      0.00
  3715   755   16906.0    145.07      0.83    145.90     13.91      0.00      0.00
  3715   754   16864.0    145.04      0.72    145.76     13.91      0.00      0.00
  3715   753   16825.0    144.70      0.97    145.67     13.91      0.00      0.00
  3715   752   16786.0    144.35      1.27    145.62     13.91      0.00      0.00
  3715   751   16747.0    144.01      1.59    145.60     13.91      0.00      0.00
  3715   750   16708.0    143.67      1.92    145.59     13.92      0.00      0.00
  3715   749   16666.0    143.74      1.83    145.57     13.92      0.00      0.00
  3715   748   16624.0    143.80      1.74    145.54     13.92      0.00      0.00
  3715   747   16623.0    143.80      1.74    145.54     13.92      0.00      0.00
  3715   746   16614.0    143.80      1.74    145.54     13.92      0.00      0.00
  3715   745   16609.0    143.80      1.73    145.53     13.92      0.00      0.00
  3715   744   16560.0    143.80      1.71    145.51     13.92      0.00      0.00
  3715   743   16510.0    143.79      1.70    145.49     13.93      0.00      0.00
  3715   742   16475.0    143.93      1.54    145.47     13.93      0.00      0.00
  3715   741   16439.0    144.08      1.37    145.45     13.93      0.00      0.00
  3715   740   16403.0    144.22      1.20    145.42     13.93      0.00      0.00
  3715   739   16367.0    144.37      1.00    145.37     13.93      0.00      0.00
  3715   738   16325.0    144.31      1.01    145.32     13.94      0.00      0.00
  3715   737   16284.0    144.25      1.02    145.27     13.94      0.00      0.00
  3715   736   16243.0    144.18      1.03    145.21     13.94      0.00      0.00
  3715   735   16201.0    144.12      1.04    145.16     13.94      0.00      0.00
  3715   734   16160.0    144.06      1.05    145.11     13.95      0.00      0.00
  3715   733   16119.0    144.00      1.06    145.06     13.95      0.00      0.00
  3715   732   16077.0    143.92      1.09    145.00     13.95      0.00      0.00
  3715   731   16035.0    143.83      1.12    144.95     13.95      0.00      0.00
  3715   730   15993.0    143.75      1.15    144.90     13.95      0.00      0.00
  3715   729   15950.0    143.67      1.18    144.85     13.96      0.00      0.00
  3715   728   15908.0    143.58      1.22    144.80     13.96      0.00      0.00
  3715   727   15866.0    143.50      1.25    144.75     13.96      0.00      0.00
  3715   726   15823.0    143.47      1.23    144.70     13.97      0.00      0.00
  3715   725   15780.0    143.44      1.21    144.65     13.97      0.00      0.00
  3715   724   15737.0    143.41      1.19    144.60     13.97      0.00      0.00
  3715   723   15694.0    143.38      1.18    144.56     13.97      0.00      0.00
  3715   722   15651.0    143.35      1.17    144.52     13.98      0.00      0.00
  3715   721   15607.0    143.32      1.16    144.48     13.98      0.00      0.00
  3715   720   15566.0    143.30      1.14    144.44     13.98      0.00      0.00
  3715   719   15525.0    143.28      1.11    144.40     13.99      0.00      0.00
  3715   718   15483.0    143.26      1.08    144.35     13.99      0.00      0.00
  3715   717   15442.0    143.25      1.05    144.30     13.99      0.00      0.00
  3715   716   15400.0    143.23      1.01    144.24     14.00      0.00      0.00
  3715   715   15359.0    143.21      0.96    144.17     14.00      0.00      0.00
  3715   714   15318.0    143.06      1.05    144.11     14.00      0.00      0.00
  3715   713   15276.0    142.90      1.17    144.07     14.01      0.00      0.00
  3715   712   15235.0    142.75      1.29    144.04     14.01      0.00      0.00
  3715   711   15193.0    142.73      1.28    144.01     14.01      0.00      0.00
  3715   710   15152.0    142.70      1.28    143.98     14.02      0.00      0.00
  3715   709   15110.0    142.68      1.27    143.95     14.02      0.00      0.00
  3715   708   15060.0    142.61      1.31    143.92     14.02      0.00      0.00
  3715   707   15010.0    142.53      1.35    143.88     14.03      0.00      0.00
  3715   706   14960.0    142.35      1.50    143.85     14.03      0.00      0.00
  3715   705   14910.0    142.44      1.39    143.83     14.03      0.00      0.00
  3715   704   14859.0    142.05      1.76    143.81     14.04      0.00      0.00
  3715   703   14830.0    141.34      2.47    143.81     14.04      0.00      0.00
  3715   702   14790.0    142.27      1.52    143.79     14.04      0.00      0.00
  3715   701   14770.0    141.77      2.02    143.79     14.04      0.00      0.00
  3715   700   14750.0    142.07      1.71    143.78     14.04      0.00      0.00
  3715   699   14710.0    142.20      1.56    143.76     14.05      0.00      0.00
  3715   698   14694.0    141.23      2.54    143.77     14.05      0.00      0.00
  3715   697   14693.0    141.23      2.54    143.77     14.05      0.00      0.00
  3715   696   14688.0    141.23      2.54    143.77     14.05      0.00      0.00
  3715   695   14685.0    141.23      2.54    143.77     14.05      0.00      0.00
  3715   694   14677.0    142.49      1.26    143.75     14.05      0.00      0.00
  3715   693   14637.0    142.74      0.97    143.71     14.05      0.00      0.00
  3715   692   14617.0    143.03      0.59    143.62     14.05      0.00      0.00
  3715   691   14588.0    141.77      1.85    143.62     14.05      0.00      0.00
  3715   690   14544.0    141.70      1.87    143.57     14.06      0.00      0.00
  3715   689   14504.0    142.43      1.10    143.53     14.06      0.00      0.00
  3715   688   14480.0    142.51      1.01    143.52     14.06      0.00      0.00
  3715   687   14450.0    142.35      1.15    143.50     14.07      0.00      0.00
  3715   686   14396.0    141.75      1.69    143.44     14.07      0.00      0.00
  3715   685   14362.0    141.50      1.94    143.44     14.08      0.00      0.00
  3715   684   14328.0    141.25      2.19    143.44     14.08      0.00      0.00
  3715   683   14304.0    141.02      2.42    143.44     14.08      0.00      0.00
  3715   682   14303.0    141.02      2.42    143.44     14.08      0.00      0.00
  3715   681   14267.0    141.02      2.42    143.44     14.08      0.00      0.00
  3715   680   14252.0    141.02      2.41    143.43     14.09      0.00      0.00
  3715   679   14209.0    140.93      2.50    143.43     14.09      0.00      0.00
  3715   678   14167.0    140.85      2.58    143.43     14.09      0.00      0.00
  3715   677   14124.0    140.76      2.67    143.43     14.10      0.00      0.00
  3715   676   14112.0    141.84      1.58    143.42     14.10      0.00      0.00
  3715   675   14063.0    141.24      2.17    143.42     14.10      0.00      0.00
  3715  3674   14044.0    141.01      2.40    143.42     14.11      0.00      0.00
  3715  2674   14024.0    140.77      2.65    143.42     14.11      0.00      0.00
  3715  1674   14015.0    140.66      2.75    143.42     14.11      0.00      0.00
  3715   674   14014.0    140.65      2.77    143.42     14.11      0.00      0.00
  3715  4673   14013.0    140.65      2.77    143.42     14.11      0.00      0.00
  3715  3673   14009.0    140.64      2.77    143.42     14.11      0.00      0.00
  3715  2673   14008.0    140.64      2.77    143.42     14.11      0.00      0.00
  3715  1673   14007.0    140.64      2.77    143.42     14.11      0.00      0.00
  3715   673   13974.0    140.60      2.81    143.41     14.11      0.00      0.00
  3715   672   13934.0    140.55      2.86    143.41     14.12      0.00      0.00
  3715   671   13896.0    141.49      1.92    143.41     14.12      0.00      0.00
  3715   670   13859.0    142.40      0.99    143.39     14.13      0.00      0.00
  3715   669   13817.0    142.34      1.03    143.37     14.13      0.00      0.00
  3715   668   13776.0    142.27      1.08    143.35     14.14      0.00      0.00
  3715   667   13735.0    142.21      1.13    143.34     14.14      0.00      0.00
  3715   666   13694.0    142.15      1.18    143.33     14.15      0.00      0.00
  3715   665   13653.0    142.08      1.23    143.32     14.15      0.00      0.00
  3715   664   13612.0    142.02      1.29    143.31     14.16      0.00      0.00
  3715   663   13570.0    142.01      1.29    143.30     14.16      0.00      0.00
  3715   662   13529.0    142.00      1.29    143.29     14.17      0.00      0.00
  3715   661   13488.0    141.99      1.29    143.28     14.18      0.00      0.00
  3715   660   13447.0    141.97      1.29    143.27     14.18      0.00      0.00
  3715   659   13406.0    141.96      1.29    143.26     14.19      0.00      0.00
  3715   658   13364.0    141.95      1.29    143.24     14.19      0.00      0.00
  3715   657   13323.0    141.90      1.32    143.23     14.20      0.00      0.00
  3715   656   13282.0    141.86      1.36    143.22     14.20      0.00      0.00
  3715   655   13241.0    141.81      1.40    143.21     14.20      0.00      0.00
  3715   654   13200.0    141.76      1.43    143.20     14.21      0.00      0.00
  3715   653   13159.0    141.72      1.47    143.19     14.21      0.00      0.00
  3715   652   13118.0    141.67      1.51    143.18     14.21      0.00      0.00
  3715   651   13064.0    141.69      1.48    143.17     14.22      0.00      0.00
  3715   650   13021.0    141.40      1.77    143.16     14.22      0.00      0.00
  3715   649   12978.0    141.11      2.05    143.16     14.22      0.00      0.00
  3715   648   12935.0    140.81      2.34    143.16     14.23      0.00      0.00
  3715   647   12892.0    140.52      2.63    143.16     14.23      0.00      0.00
  3715   646   12849.0    140.23      2.92    143.15     14.23      0.00      0.00
  3715   645   12812.0    140.14      3.01    143.15     14.24      0.00      0.00
  3715   644   12775.0    140.05      3.10    143.15     14.24      0.00      0.00
  3715   643   12738.0    139.95      3.19    143.15     14.24      0.00      0.00
  3715   642   12701.0    139.86      3.28    143.14     14.24      0.00      0.00
  3715   641   12664.0    139.77      3.37    143.14     14.24      0.00      0.00
  3715   640   12628.0    139.75      3.39    143.13     14.25      0.00      0.00
  3715  4640   12627.0    139.74      3.39    143.13     14.25      0.00      0.00
  3715  3640   12618.0    139.74      3.40    143.13     14.25      0.00      0.00
  3715  2640   12617.0    139.74      3.40    143.13     14.25      0.00      0.00
  3715  1640   12616.0    139.74      3.40    143.13     14.25      0.00      0.00
  3715   639   12591.0    139.72      3.41    143.13     14.25      0.00      0.00
  3715   638   12546.0    139.84      3.29    143.13     14.25      0.00      0.00
  3715   637   12502.0    139.96      3.17    143.13     14.25      0.00      0.00
  3715   636   12457.0    140.08      3.05    143.13     14.25      0.00      0.00
  3715   635   12413.0    140.20      2.93    143.13     14.26      0.00      0.00
  3715   634   12374.0    140.18      2.94    143.13     14.26      0.00      0.00
  3715   633   12336.0    140.17      2.96    143.13     14.26      0.00      0.00
  3715   632   12297.0    140.15      2.97    143.13     14.26      0.00      0.00
  3715   631   12258.0    140.14      2.99    143.13     14.26      0.00      0.00
  3715   630   12220.0    140.12      3.01    143.13     14.27      0.00      0.00
  3715   629   12180.0    140.08      3.05    143.12     14.27      0.00      0.00
  3715   628   12141.0    140.04      3.09    143.12     14.27      0.00      0.00
  3715   627   12102.0    139.99      3.13    143.12     14.27      0.00      0.00
  3715   626   12063.0    139.95      3.17    143.12     14.27      0.00      0.00
  3715   625   12024.0    139.91      3.21    143.12     14.28      0.00      0.00
  3715   624   11989.0    139.86      3.26    143.12     14.28      0.00      0.00
  3715   623   11954.0    139.82      3.31    143.12     14.28      0.00      0.00
  3715   622   11919.0    139.77      3.35    143.12     14.28      0.00      0.00
  3715   621   11884.0    139.72      3.40    143.12     14.28      0.00      0.00
  3715   620   11846.0    139.59      3.53    143.12     14.29      0.00      0.00
  3715   619   11809.0    139.46      3.65    143.12     14.29      0.00      0.00
  3715   618   11771.0    139.34      3.78    143.12     14.29      0.00      0.00
  3715   617   11734.0    139.21      3.91    143.12     14.29      0.00      0.00
  3715   616   11696.0    139.08      4.04    143.12     14.29      0.00      0.00
  3715   615   11659.0    139.05      4.07    143.12     14.30      0.00      0.00
  3715   614   11621.0    139.02      4.10    143.12     14.30      0.00      0.00
  3715   613   11583.0    138.99      4.13    143.12     14.30      0.00      0.00
  3715   612   11546.0    138.96      4.16    143.12     14.30      0.00      0.00
  3715   611   11508.0    138.93      4.19    143.12     14.31      0.00      0.00
  3715   610   11462.0    139.07      4.05    143.12     14.31      0.00      0.00
  3715   609   11416.0    139.20      3.91    143.12     14.31      0.00      0.00
  3715   608   11370.0    139.34      3.78    143.12     14.31      0.00      0.00
  3715   607   11325.0    139.09      4.02    143.11     14.32      0.00      0.00
  3715   606   11281.0    138.85      4.26    143.11     14.32      0.00      0.00
  3715   605   11280.0    138.85      4.26    143.11     14.32      0.00      0.00
  3715   604   11273.0    138.85      4.26    143.11     14.32      0.00      0.00
  3715   603   11270.0    138.85      4.26    143.11     14.32      0.00      0.00
  3715   602   11230.0    139.05      4.07    143.11     14.32      0.00      0.00
  3715   601   11191.0    139.24      3.87    143.11     14.33      0.00      0.00
  3715   600   11154.0    139.31      3.80    143.11     14.33      0.00      0.00
  3715   599   11117.0    139.39      3.73    143.11     14.33      0.00      0.00
  3715   598   11080.0    139.46      3.65    143.11     14.33      0.00      0.00
  3715   597   11043.0    139.54      3.58    143.11     14.34      0.00      0.00
  3715   596   11006.0    139.61      3.50    143.11     14.34      0.00      0.00
  3715   595   10966.0    139.53      3.58    143.11     14.34      0.00      0.00
  3715   594   10926.0    139.45      3.67    143.11     14.35      0.00      0.00
  3715   593   10886.0    139.37      3.75    143.11     14.35      0.00      0.00
  3715   592   10845.0    139.28      3.83    143.11     14.35      0.00      0.00
  3715   591   10805.0    139.20      3.91    143.11     14.36      0.00      0.00
  3715   590   10761.0    139.10      4.02    143.12     14.36      0.00      0.00
  3715   589   10717.0    139.00      4.11    143.12     14.36      0.00      0.00
  3715   588   10674.0    138.91      4.21    143.12     14.36      0.00      0.00
  3715   587   10630.0    138.81      4.31    143.12     14.37      0.00      0.00
  3715  8586   10580.0    139.65      3.47    143.12     14.37      0.00      0.00
  3715   586   10575.0    139.73      3.39    143.12     14.37      0.00      0.00
  3715  9586   10570.0    136.10      1.62    137.72     14.37      0.00      0.00
  3715   585   10564.0    135.83      1.89    137.72     14.37      0.00      0.00
  3715   584   10563.0    135.81      1.91    137.72     14.37      0.00      0.00
  3715   583   10554.0    135.81      1.91    137.72     14.37      0.00      0.00
  3715   582   10550.0    135.83      1.89    137.72     14.37      0.00      0.00
  3715   581   10510.0    135.11      2.62    137.72     14.38      0.00      0.00
  3715   580   10470.0    134.38      3.34    137.72     14.38      0.00      0.00
  3715   579   10421.0    135.12      2.60    137.72     14.39      0.00      0.00
  3715   578   10373.0    135.84      1.87    137.71     14.39      0.00      0.00
  3715   577   10339.0    135.98      1.72    137.70     14.39      0.00      0.00
  3715   576   10305.0    136.12      1.58    137.70     14.40      0.00      0.00
  3715   575   10270.0    136.26      1.42    137.68     14.40      0.00      0.00
  3715   574   10236.0    135.85      1.83    137.68     14.40      0.00      0.00
  3715   573   10202.0    135.43      2.25    137.68     14.41      0.00      0.00
  3715   572   10167.0    135.01      2.67    137.68     14.41      0.00      0.00
  3715   571   10121.0    134.94      2.74    137.68     14.42      0.00      0.00
  3715   570   10074.0    134.87      2.81    137.68     14.42      0.00      0.00
  3715   569   10071.0    134.87      2.81    137.68     14.42      0.00      0.00
  3715   568   10070.0    134.87      2.81    137.68     14.42      0.00      0.00
  3715   567   10067.0    134.87      2.81    137.68     14.42      0.00      0.00
  3715   566   10036.0    134.77      2.91    137.67     14.42      0.00      0.00
  3715   565   10004.0    134.66      3.01    137.67     14.43      0.00      0.00
  3715   564    9961.0    135.15      2.52    137.67     14.43      0.00      0.00
  3715   563    9919.0    135.63      2.04    137.67     14.44      0.00      0.00
  3715   562    9876.0    136.12      1.54    137.66     14.44      0.00      0.00
  3715   561    9835.0    136.15      1.51    137.65     14.44      0.00      0.00
  3715   560    9793.0    136.17      1.48    137.65     14.45      0.00      0.00
  3715   559    9752.0    136.20      1.44    137.64     14.45      0.00      0.00
  3715   558    9710.0    136.22      1.41    137.64     14.45      0.00      0.00
  3715   557    9669.0    136.25      1.38    137.63     14.46      0.00      0.00
  3715   556    9627.0    136.26      1.36    137.62     14.46      0.00      0.00
  3715   555    9586.0    136.28      1.33    137.61     14.47      0.00      0.00
  3715   554    9545.0    136.29      1.31    137.60     14.47      0.00      0.00
  3715   553    9504.0    136.30      1.29    137.59     14.47      0.00      0.00
  3715   552    9463.0    136.32      1.26    137.58     14.48      0.00      0.00
  3715   551    9422.0    136.33      1.24    137.57     14.48      0.00      0.00
  3715   550    9385.0    136.29      1.27    137.56     14.48      0.00      0.00
  3715   549    9348.0    136.25      1.30    137.55     14.49      0.00      0.00
  3715   548    9311.0    136.22      1.32    137.54     14.49      0.00      0.00
  3715   547    9274.0    136.18      1.35    137.53     14.49      0.00      0.00
  3715   546    9237.0    136.14      1.38    137.52     14.50      0.00      0.00
  3715   545    9194.0    136.05      1.47    137.52     14.50      0.00      0.00
  3715   544    9152.0    135.96      1.55    137.51     14.50      0.00      0.00
  3715   543    9110.0    135.87      1.63    137.50     14.51      0.00      0.00
  3715   542    9067.0    135.78      1.72    137.50     14.51      0.00      0.00
  3715   541    9025.0    135.76      1.73    137.49     14.52      0.00      0.00
  3715   540    8983.0    135.75      1.74    137.49     14.52      0.00      0.00
  3715   539    8941.0    135.74      1.75    137.48     14.52      0.00      0.00
  3715   538    8899.0    135.72      1.75    137.47     14.53      0.00      0.00
  3715   537    8857.0    135.71      1.76    137.47     14.53      0.00      0.00
  3715   536    8815.0    135.69      1.77    137.46     14.53      0.00      0.00
  3715   535    8777.0    135.73      1.73    137.45     14.54      0.00      0.00
  3715   534    8739.0    135.76      1.68    137.45     14.54      0.00      0.00
  3715   533    8701.0    135.80      1.64    137.44     14.54      0.00      0.00
  3715   532    8663.0    135.84      1.60    137.44     14.55      0.00      0.00
  3715   531    8621.0    135.85      1.58    137.43     14.55      0.00      0.00
  3715   530    8580.0    135.86      1.56    137.42     14.55      0.00      0.00
  3715   529    8538.0    135.87      1.55    137.42     14.56      0.00      0.00
  3715   528    8496.0    135.88      1.53    137.41     14.56      0.00      0.00
  3715   527    8454.0    135.89      1.51    137.40     14.56      0.00      0.00
  3715   526    8412.0    135.90      1.49    137.39     14.57      0.00      0.00
  3715   525    8368.0    135.76      1.61    137.38     14.57      0.00      0.00
  3715   524    8325.0    135.63      1.74    137.37     14.57      0.00      0.00
  3715   523    8282.0    135.49      1.87    137.36     14.58      0.00      0.00
  3715   522    8239.0    135.36      2.00    137.36     14.58      0.00      0.00
  3715   521    8200.0    135.35      2.01    137.36     14.58      0.00      0.00
  3715   520    8161.0    135.34      2.01    137.35     14.58      0.00      0.00
  3715   519    8123.0    135.33      2.02    137.35     14.59      0.00      0.00
  3715   518    8084.0    135.32      2.02    137.34     14.59      0.00      0.00
  3715   517    8045.0    135.31      2.03    137.34     14.59      0.00      0.00
  3715   516    8009.0    135.28      2.06    137.33     14.59      0.00      0.00
  3715   515    7972.0    135.25      2.08    137.33     14.60      0.00      0.00
  3715   514    7936.0    135.21      2.11    137.33     14.60      0.00      0.00
  3715   513    7899.0    135.18      2.14    137.32     14.60      0.00      0.00
  3715   512    7863.0    135.15      2.17    137.32     14.60      0.00      0.00
  3715   511    7826.0    135.21      2.10    137.32     14.61      0.00      0.00
  3715   510    7789.0    135.28      2.04    137.31     14.61      0.00      0.00
  3715   509    7752.0    135.34      1.97    137.31     14.61      0.00      0.00
  3715   508    7715.0    135.40      1.90    137.31     14.62      0.00      0.00
  3715   507    7678.0    135.47      1.84    137.30     14.62      0.00      0.00
  3715   506    7641.0    135.53      1.77    137.30     14.62      0.00      0.00
  3715   505    7599.0    135.45      1.85    137.30     14.63      0.00      0.00
  3715   504    7558.0    135.37      1.93    137.29     14.63      0.00      0.00
  3715   503    7517.0    135.29      2.00    137.29     14.63      0.00      0.00
  3715   502    7476.0    135.21      2.08    137.29     14.64      0.00      0.00
  3715   501    7434.0    135.13      2.16    137.29     14.64      0.00      0.00
  3715   500    7395.0    135.08      2.20    137.28     14.64      0.00      0.00
  3715   499    7357.0    135.03      2.25    137.28     14.65      0.00      0.00
  3715   498    7318.0    134.97      2.30    137.28     14.65      0.00      0.00
  3715   497    7279.0    134.92      2.35    137.28     14.66      0.00      0.00
  3715   496    7240.0    134.87      2.40    137.27     14.66      0.00      0.00
  3715   495    7201.0    134.81      2.47    137.27     14.67      0.00      0.00
  3715   494    7162.0    134.74      2.53    137.27     14.67      0.00      0.00
  3715   493    7123.0    134.68      2.59    137.27     14.67      0.00      0.00
  3715   492    7084.0    134.61      2.65    137.27     14.68      0.00      0.00
  3715   491    7045.0    134.55      2.72    137.27     14.68      0.00      0.00
  3715   490    7004.0    134.68      2.59    137.26     14.68      0.00      0.00
  3715   489    6963.0    134.80      2.46    137.26     14.69      0.00      0.00
  3715   488    6922.0    134.93      2.33    137.26     14.69      0.00      0.00
  3715   487    6880.0    135.06      2.19    137.25     14.69      0.00      0.00
  3715   486    6839.0    135.19      2.06    137.25     14.70      0.00      0.00
  3715   485    6801.0    135.07      2.18    137.25     14.70      0.00      0.00
  3715   484    6763.0    134.94      2.30    137.24     14.70      0.00      0.00
  3715   483    6724.0    134.82      2.42    137.24     14.71      0.00      0.00
  3715   482    6686.0    134.69      2.54    137.24     14.71      0.00      0.00
  3715   481    6648.0    134.57      2.67    137.24     14.72      0.00      0.00
  3715   480    6605.0    134.44      2.79    137.23     14.72      0.00      0.00
  3715   479    6562.0    134.31      2.92    137.23     14.72      0.00      0.00
  3715   478    6520.0    134.19      3.04    137.23     14.73      0.00      0.00
  3715   477    6477.0    134.06      3.17    137.23     14.73      0.00      0.00
  3715   476    6434.0    133.93      3.30    137.23     14.73      0.00      0.00
  3715   475    6390.0    133.99      3.24    137.23     14.74      0.00      0.00
  3715   474    6346.0    134.04      3.18    137.23     14.74      0.00      0.00
  3715   473    6302.0    134.10      3.12    137.22     14.74      0.00      0.00
  3715   472    6257.0    134.16      3.06    137.22     14.75      0.00      0.00
  3715   471    6218.0    134.13      3.10    137.22     14.75      0.00      0.00
  3715   470    6179.0    134.09      3.13    137.22     14.75      0.00      0.00
  3715   469    6140.0    134.06      3.16    137.22     14.76      0.00      0.00
  3715   468    6101.0    134.02      3.19    137.21     14.76      0.00      0.00
  3715   467    6061.0    134.31      2.91    137.21     14.76      0.00      0.00
  3715   466    6021.0    134.59      2.62    137.21     14.76      0.00      0.00
  3715   465    6006.0    134.23      2.98    137.21     14.76      0.00      0.00
  3715   464    5999.0    134.23      2.98    137.21     14.77      0.00      0.00
  3715   463    5995.0    134.23      2.98    137.21     14.77      0.00      0.00
  3715   462    5982.0    134.23      2.98    137.21     14.77      0.00      0.00
  3715   461    5974.0    134.11      3.10    137.21     14.77      0.00      0.00
  3715  5460    5950.0    133.91      3.30    137.21     14.77      0.00      0.00
  3715   460    5930.0    136.70      0.51    137.21     14.77      0.00      0.00
  3715  9999    5920.0    133.67-NaN      -NaN      -NaN            0.00      0.00
  3715  8888    5900.0    133.50-NaN      -NaN      -NaN            0.00      0.00
  3715  7777    5890.0    133.42-NaN      -NaN      -NaN            0.00      0.00
  3715  6666    5880.0    133.34-NaN      -NaN      -NaN            0.00      0.00
  3715   459    5878.0    133.32-NaN      -NaN      -NaN            0.00      0.00
  3715   458    5838.0    133.49-NaN      -NaN      -NaN            0.00      0.00
  3715   457    5798.0    133.66-NaN      -NaN      -NaN            0.00      0.00
  3715   456    5757.0    133.83-NaN      -NaN      -NaN            0.00      0.00
  3715   455    5717.0    134.00-NaN      -NaN      -NaN            0.00      0.00
  3715   454    5683.0    133.94-NaN      -NaN      -NaN            0.00      0.00
  3715   453    5649.0    133.87-NaN      -NaN      -NaN            0.00      0.00
  3715   452    5615.0    133.81-NaN      -NaN      -NaN            0.00      0.00
  3715   451    5560.0    133.82-NaN      -NaN      -NaN            0.00      0.00
  3715   450    5521.0    133.65-NaN      -NaN      -NaN            0.00      0.00
  3715   449    5481.0    133.47-NaN      -NaN      -NaN            0.00      0.00
  3715   448    5441.0    133.30-NaN      -NaN      -NaN            0.00      0.00
  3715   447    5405.0    133.25-NaN      -NaN      -NaN            0.00      0.00
  3715   446    5368.0    133.20-NaN      -NaN      -NaN            0.00      0.00
  3715   445    5331.0    133.16-NaN      -NaN      -NaN            0.00      0.00
  3715   444    5295.0    133.11-NaN      -NaN      -NaN            0.00      0.00
  3715   443    5258.0    133.06-NaN      -NaN      -NaN            0.00      0.00
  3715   442    5218.0    133.03-NaN      -NaN      -NaN            0.00      0.00
  3715   441    5177.0    133.00-NaN      -NaN      -NaN            0.00      0.00
  3715   440    5136.0    132.97-NaN      -NaN      -NaN            0.00      0.00
  3715   439    5096.0    132.95-NaN      -NaN      -NaN            0.00      0.00
  3715   438    5055.0    132.92-NaN      -NaN      -NaN            0.00      0.00
  3715   437    5014.0    132.89-NaN      -NaN      -NaN            0.00      0.00
  3715   436    4977.0    132.89-NaN      -NaN      -NaN            0.00      0.00
  3715   435    4939.0    132.89-NaN      -NaN      -NaN            0.00      0.00
  3715   434    4902.0    132.88-NaN      -NaN      -NaN            0.00      0.00
  3715   433    4864.0    132.88-NaN      -NaN      -NaN            0.00      0.00
  3715   432    4827.0    132.88-NaN      -NaN      -NaN            0.00      0.00
  3715   431    4789.0    132.84-NaN      -NaN      -NaN            0.00      0.00
  3715   430    4751.0    132.81-NaN      -NaN      -NaN            0.00      0.00
  3715   429    4714.0    132.77-NaN      -NaN      -NaN            0.00      0.00
  3715   428    4676.0    132.74-NaN      -NaN      -NaN            0.00      0.00
  3715   427    4638.0    132.70-NaN      -NaN      -NaN            0.00      0.00
  3715   426    4597.0    132.71-NaN      -NaN      -NaN            0.00      0.00
  3715   425    4556.0    132.72-NaN      -NaN      -NaN            0.00      0.00
  3715   424    4515.0    132.72-NaN      -NaN      -NaN            0.00      0.00
  3715   423    4475.0    132.73-NaN      -NaN      -NaN            0.00      0.00
  3715   422    4434.0    132.74-NaN      -NaN      -NaN            0.00      0.00
  3715   421    4397.0    132.79-NaN      -NaN      -NaN            0.00      0.00
  3715   420    4361.0    132.84-NaN      -NaN      -NaN            0.00      0.00
  3715   419    4325.0    132.89-NaN      -NaN      -NaN            0.00      0.00
  3715   418    4289.0    132.94-NaN      -NaN      -NaN            0.00      0.00
  3715   417    4252.0    132.99-NaN      -NaN      -NaN            0.00      0.00
  3715   416    4210.0    132.91-NaN      -NaN      -NaN            0.00      0.00
  3715   415    4167.0    132.82-NaN      -NaN      -NaN            0.00      0.00
  3715   414    4125.0    132.74-NaN      -NaN      -NaN            0.00      0.00
  3715   413    4082.0    132.65-NaN      -NaN      -NaN            0.00      0.00
  3715   412    4040.0    132.57-NaN      -NaN      -NaN            0.00      0.00
  3715   411    4002.0    132.61-NaN      -NaN      -NaN            0.00      0.00
  3715   410    3965.0    132.65-NaN      -NaN      -NaN            0.00      0.00
  3715   409    3927.0    132.68-NaN      -NaN      -NaN            0.00      0.00
  3715   408    3890.0    132.72-NaN      -NaN      -NaN            0.00      0.00
  3715   407    3852.0    132.76-NaN      -NaN      -NaN            0.00      0.00
  3715   406    3814.0    132.65-NaN      -NaN      -NaN            0.00      0.00
  3715   405    3776.0    132.55-NaN      -NaN      -NaN            0.00      0.00
  3715   404    3775.0    132.55-NaN      -NaN      -NaN            0.00      0.00
  3715   403    3758.0    132.55-NaN      -NaN      -NaN            0.00      0.00
  3715   402    3750.0    132.55-NaN      -NaN      -NaN            0.00      0.00
  3715   401    3723.0    132.45-NaN      -NaN      -NaN            0.00      0.00
  3715   400    3683.0    132.63-NaN      -NaN      -NaN            0.00      0.00
  3715   399    3644.0    132.81-NaN      -NaN      -NaN            0.00      0.00
  3715   398    3608.0    132.78-NaN      -NaN      -NaN            0.00      0.00
  3715   397    3572.0    132.75-NaN      -NaN      -NaN            0.00      0.00
  3715   396    3537.0    132.72-NaN      -NaN      -NaN            0.00      0.00
  3715   395    3488.0    132.37-NaN      -NaN      -NaN            0.00      0.00
  3715   394    3440.0    132.02-NaN      -NaN      -NaN            0.00      0.00
  3715   393    3419.0    131.88-NaN      -NaN      -NaN            0.00      0.00
  3715   392    3418.0    131.88-NaN      -NaN      -NaN            0.00      0.00
  3715   391    3410.0    131.88-NaN      -NaN      -NaN            0.00      0.00
  3715   390    3406.0    131.88-NaN      -NaN      -NaN            0.00      0.00
  3715   389    3370.0    132.15-NaN      -NaN      -NaN            0.00      0.00
  3715   388    3335.0    132.42-NaN      -NaN      -NaN            0.00      0.00
  3715   387    3286.0    132.66-NaN      -NaN      -NaN            0.00      0.00
  3715   386    3238.0    132.90-NaN      -NaN      -NaN            0.00      0.00
  3715   385    3200.0    131.79-NaN      -NaN      -NaN            0.00      0.00
  3715   384    3179.0    131.75-NaN      -NaN      -NaN            0.00      0.00
  3715   383    3177.0    131.75-NaN      -NaN      -NaN            0.00      0.00
  3715   382    3166.0    131.75-NaN      -NaN      -NaN            0.00      0.00
  3715   381    3158.0    131.75-NaN      -NaN      -NaN            0.00      0.00
  3715   380    3114.0    131.53-NaN      -NaN      -NaN            0.00      0.00
  3715   379    3078.0    131.70-NaN      -NaN      -NaN            0.00      0.00
  3715   378    3041.0    131.88-NaN      -NaN      -NaN            0.00      0.00
  3715   377    3005.0    132.06-NaN      -NaN      -NaN            0.00      0.00
  3715   376    2968.0    132.24-NaN      -NaN      -NaN            0.00      0.00
  3715   375    2932.0    132.41-NaN      -NaN      -NaN            0.00      0.00
  3715   374    2893.0    132.36-NaN      -NaN      -NaN            0.00      0.00
  3715   373    2854.0    132.32-NaN      -NaN      -NaN            0.00      0.00
  3715   372    2815.0    132.27-NaN      -NaN      -NaN            0.00      0.00
  3715   371    2776.0    132.23-NaN      -NaN      -NaN            0.00      0.00
  3715   370    2737.0    132.18-NaN      -NaN      -NaN            0.00      0.00
  3715   369    2698.0    132.17-NaN      -NaN      -NaN            0.00      0.00
  3715   368    2659.0    132.16-NaN      -NaN      -NaN            0.00      0.00
  3715   367    2621.0    132.15-NaN      -NaN      -NaN            0.00      0.00
  3715   366    2582.0    132.14-NaN      -NaN      -NaN            0.00      0.00
  3715   365    2543.0    132.13-NaN      -NaN      -NaN            0.00      0.00
  3715   364    2501.0    132.08-NaN      -NaN      -NaN            0.00      0.00
  3715   363    2460.0    132.04-NaN      -NaN      -NaN            0.00      0.00
  3715   362    2418.0    131.99-NaN      -NaN      -NaN            0.00      0.00
  3715   361    2376.0    131.95-NaN      -NaN      -NaN            0.00      0.00
  3715   360    2335.0    131.90-NaN      -NaN      -NaN            0.00      0.00
  3715   359    2295.0    131.94-NaN      -NaN      -NaN            0.00      0.00
  3715   358    2255.0    131.99-NaN      -NaN      -NaN            0.00      0.00
  3715   357    2216.0    132.03-NaN      -NaN      -NaN            0.00      0.00
  3715   356    2176.0    132.08-NaN      -NaN      -NaN            0.00      0.00
  3715   355    2136.0    132.12-NaN      -NaN      -NaN            0.00      0.00
  3715   354    2097.0    132.07-NaN      -NaN      -NaN            0.00      0.00
  3715   353    2057.0    132.03-NaN      -NaN      -NaN            0.00      0.00
  3715   352    2018.0    131.98-NaN      -NaN      -NaN            0.00      0.00
  3715   351    1978.0    131.94-NaN      -NaN      -NaN            0.00      0.00
  3715   350    1939.0    131.89-NaN      -NaN      -NaN            0.00      0.00
  3715   349    1893.0    131.45-NaN      -NaN      -NaN            0.00      0.00
  3715   348    1847.0    131.01-NaN      -NaN      -NaN            0.00      0.00
  3715   347    1801.0    130.57-NaN      -NaN      -NaN            0.00      0.00
  3715   346    1741.0    131.14-NaN      -NaN      -NaN            0.00      0.00
  3715   345    1740.0    131.14-NaN      -NaN      -NaN            0.00      0.00
  3715   344    1736.0    131.14-NaN      -NaN      -NaN            0.00      0.00
  3715   343    1735.0    131.14-NaN      -NaN      -NaN            0.00      0.00
  3715   342    1691.0    131.10-NaN      -NaN      -NaN            0.00      0.00
  3715   341    1640.0    131.64-NaN      -NaN      -NaN            0.00      0.00
  3715   340    1600.0    131.69-NaN      -NaN      -NaN            0.00      0.00
  3715   339    1561.0    131.74-NaN      -NaN      -NaN            0.00      0.00
  3715   338    1521.0    131.79-NaN      -NaN      -NaN            0.00      0.00
  3715   337    1481.0    131.84-NaN      -NaN      -NaN            0.00      0.00
  3715   336    1442.0    131.89-NaN      -NaN      -NaN            0.00      0.00
  3715   335    1401.0    131.90-NaN      -NaN      -NaN            0.00      0.00
  3715   334    1361.0    131.91-NaN      -NaN      -NaN            0.00      0.00
  3715   333    1320.0    131.93-NaN      -NaN      -NaN            0.00      0.00
  3715   332    1280.0    131.94-NaN      -NaN      -NaN            0.00      0.00
  3715   331    1239.0    131.95-NaN      -NaN      -NaN            0.00      0.00
  3715   330    1200.0    131.93-NaN      -NaN      -NaN            0.00      0.00
  3715   329    1161.0    131.91-NaN      -NaN      -NaN            0.00      0.00
  3715   328    1122.0    131.90-NaN      -NaN      -NaN            0.00      0.00
  3715   327    1084.0    131.88-NaN      -NaN      -NaN            0.00      0.00
  3715   326    1045.0    131.86-NaN      -NaN      -NaN            0.00      0.00
  3715   325    1011.0    132.20-NaN      -NaN      -NaN            0.00      0.00
  3715   324     976.0    132.54-NaN      -NaN      -NaN            0.00      0.00
  3715   323     942.0    132.88-NaN      -NaN      -NaN            0.00      0.00
  3715   322     895.0    133.03-NaN      -NaN      -NaN            0.00      0.00
  3715   321     847.0    133.19-NaN      -NaN      -NaN            0.00      0.00
  3715   320     806.0    133.14-NaN      -NaN      -NaN            0.00      0.00
  3715   319     765.0    133.09-NaN      -NaN      -NaN            0.00      0.00
  3715   318     725.0    133.04-NaN      -NaN      -NaN            0.00      0.00
  3715   317     684.0    132.99-NaN      -NaN      -NaN            0.00      0.00
  3715   316     643.0    132.94-NaN      -NaN      -NaN            0.00      0.00
  3715   315     602.0    132.97-NaN      -NaN      -NaN            0.00      0.00
  3715   314     560.0    133.00-NaN      -NaN      -NaN            0.00      0.00
  3715   313     518.0    133.04-NaN      -NaN      -NaN            0.00      0.00
  3715   312     477.0    133.07-NaN      -NaN      -NaN            0.00      0.00
  3715   311     435.0    133.10-NaN      -NaN      -NaN            0.00      0.00
  3715   310     395.0    133.11-NaN      -NaN      -NaN            0.00      0.00
  3715   309     355.0    133.12-NaN      -NaN      -NaN            0.00      0.00
  3715   308     315.0    133.13-NaN      -NaN      -NaN            0.00      0.00
  3715   307     275.0    133.14-NaN      -NaN      -NaN            0.00      0.00
  3715   306     235.0    133.15-NaN      -NaN      -NaN            0.00      0.00
  3715   305     196.0    133.00-NaN      -NaN      -NaN            0.00      0.00
  3715   304     157.0    132.84-NaN      -NaN      -NaN            0.00      0.00
  3715   303     118.0    132.69-NaN      -NaN      -NaN            0.00      0.00
  3715   302      79.0    132.53-NaN      -NaN      -NaN            0.00      0.00
  3715   301      40.0    132.38-NaN      -NaN      -NaN            0.00      0.00
  3715   300       0.0    132.38-NaN      -NaN      -NaN            0.00      0.00
  6187  1186   18700.0    131.45-NaN      -NaN      -NaN            0.00      0.00
  6187  1185   18500.0    128.67-NaN      -NaN      -NaN            0.00      0.00
  6187  1184   18400.0    131.43-NaN      -NaN      -NaN            0.00      0.00
  6187  1183   18300.0    132.74-NaN      -NaN      -NaN            0.00      0.00
  6187  1182   18200.0    132.68-NaN      -NaN      -NaN            0.00      0.00
  6187  1181   18100.0    133.28-NaN      -NaN      -NaN            0.00      0.00
  6187  1180   18000.0    133.07-NaN      -NaN      -NaN            0.00      0.00
  6187  1179   17900.0    133.12-NaN      -NaN      -NaN            0.00      0.00
  6187  1178   17800.0    130.53-NaN      -NaN      -NaN            0.00      0.00
  6187  1177   17700.0    124.49-NaN      -NaN      -NaN            0.00      0.00
  6187  1176   17600.0    128.55-NaN      -NaN      -NaN         1500.00      0.00
  6187  1175   17500.0    128.66-NaN      -NaN      -NaN            0.00      0.00
  6187  1174   17400.0    129.08-NaN      -NaN      -NaN            0.00      0.00
  6187  1173   17300.0    129.62-NaN      -NaN      -NaN            0.00      0.00
  6187  1172   17200.0    129.47-NaN      -NaN      -NaN            0.00      0.00
  6187  1171   17100.0    129.47-NaN      -NaN      -NaN            0.00      0.00
  6187  1170   17000.0    129.65-NaN      -NaN      -NaN            0.00      0.00
  6187  1169   16900.0    129.64-NaN      -NaN      -NaN            0.00      0.00
  6187  1168   16800.0    129.80-NaN      -NaN      -NaN            0.00      0.00
  6187  7167   16755.0    129.85-NaN      -NaN      -NaN            0.00      0.00
  6187  1167   16700.0    129.92-NaN      -NaN      -NaN            0.00      0.00
  6187  1166   16600.0    130.15-NaN      -NaN      -NaN            0.00      0.00
  6187  1165   16500.0    130.19-NaN      -NaN      -NaN            0.00      0.00
  6187  1164   16400.0    130.50-NaN      -NaN      -NaN            0.00      0.00
  6187  1163   16300.0    130.42-NaN      -NaN      -NaN            0.00      0.00
  6187  1162   16200.0    130.41-NaN      -NaN      -NaN            0.00      0.00
  6187  1161   16100.0    130.45-NaN      -NaN      -NaN            0.00      0.00
  6187  1160   16000.0    130.25-NaN      -NaN      -NaN            0.00      0.00
  6187  1159   15900.0    130.35-NaN      -NaN      -NaN            0.00      0.00
  6187  1158   15800.0    130.22-NaN      -NaN      -NaN            0.00      0.00
  6187  1157   15700.0    129.92-NaN      -NaN      -NaN            0.00      0.00
  6187  1156   15600.0    129.82-NaN      -NaN      -NaN            0.00      0.00
  6187  1155   15500.0    129.39-NaN      -NaN      -NaN            0.00      0.00
  6187  1154   15400.0    129.24-NaN      -NaN      -NaN            0.00      0.00
  6187  1153   15300.0    128.53-NaN      -NaN      -NaN            0.00      0.00
  6187  1152   15200.0    128.73-NaN      -NaN      -NaN            0.00      0.00
  6187  1151   15100.0    128.97-NaN      -NaN      -NaN            0.00      0.00
  6187  1150   15000.0    129.43-NaN      -NaN      -NaN            0.00      0.00
  6187  1149   14900.0    129.77-NaN      -NaN      -NaN            0.00      0.00
  6187  1148   14800.0    129.93-NaN      -NaN      -NaN            0.00      0.00
  6187  1147   14700.0    129.52-NaN      -NaN      -NaN            0.00      0.00
  6187  1146   14600.0    128.79-NaN      -NaN      -NaN            0.00      0.00
  6187  1145   14500.0    129.27-NaN      -NaN      -NaN            0.00      0.00
  6187  1144   14400.0    129.23-NaN      -NaN      -NaN            0.00      0.00
  6187  1143   14300.0    129.42-NaN      -NaN      -NaN            0.00      0.00
  6187  1142   14200.0    129.72-NaN      -NaN      -NaN            0.00      0.00
  6187  1141   14100.0    129.78-NaN      -NaN      -NaN            0.00      0.00
  6187  1140   14000.0    129.91-NaN      -NaN      -NaN            0.00      0.00
  6187  1139   13900.0    130.10-NaN      -NaN      -NaN            0.00      0.00
  6187  1138   13800.0    130.15-NaN      -NaN      -NaN            0.00      0.00
  6187  1137   13700.0    129.92-NaN      -NaN      -NaN            0.00      0.00
  6187  1136   13600.0    129.58-NaN      -NaN      -NaN            0.00      0.00
  6187  1135   13500.0    129.20-NaN      -NaN      -NaN            0.00      0.00
  6187  1134   13400.0    129.52-NaN      -NaN      -NaN            0.00      0.00
  6187  1133   13300.0    129.26-NaN      -NaN      -NaN            0.00      0.00
  6187  1132   13200.0    128.87-NaN      -NaN      -NaN            0.00      0.00
  6187  1131   13100.0    128.01-NaN      -NaN      -NaN            0.00      0.00
  6187  1130   13000.0    128.80-NaN      -NaN      -NaN            0.00      0.00
  6187  1129   12900.0    128.51-NaN      -NaN      -NaN            0.00      0.00
  6187  1128   12800.0    128.17-NaN      -NaN      -NaN            0.00      0.00
  6187  1127   12700.0    128.40-NaN      -NaN      -NaN            0.00      0.00
  6187  1126   12600.0    128.76-NaN      -NaN      -NaN            0.00      0.00
  6187  1125   12500.0    128.85-NaN      -NaN      -NaN            0.00      0.00
  6187  1124   12400.0    128.86-NaN      -NaN      -NaN            0.00      0.00
  6187  1123   12300.0    128.74-NaN      -NaN      -NaN            0.00      0.00
  6187  1122   12200.0    128.86-NaN      -NaN      -NaN            0.00      0.00
  6187  1121   12100.0    128.46-NaN      -NaN      -NaN            0.00      0.00
  6187  1120   12000.0    129.19-NaN      -NaN      -NaN            0.00      0.00
  6187  1119   11900.0    128.94-NaN      -NaN      -NaN            0.00      0.00
  6187  1118   11800.0    128.98-NaN      -NaN      -NaN            0.00      0.00
  6187  1117   11700.0    128.80-NaN      -NaN      -NaN            0.00      0.00
  6187  1116   11600.0    128.89-NaN      -NaN      -NaN            0.00      0.00
  6187  1115   11500.0    128.53-NaN      -NaN      -NaN            0.00      0.00
  6187  1114   11400.0    128.04-NaN      -NaN      -NaN            0.00      0.00
  6187  1113   11300.0    128.20-NaN      -NaN      -NaN            0.00      0.00
  6187  1112   11200.0    128.36-NaN      -NaN      -NaN            0.00      0.00
  6187  1111   11100.0    128.59-NaN      -NaN      -NaN            0.00      0.00
  6187  1110   11000.0    129.11-NaN      -NaN      -NaN            0.00      0.00
  6187  1109   10900.0    129.18-NaN      -NaN      -NaN            0.00      0.00
  6187  1108   10800.0    128.45-NaN      -NaN      -NaN            0.00      0.00
  6187  1107   10700.0    128.65-NaN      -NaN      -NaN            0.00      0.00
  6187  1106   10600.0    128.10-NaN      -NaN      -NaN            0.00      0.00
  6187  1105   10500.0    127.60-NaN      -NaN      -NaN            0.00      0.00
  6187  1104   10400.0    127.63-NaN      -NaN      -NaN            0.00      0.00
  6187  1103   10300.0    127.61-NaN      -NaN      -NaN            0.00      0.00
  6187  1102   10200.0    127.42-NaN      -NaN      -NaN            0.00      0.00
  6187  1101   10100.0    127.69-NaN      -NaN      -NaN            0.00      0.00
  6187  1100   10000.0    127.68-NaN      -NaN      -NaN            0.00      0.00
  6187  1099    9900.0    127.64-NaN      -NaN      -NaN            0.00      0.00
  6187  1098    9800.0    127.73-NaN      -NaN      -NaN            0.00      0.00
  6187  1097    9700.0    127.77-NaN      -NaN      -NaN            0.00      0.00
  6187  1096    9600.0    127.48-NaN      -NaN      -NaN            0.00      0.00
  6187  1095    9500.0    127.57-NaN      -NaN      -NaN            0.00      0.00
  6187  1094    9400.0    127.38-NaN      -NaN      -NaN            0.00      0.00
  6187  1093    9300.0    127.14-NaN      -NaN      -NaN            0.00      0.00
  6187  1092    9200.0    127.09-NaN      -NaN      -NaN            0.00      0.00
  6187  1091    9100.0    126.83-NaN      -NaN      -NaN            0.00      0.00
  6187  1090    9000.0    127.40-NaN      -NaN      -NaN            0.00      0.00
  6187  1089    8900.0    127.25-NaN      -NaN      -NaN            0.00      0.00
  6187  1088    8800.0    126.94-NaN      -NaN      -NaN            0.00      0.00
  6187  1087    8700.0    127.08-NaN      -NaN      -NaN            0.00      0.00
  6187  1086    8600.0    126.14-NaN      -NaN      -NaN            0.00      0.00
  6187  1085    8500.0    125.90-NaN      -NaN      -NaN            0.00      0.00
  6187  1084    8400.0    126.09-NaN      -NaN      -NaN            0.00      0.00
  6187  1083    8300.0    126.11-NaN      -NaN      -NaN            0.00      0.00
  6187  1082    8200.0    126.22-NaN      -NaN      -NaN            0.00      0.00
  6187  1081    8100.0    125.92-NaN      -NaN      -NaN            0.00      0.00
  6187  1080    8000.0    126.84-NaN      -NaN      -NaN            0.00      0.00
  6187  1079    7900.0    126.57-NaN      -NaN      -NaN            0.00      0.00
  6187  1078    7800.0    126.32-NaN      -NaN      -NaN            0.00      0.00
  6187  1077    7700.0    125.53-NaN      -NaN      -NaN            0.00      0.00
  6187  1076    7600.0    124.90-NaN      -NaN      -NaN            0.00      0.00
  6187  1075    7500.0    125.25-NaN      -NaN      -NaN            0.00      0.00
  6187  1074    7400.0    124.70-NaN      -NaN      -NaN            0.00      0.00
  6187  1073    7300.0    124.26-NaN      -NaN      -NaN            0.00      0.00
  6187  1072    7200.0    124.43-NaN      -NaN      -NaN            0.00      0.00
  6187  1071    7100.0    124.62-NaN      -NaN      -NaN            0.00      0.00
  6187  1070    7000.0    125.16-NaN      -NaN      -NaN            0.00      0.00
  6187  1069    6900.0    125.50-NaN      -NaN      -NaN            0.00      0.00
  6187  1068    6800.0    125.74-NaN      -NaN      -NaN            0.00      0.00
  6187  1067    6700.0    125.51-NaN      -NaN      -NaN            0.00      0.00
  6187  1066    6600.0    125.42-NaN      -NaN      -NaN            0.00      0.00
  6187  1065    6500.0    125.05-NaN      -NaN      -NaN            0.00      0.00
  6187  1064    6400.0    125.24-NaN      -NaN      -NaN            0.00      0.00
  6187  1063    6300.0    125.22-NaN      -NaN      -NaN            0.00      0.00
  6187  1062    6200.0    125.67-NaN      -NaN      -NaN            0.00      0.00
  6187  1061    6100.0    125.45-NaN      -NaN      -NaN            0.00      0.00
  6187  1060    6000.0    125.34-NaN      -NaN      -NaN            0.00      0.00
  6187  1059    5900.0    125.23-NaN      -NaN      -NaN            0.00      0.00
  6187  1058    5800.0    124.53-NaN      -NaN      -NaN            0.00      0.00
  6187  1057    5700.0    124.53-NaN      -NaN      -NaN            0.00      0.00
  6187  1056    5600.0    123.44-NaN      -NaN      -NaN            0.00      0.00
  6187  1055    5500.0    123.41-NaN      -NaN      -NaN            0.00      0.00
  6187  1054    5400.0    123.62-NaN      -NaN      -NaN            0.00      0.00
  6187  1053    5300.0    123.67-NaN      -NaN      -NaN            0.00      0.00
  6187  1052    5200.0    124.39-NaN      -NaN      -NaN            0.00      0.00
  6187  1051    5100.0    124.13-NaN      -NaN      -NaN            0.00      0.00
  6187  1050    5000.0    124.67-NaN      -NaN      -NaN            0.00      0.00
  6187  1049    4900.0    124.66-NaN      -NaN      -NaN            0.00      0.00
  6187  1048    4800.0    124.63-NaN      -NaN      -NaN            0.00      0.00
  6187  1047    4700.0    124.82-NaN      -NaN      -NaN            0.00      0.00
  6187  1046    4600.0    124.82-NaN      -NaN      -NaN            0.00      0.00
  6187  1045    4500.0    125.01-NaN      -NaN      -NaN            0.00      0.00
  6187  1044    4400.0    124.54-NaN      -NaN      -NaN            0.00      0.00
  6187  1043    4300.0    124.94-NaN      -NaN      -NaN            0.00      0.00
  6187  1042    4200.0    124.72-NaN      -NaN      -NaN            0.00      0.00
  6187  1041    4100.0    124.36-NaN      -NaN      -NaN            0.00      0.00
  6187  1040    4000.0    124.64-NaN      -NaN      -NaN            0.00      0.00
  6187  1039    3900.0    124.47-NaN      -NaN      -NaN            0.00      0.00
  6187  1038    3800.0    124.35-NaN      -NaN      -NaN            0.00      0.00
  6187  1037    3700.0    123.81-NaN      -NaN      -NaN            0.00      0.00
  6187  1036    3600.0    123.22-NaN      -NaN      -NaN            0.00      0.00
  6187  1035    3500.0    123.38-NaN      -NaN      -NaN            0.00      0.00
  6187  1034    3400.0    123.77-NaN      -NaN      -NaN            0.00      0.00
  6187  1033    3300.0    123.37-NaN      -NaN      -NaN            0.00      0.00
  6187  1032    3200.0    122.98-NaN      -NaN      -NaN            0.00      0.00
  6187  1031    3100.0    122.60-NaN      -NaN      -NaN            0.00      0.00
  6187  1030    3000.0    122.10-NaN      -NaN      -NaN            0.00      0.00
  6187  1029    2900.0    121.58-NaN      -NaN      -NaN            0.00      0.00
  6187  1028    2800.0    121.31-NaN      -NaN      -NaN            0.00      0.00
  6187  1027    2700.0    121.68-NaN      -NaN      -NaN            0.00      0.00
  6187  1026    2600.0    122.54-NaN      -NaN      -NaN            0.00      0.00
  6187  1025    2500.0    121.82-NaN      -NaN      -NaN            0.00      0.00
  6187  1024    2400.0    122.78-NaN      -NaN      -NaN            0.00      0.00
  6187  1023    2300.0    122.68-NaN      -NaN      -NaN            0.00      0.00
  6187  1022    2200.0    122.87-NaN      -NaN      -NaN            0.00      0.00
  6187  1021    2100.0    123.25-NaN      -NaN      -NaN            0.00      0.00
  6187  1020    2000.0    123.51-NaN      -NaN      -NaN            0.00      0.00
  6187  1019    1900.0    122.78-NaN      -NaN      -NaN            0.00      0.00
  6187  1018    1800.0    124.08-NaN      -NaN      -NaN            0.00      0.00
  6187  1017    1700.0    123.89-NaN      -NaN      -NaN            0.00      0.00
  6187  1016    1600.0    123.68-NaN      -NaN      -NaN            0.00      0.00
  6187  1015    1500.0    123.31-NaN      -NaN      -NaN            0.00      0.00
  6187  1014    1400.0    124.23-NaN      -NaN      -NaN            0.00      0.00
  6187  1013    1300.0    124.05-NaN      -NaN      -NaN            0.00      0.00
  6187  1012    1200.0    123.21-NaN      -NaN      -NaN            0.00      0.00
  6187  1011    1100.0    122.92-NaN      -NaN      -NaN            0.00      0.00
  6187  1010    1000.0    123.37-NaN      -NaN      -NaN            0.00      0.00
  6187  1009     900.0    124.07-NaN      -NaN      -NaN            0.00      0.00
  6187  1008     800.0    123.52-NaN      -NaN      -NaN            0.00      0.00
  6187  1007     700.0    125.30-NaN      -NaN      -NaN            0.00      0.00
  6187  1006     600.0    125.68-NaN      -NaN      -NaN            0.00      0.00
  6187  1005     500.0    126.17-NaN      -NaN      -NaN            0.00      0.00
  6187  1004     400.0    126.04-NaN      -NaN      -NaN            0.00      0.00
  6187  1003     300.0    126.62-NaN      -NaN      -NaN            0.00      0.00
  6187  1002     200.0    126.80-NaN      -NaN      -NaN            0.00      0.00
  6187  1001     100.0    125.89-NaN      -NaN      -NaN            0.00      0.00
  6187  1000       0.0    122.76-NaN      -NaN      -NaN            0.00      0.00
