1223 4   0.00  17.52   0.00   0.00  2369. 115.36 0.0286  9.1751500.0016.580.000   0.000   0.000  0.0000   0.000  0.0000   0.000  0.0000   0.000  0.0000   0.000  0.0000   0.000  0.0000   0.000  0.0000  0.00131186
1222 4   0.00  14.00   0.00   0.00  2300. 117.72 0.0286  7.3201500.0013.850.000   0.000   0.000  0.0000   0.000  0.0000   0.000  0.0000   0.000  0.0000   0.000  0.0000   0.000  0.0000   0.000  0.0000  0.00016385
1221 4   0.00  20.88   0.00   0.00  2200. 110.77 0.0286 14.3421500.0019.440.000   0.000   0.000  0.0000   0.000  0.0000   0.000  0.0000   0.000  0.0000   0.000  0.0000   0.000  0.0000   0.000  0.0000  0.00002487
1220 4   0.00  14.91   0.00   0.00  2098. 116.61 0.0286  8.4841500.0113.720.000   0.000   0.000  0.0000   0.000  0.0000   0.000  0.0000   0.000  0.0000   0.000  0.0000   0.000  0.0000   0.000  0.0000  0.00005767
1219 4   0.00  13.44   0.00   0.00  1997. 118.07 0.0286  7.0031500.0112.140.000   0.000   0.000  0.0000   0.000  0.0000   0.000  0.0000   0.000  0.0000   0.000  0.0000   0.000  0.0000   0.000  0.0000  0.00009462
1218 4   0.00  13.57   0.00   0.00  1897. 117.96 0.0286  7.1071500.0112.320.000   0.000   0.000  0.0000   0.000  0.0000   0.000  0.0000   0.000  0.0000   0.000  0.0000   0.000  0.0000   0.000  0.0000  0.00008635
1217 4   0.00  14.17   0.00   0.00  1796. 117.06 0.0286  8.0081500.0113.190.000   0.000   0.000  0.0000   0.000  0.0000   0.000  0.0000   0.000  0.0000   0.000  0.0000   0.000  0.0000   0.000  0.0000  0.00006097
1216 4   0.00  13.91   0.00   0.00  1696. 117.28 0.0286  7.7821500.0213.060.000   0.000   0.000  0.0000   0.000  0.0000   0.000  0.0000   0.000  0.0000   0.000  0.0000   0.000  0.0000   0.000  0.0000  0.00006266
1215 4   0.00  13.80   0.00   0.00  1595. 117.22 0.0286  7.8431500.0213.080.000   0.000   0.000  0.0000   0.000  0.0000   0.000  0.0000   0.000  0.0000   0.000  0.0000   0.000  0.0000   0.000  0.0000  0.00005598
1214 4   0.00  14.86   0.00   0.00  1485. 116.29 0.0286  8.7751500.0213.980.000   0.000   0.000  0.0000   0.000  0.0000   0.000  0.0000   0.000  0.0000   0.000  0.0000   0.000  0.0000   0.000  0.0000  0.00003645
1213 4   0.00  14.38   0.00   0.00  1374. 116.47 0.0286  8.5901500.0313.800.000   0.000   0.000  0.0000   0.000  0.0000   0.000  0.0000   0.000  0.0000   0.000  0.0000   0.000  0.0000   0.000  0.0000  0.00003832
1212 4   0.00  13.47   0.00   0.00  1268. 116.96 0.0286  8.0901500.0313.280.000   0.000   0.000  0.0000   0.000  0.0000   0.000  0.0000   0.000  0.0000   0.000  0.0000   0.000  0.0000   0.000  0.0000  0.00004786
1211 4   0.00  17.21   0.00   0.00  1171. 116.74 0.0286  8.2961500.0413.370.000   0.000   0.000  0.0000   0.000  0.0000   0.000  0.0000   0.000  0.0000   0.000  0.0000   0.000  0.0000   0.000  0.0000  0.00006091
1210 4   0.00  19.17   0.00   0.00  1068. 117.56 0.0286  7.4501500.0412.400.000   0.000   0.000  0.0000   0.000  0.0000   0.000  0.0000   0.000  0.0000   0.000  0.0000   0.000  0.0000   0.000  0.0000  0.00009375
1209 4   0.00  18.96   0.00   0.00   958. 117.63 0.0286  7.3581500.0412.500.000   0.000   0.000  0.0000   0.000  0.0000   0.000  0.0000   0.000  0.0000   0.000  0.0000   0.000  0.0000   0.000  0.0000  0.00010691
1208 4   0.00  18.43   0.00   0.00   856. 117.12 0.0286  7.8341500.0413.030.000   0.000   0.000  0.0000   0.000  0.0000   0.000  0.0000   0.000  0.0000   0.000  0.0000   0.000  0.0000   0.000  0.0000  0.00014605
1207 4   0.00  17.48   0.00   0.00   754. 117.71 0.0286  7.2141500.0512.410.000   0.000   0.000  0.0000   0.000  0.0000   0.000  0.0000   0.000  0.0000   0.000  0.0000   0.000  0.0000   0.000  0.0000  0.00017046
1206 4   0.00  13.64   0.00   0.00   645. 116.40 0.0286  8.5201500.0513.540.000   0.000   0.000  0.0000   0.000  0.0000   0.000  0.0000   0.000  0.0000   0.000  0.0000   0.000  0.0000   0.000  0.0000  0.00013685
1205 4   0.00  14.85   0.00   0.00   545. 116.12 0.0286  8.7831500.0513.730.000   0.000   0.000  0.0000   0.000  0.0000   0.000  0.0000   0.000  0.0000   0.000  0.0000   0.000  0.0000   0.000  0.0000  0.00014239
1204 4   0.00  13.51   0.00   0.00   448. 117.32 0.0286  7.5531500.0512.460.000   0.000   0.000  0.0000   0.000  0.0000   0.000  0.0000   0.000  0.0000   0.000  0.0000   0.000  0.0000   0.000  0.0000  0.00016565
1203 4   0.00  13.64   0.00   0.00   343. 116.73 0.0286  8.1451500.0512.840.000   0.000   0.000  0.0000   0.000  0.0000   0.000  0.0000   0.000  0.0000   0.000  0.0000   0.000  0.0000   0.000  0.0000  0.00013940
1202 4   0.00  14.17   0.00   0.00   247. 116.17 0.0286  8.7011500.0511.300.000   0.000   0.000  0.0000   0.000  0.0000   0.000  0.0000   0.000  0.0000   0.000  0.0000   0.000  0.0000   0.000  0.0000  0.00011837
1201 4   0.00  10.47   0.00   0.00   138. 116.83 0.0286  8.0441500.0610.370.000   0.000   0.000  0.0000   0.000  0.0000   0.000  0.0000   0.000  0.0000   0.000  0.0000   0.000  0.0000   0.000  0.0000  0.00011301
1190 4   0.00  17.06   0.00   0.00 31096. 121.11 0.0286  3.818  39.2916.900.000 125.539 125.914  0.0270 126.664  0.0260   0.000  0.0000   0.000  0.0000   0.000  0.0000   0.000  0.0000   0.000  0.0000  0.00000259
1189 4   0.00  14.38   0.00   0.00 30995. 117.72 0.0286  7.208  39.29 0.240.000 125.544 125.919  0.0270 126.669  0.0260   0.000  0.0000   0.000  0.0000   0.000  0.0000   0.000  0.0000   0.000  0.0000  0.00000052
1188 4   0.00  21.30   0.00   0.00 30895. 110.79 0.0286 14.138  39.29 0.030.000 125.547 125.922  0.0270 126.672  0.0260   0.000  0.0000   0.000  0.0000   0.000  0.0000   0.000  0.0000   0.000  0.0000  0.00000006
1187 4   0.00  15.61   0.00   0.00 30795. 116.58 0.0286  8.348  39.30 0.240.000 125.544 125.919  0.0270 126.669  0.0260   0.000  0.0000   0.000  0.0000   0.000  0.0000   0.000  0.0000   0.000  0.0000  0.00000047
1186 4   0.00  11.60   0.00   0.00 30694. 120.50 0.0286  4.428  39.30 1.160.000 125.541 125.916  0.0270 126.666  0.0260   0.000  0.0000   0.000  0.0000   0.000  0.0000   0.000  0.0000   0.000  0.0000  0.00000115
1185 4   0.00  11.54   0.00   0.00 30594. 120.23 0.0286  4.698  39.3111.280.000 125.539 125.914  0.0270 126.664  0.0260   0.000  0.0000   0.000  0.0000   0.000  0.0000   0.000  0.0000   0.000  0.0000  0.00000058
1184 4   0.00  12.28   0.00   0.00 30493. 119.25 0.0286  5.677  39.3112.040.000 125.538 125.913  0.0270 126.663  0.0260   0.000  0.0000   0.000  0.0000   0.000  0.0000   0.000  0.0000   0.000  0.0000  0.00000049
1183 4   0.00  14.30   0.00   0.00 30393. 117.17 0.0286  7.757  39.3114.030.000 125.536 125.911  0.0270 126.661  0.0260   0.000  0.0000   0.000  0.0000   0.000  0.0000   0.000  0.0000   0.000  0.0000  0.00000041
1182 4   0.00  15.41   0.00   0.00 30293. 115.88 0.0286  9.047  39.3115.210.000 125.536 125.911  0.0270 126.661  0.0260   0.000  0.0000   0.000  0.0000   0.000  0.0000   0.000  0.0000   0.000  0.0000  0.00000029
1181 4   0.00  13.78   0.00   0.00 30193. 117.47 0.0286  7.457  39.3113.650.000 125.536 125.911  0.0270 126.661  0.0260   0.000  0.0000   0.000  0.0000   0.000  0.0000   0.000  0.0000   0.000  0.0000  0.00000026
1180 4   0.00  11.84   0.00   0.00 30093. 119.15 0.0286  5.777  39.3211.700.000 125.535 125.910  0.0270 126.660  0.0260   0.000  0.0000   0.000  0.0000   0.000  0.0000   0.000  0.0000   0.000  0.0000  0.00000032
1179 4   0.00  10.85   0.00   0.00 29992. 120.20 0.0286  4.727  39.32 7.600.000 125.534 125.909  0.0270 126.659  0.0260   0.000  0.0000   0.000  0.0000   0.000  0.0000   0.000  0.0000   0.000  0.0000  0.00000039
1178 4   0.00  10.70   0.00   0.00 29896. 120.14 0.0286  4.787  39.32 7.480.000 125.531 125.906  0.0270 126.656  0.0260   0.000  0.0000   0.000  0.0000   0.000  0.0000   0.000  0.0000   0.000  0.0000  0.00000063
1177 4   0.00  10.28   0.00   0.00 29796. 120.39 0.0286  4.537  39.32 7.050.000 125.530 125.905  0.0270 126.655  0.0260   0.000  0.0000   0.000  0.0000   0.000  0.0000   0.000  0.0000   0.000  0.0000  0.00000061
1176 4   0.00  10.02   0.00   0.00 29696. 120.59 0.0286  4.337  39.33 6.480.000 125.528 125.903  0.0270 126.653  0.0260   0.000  0.0000   0.000  0.0000   0.000  0.0000   0.000  0.0000   0.000  0.0000  0.00000069
1175 4   0.00   9.79   0.00   0.00 29595. 120.73 0.0286  4.197  39.33 6.270.000 125.527 125.902  0.0270 126.652  0.0260   0.000  0.0000   0.000  0.0000   0.000  0.0000   0.000  0.0000   0.000  0.0000  0.00000065
1174 4   0.00  10.05   0.00   0.00 29494. 120.30 0.0286  4.627  39.33 6.560.000 125.525 125.900  0.0270 126.650  0.0260   0.000  0.0000   0.000  0.0000   0.000  0.0000   0.000  0.0000   0.000  0.0000  0.00000074
1173 4   0.00   9.81   0.00   0.00 29393. 120.44 0.0286  4.487  39.33 6.710.000 125.523 125.898  0.0270 126.648  0.0260   0.000  0.0000   0.000  0.0000   0.000  0.0000   0.000  0.0000   0.000  0.0000  0.00000075
1172 4   0.00   9.92   0.00   0.00 29290. 120.35 0.0286  4.577  39.34 6.890.000 125.522 125.897  0.0270 126.647  0.0260   0.000  0.0000   0.000  0.0000   0.000  0.0000   0.000  0.0000   0.000  0.0000  0.00000065
1171 4   0.00   9.90   0.00   0.00 29192. 120.33 0.0286  4.597  39.34 6.830.000 125.520 125.895  0.0270 126.645  0.0260   0.000  0.0000   0.000  0.0000   0.000  0.0000   0.000  0.0000   0.000  0.0000  0.00000056
1170 4   0.00   9.66   0.00   0.00 29092. 120.48 0.0286  4.447  39.34 6.810.000 125.519 125.894  0.0270 126.644  0.0260   0.000  0.0000   0.000  0.0000   0.000  0.0000   0.000  0.0000   0.000  0.0000  0.00000060
1169 4   0.00   9.72   0.00   0.00 28992. 120.22 0.0286  4.707  39.34 6.800.000 125.518 125.893  0.0270 126.643  0.0260   0.000  0.0000   0.000  0.0000   0.000  0.0000   0.000  0.0000   0.000  0.0000  0.00000053
1168 4   0.00   9.99   0.00   0.00 28892. 119.98 0.0286  4.947  39.35 7.180.000 125.516 125.891  0.0270 126.641  0.0260   0.000  0.0000   0.000  0.0000   0.000  0.0000   0.000  0.0000   0.000  0.0000  0.00000059
1167 4   0.00  13.17   0.00   0.00 28776. 116.71 0.0286  8.217  39.3512.660.000 125.518 125.893  0.0270 126.643  0.0260   0.000  0.0000   0.000  0.0000   0.000  0.0000   0.000  0.0000   0.000  0.0000  0.00000003
1166 4   0.00  13.62   0.00   0.00 28677. 116.28 0.0286  8.6041539.4112.970.000 125.471 125.846  0.0270 126.596  0.0260   0.000  0.0000   0.000  0.0000   0.000  0.0000   0.000  0.0000   0.000  0.0000  0.00008521
1165 4   0.00  12.16   0.00   0.00 28577. 117.67 0.0286  7.1911539.4111.550.000 125.446 125.821  0.0270 126.571  0.0260   0.000  0.0000   0.000  0.0000   0.000  0.0000   0.000  0.0000   0.000  0.0000  0.00012342
1164 4   0.00  12.37   0.00   0.00 28479. 117.28 0.0286  7.5641539.4111.990.000 125.427 125.802  0.0270 126.552  0.0260   0.000  0.0000   0.000  0.0000   0.000  0.0000   0.000  0.0000   0.000  0.0000  0.00012372
1163 4   0.00  11.43   0.00   0.00 28383. 118.18 0.0286  6.6471539.4211.030.000 125.407 125.782  0.0270 126.532  0.0260   0.000  0.0000   0.000  0.0000   0.000  0.0000   0.000  0.0000   0.000  0.0000  0.00012985
1162 4   0.00  11.65   0.00   0.00 28287. 117.97 0.0286  6.8391539.4211.190.000 125.387 125.762  0.0270 126.512  0.0260   0.000  0.0000   0.000  0.0000   0.000  0.0000   0.000  0.0000   0.000  0.0000  0.00013053
1161 4   0.00  11.08   0.00   0.00 28193. 118.38 0.0286  6.4111539.4210.670.000 125.367 125.742  0.0270 126.492  0.0260   0.000  0.0000   0.000  0.0000   0.000  0.0000   0.000  0.0000   0.000  0.0000  0.00012975
1160 4   0.00  11.45   0.00   0.00 28095. 117.93 0.0286  6.8471539.4211.210.000 125.350 125.725  0.0270 126.475  0.0260   0.000  0.0000   0.000  0.0000   0.000  0.0000   0.000  0.0000   0.000  0.0000  0.00013065
1159 4   0.00  12.20   0.00   0.00 27995. 117.19 0.0286  7.5831539.4311.900.000 125.346 125.721  0.0270 126.471  0.0260   0.000  0.0000   0.000  0.0000   0.000  0.0000   0.000  0.0000   0.000  0.0000  0.00010761
1158 4   0.00  11.59   0.00   0.00 27895. 117.70 0.0286  7.0571539.4311.390.000 125.329 125.704  0.0270 126.454  0.0260   0.000  0.0000   0.000  0.0000   0.000  0.0000   0.000  0.0000   0.000  0.0000  0.00011968
1157 4   0.00  10.94   0.00   0.00 27796. 118.13 0.0286  6.6301539.4310.870.000 125.333 125.708  0.0270 126.458  0.0260   0.000  0.0000   0.000  0.0000   0.000  0.0000   0.000  0.0000   0.000  0.0000  0.00010479
1156 4   0.00  11.08   0.00   0.00 27696. 118.08 0.0286  6.6511539.4310.970.000 125.300 125.675  0.0270 126.425  0.0260   0.000  0.0000   0.000  0.0000   0.000  0.0000   0.000  0.0000   0.000  0.0000  0.00013329
1155 4   0.00  11.07   0.00   0.00 27595. 118.00 0.0286  6.7191539.4410.950.000 125.286 125.661  0.0270 126.411  0.0260   0.000  0.0000   0.000  0.0000   0.000  0.0000   0.000  0.0000   0.000  0.0000  0.00012719
1154 4   0.00  10.91   0.00   0.00 27495. 118.19 0.0286  6.5141539.4410.730.000 125.269 125.644  0.0270 126.394  0.0260   0.000  0.0000   0.000  0.0000   0.000  0.0000   0.000  0.0000   0.000  0.0000  0.00013295
1153 4   0.00  10.66   0.00   0.00 27394. 118.43 0.0286  6.2571539.4410.500.000 125.250 125.625  0.0270 126.375  0.0260   0.000  0.0000   0.000  0.0000   0.000  0.0000   0.000  0.0000   0.000  0.0000  0.00014306
1152 4   0.00  10.49   0.00   0.00 27294. 118.52 0.0286  6.1531539.4410.390.000 125.235 125.610  0.0270 126.360  0.0260   0.000  0.0000   0.000  0.0000   0.000  0.0000   0.000  0.0000   0.000  0.0000  0.00014146
1151 4   0.00  10.86   0.00   0.00 27194. 118.08 0.0286  6.5821539.4410.820.000 125.223 125.598  0.0270 126.348  0.0260   0.000  0.0000   0.000  0.0000   0.000  0.0000   0.000  0.0000   0.000  0.0000  0.00013237
1150 4   0.00  10.61   0.00   0.00 27093. 118.51 0.0286  6.1321539.4510.360.000 125.201 125.576  0.0270 126.326  0.0260   0.000  0.0000   0.000  0.0000   0.000  0.0000   0.000  0.0000   0.000  0.0000  0.00015027
1149 4   0.00  10.56   0.00   0.00 26993. 118.43 0.0286  6.2021539.4510.470.000 125.189 125.564  0.0270 126.314  0.0260   0.000  0.0000   0.000  0.0000   0.000  0.0000   0.000  0.0000   0.000  0.0000  0.00013740
1148 4   0.00  10.49   0.00   0.00 26893. 118.46 0.0286  6.1551539.4510.420.000 125.171 125.546  0.0270 126.296  0.0260   0.000  0.0000   0.000  0.0000   0.000  0.0000   0.000  0.0000   0.000  0.0000  0.00014490
1147 4   0.00  10.39   0.00   0.00 26791. 118.61 0.0286  5.9971539.4510.210.000 125.161 125.536  0.0270 126.286  0.0260   0.000  0.0000   0.000  0.0000   0.000  0.0000   0.000  0.0000   0.000  0.0000  0.00012937
1146 4   0.00  10.20   0.00   0.00 26693. 118.70 0.0286  5.8921539.4510.100.000 125.145 125.520  0.0270 126.270  0.0260   0.000  0.0000   0.000  0.0000   0.000  0.0000   0.000  0.0000   0.000  0.0000  0.00013470
1145 4   0.00   9.92   0.00   0.00 26594. 118.82 0.0286  5.7581539.46 6.580.000 125.129 125.504  0.0270 126.254  0.0260   0.000  0.0000   0.000  0.0000   0.000  0.0000   0.000  0.0000   0.000  0.0000  0.00013977
1144 4   0.00   9.78   0.00   0.00 26488. 119.12 0.0286  5.4411539.46 9.570.000 125.110 125.485  0.0270 126.235  0.0260   0.000  0.0000   0.000  0.0000   0.000  0.0000   0.000  0.0000   0.000  0.0000  0.00015283
1143 4   0.00   9.95   0.00   0.00 26393. 118.85 0.0286  5.6911539.46 9.760.000 125.087 125.462  0.0270 126.212  0.0260   0.000  0.0000   0.000  0.0000   0.000  0.0000   0.000  0.0000   0.000  0.0000  0.00015805
1142 4   0.00  10.47   0.00   0.00 26293. 118.21 0.0286  6.3181539.4610.390.000 125.073 125.448  0.0270 126.198  0.0260   0.000  0.0000   0.000  0.0000   0.000  0.0000   0.000  0.0000   0.000  0.0000  0.00015149
1141 4   0.00  10.50   0.00   0.00 26193. 118.08 0.0286  6.4351539.4610.410.000 125.058 125.433  0.0270 126.183  0.0260   0.000  0.0000   0.000  0.0000   0.000  0.0000   0.000  0.0000   0.000  0.0000  0.00014651
1140 4   0.00  10.18   0.00   0.00 26096. 118.36 0.0286  6.1391539.4710.090.000 125.040 125.415  0.0270 126.165  0.0260   0.000  0.0000   0.000  0.0000   0.000  0.0000   0.000  0.0000   0.000  0.0000  0.00015147
1139 4   0.00  10.10   0.00   0.00 26000. 118.46 0.0286  6.0261539.4710.000.000 125.026 125.401  0.0270 126.151  0.0260   0.000  0.0000   0.000  0.0000   0.000  0.0000   0.000  0.0000   0.000  0.0000  0.00014559
1138 4   0.00   9.82   0.00   0.00 25903. 118.65 0.0286  5.8211539.47 9.730.000 125.009 125.384  0.0270 126.134  0.0260   0.000  0.0000   0.000  0.0000   0.000  0.0000   0.000  0.0000   0.000  0.0000  0.00014843
1137 4   0.00   9.63   0.00   0.00 25806. 118.78 0.0286  5.6741539.47 9.600.000 124.990 125.365  0.0270 126.115  0.0260   0.000  0.0000   0.000  0.0000   0.000  0.0000   0.000  0.0000   0.000  0.0000  0.00015621
1136 4   0.00   9.86   0.00   0.00 25710. 118.61 0.0286  5.8271539.47 9.750.000 124.971 125.346  0.0270 126.096  0.0260   0.000  0.0000   0.000  0.0000   0.000  0.0000   0.000  0.0000   0.000  0.0000  0.00016275
1135 4   0.00   9.42   0.00   0.00 25613. 118.98 0.0286  5.4381539.48 9.360.000 124.949 125.324  0.0270 126.074  0.0260   0.000  0.0000   0.000  0.0000   0.000  0.0000   0.000  0.0000   0.000  0.0000  0.00017186
1134 4   0.00   9.68   0.00   0.00 25520. 118.65 0.0286  5.7501539.48 6.960.000 124.928 125.303  0.0270 126.053  0.0260   0.000  0.0000   0.000  0.0000   0.000  0.0000   0.000  0.0000   0.000  0.0000  0.00017785
1133 4 100.00  11.36   2.86   2.86 25420. 116.97 0.0286  7.4281539.4811.280.000 124.926 125.301  0.0270 126.051  0.0260   0.000  0.0000   0.000  0.0000   0.000  0.0000   0.000  0.0000   0.000  0.0000  0.00013750
1132 4 100.00  11.61   2.86   2.86 25320. 116.71 0.0286  7.6731539.4811.480.000 124.909 125.284  0.0270 126.034  0.0260   0.000  0.0000   0.000  0.0000   0.000  0.0000   0.000  0.0000   0.000  0.0000  0.00013654
1131 4 100.00  11.96   2.86   2.86 25220. 116.30 0.0294  8.0701539.4811.820.000 124.000 124.500  0.0270 126.020  0.0260   0.000  0.0000   0.000  0.0000   0.000  0.0000   0.000  0.0000   0.000  0.0000  0.00012643
5130 5 100.00  11.81   2.86   2.86 25170. 116.51 0.0294  7.8541539.4811.430.000 124.000 124.500  0.0270 126.014  0.0260   0.000  0.0000   0.000  0.0000   0.000  0.0000   0.000  0.0000   0.000  0.0000  0.00012671
1130 4 100.00  11.65   2.86   2.86 25120. 116.72 0.0294  7.6381539.4811.430.000 124.000 124.500  0.0270 126.007  0.0260   0.000  0.0000   0.000  0.0000   0.000  0.0000   0.000  0.0000   0.000  0.0000  0.00012711
1129 4 100.00  12.44   2.86   2.86 25020. 115.69 0.0294  8.6561539.4912.340.000 124.000 124.500  0.0270 125.994  0.0260   0.000  0.0000   0.000  0.0000   0.000  0.0000   0.000  0.0000   0.000  0.0000  0.00012757
1128 4 100.00  11.48   2.86   2.86 24920. 116.73 0.0294  7.6051539.4911.310.000 124.000 124.500  0.0270 125.982  0.0260   0.000  0.0000   0.000  0.0000   0.000  0.0000   0.000  0.0000   0.000  0.0000  0.00012306
1127 4 100.00  14.65   2.86   2.86 24820. 113.55 0.0294 10.7871539.4914.440.000 124.000 124.500  0.0270 125.986  0.0260   0.000  0.0000   0.000  0.0000   0.000  0.0000   0.000  0.0000   0.000  0.0000  0.00008866
1126 4 100.00  11.25   2.86   2.86 24720. 116.87 0.0294  7.4481539.4911.110.000 124.000 124.500  0.0270 125.964  0.0260   0.000  0.0000   0.000  0.0000   0.000  0.0000   0.000  0.0000   0.000  0.0000  0.00011236
1125 4 100.00  12.27   2.86   2.86 24620. 115.88 0.0294  8.4291539.5012.160.000 124.000 124.500  0.0270 125.954  0.0260   0.000  0.0000   0.000  0.0000   0.000  0.0000   0.000  0.0000   0.000  0.0000  0.00010773
1124 4 100.00  10.98   2.86   2.86 24520. 117.16 0.0294  7.1381539.5010.800.000 124.000 124.500  0.0270 125.942  0.0260   0.000  0.0000   0.000  0.0000   0.000  0.0000   0.000  0.0000   0.000  0.0000  0.00011083
1123 4 100.00  10.38   2.86   2.86 24420. 117.65 0.0294  6.6211539.5010.240.000 124.000 124.500  0.0270 125.912  0.0260   0.000  0.0000   0.000  0.0000   0.000  0.0000   0.000  0.0000   0.000  0.0000  0.00014974
1122 4 100.00  11.43   2.86   2.86 24320. 116.53 0.0294  7.7391539.5011.390.000 124.000 124.500  0.0270 125.911  0.0260   0.000  0.0000   0.000  0.0000   0.000  0.0000   0.000  0.0000   0.000  0.0000  0.00011591
1121 4 100.00  12.29   2.86   2.86 24220. 115.64 0.0294  8.6261539.5012.230.000 124.000 124.500  0.0270 125.908  0.0260   0.000  0.0000   0.000  0.0000   0.000  0.0000   0.000  0.0000   0.000  0.0000  0.00009503
1120 4 100.00  11.98   2.86   2.86 24120. 115.84 0.0294  8.4121539.5011.920.000 124.000 124.500  0.0270 125.892  0.0260   0.000  0.0000   0.000  0.0000   0.000  0.0000   0.000  0.0000   0.000  0.0000  0.00010725
1119 4 100.00   9.93   2.86   2.86 24020. 118.00 0.0294  6.2361539.51 9.780.000 124.000 124.500  0.0270 125.874  0.0260   0.000  0.0000   0.000  0.0000   0.000  0.0000   0.000  0.0000   0.000  0.0000  0.00012169
1118 4 100.00  10.10   2.86   2.86 23920. 117.69 0.0294  6.5371539.51 9.950.000 124.000 124.500  0.0270 125.864  0.0260   0.000  0.0000   0.000  0.0000   0.000  0.0000   0.000  0.0000   0.000  0.0000  0.00011590
5117 5 100.00  10.18   2.86   2.86 23875. 117.60 0.0294  6.6141539.5110.080.000 124.000 124.500  0.0270 125.855  0.0260   0.000  0.0000   0.000  0.0000   0.000  0.0000   0.000  0.0000   0.000  0.0000  0.00012269
1117 4 100.00  10.28   2.86   2.86 23820. 117.50 0.0294  6.7091539.5110.230.000 124.000 124.500  0.0270 125.843  0.0260   0.000  0.0000   0.000  0.0000   0.000  0.0000   0.000  0.0000   0.000  0.0000  0.00013146
1116 4 100.00  10.26   2.86   2.86 23720. 117.39 0.0294  6.8071539.5110.120.000 124.000 124.500  0.0270 125.830  0.0260   0.000  0.0000   0.000  0.0000   0.000  0.0000   0.000  0.0000   0.000  0.0000  0.00012728
1115 4 100.00  11.74   2.86   2.86 23620. 115.97 0.0294  8.2241539.5111.650.000 124.000 124.500  0.0270 125.827  0.0260   0.000  0.0000   0.000  0.0000   0.000  0.0000   0.000  0.0000   0.000  0.0000  0.00010461
1114 4 100.00  10.52   2.86   2.86 23520. 117.10 0.0294  7.0741539.5110.480.000 124.000 124.500  0.0270 125.804  0.0260   0.000  0.0000   0.000  0.0000   0.000  0.0000   0.000  0.0000   0.000  0.0000  0.00013000
1113 4 100.00  10.04   2.86   2.86 23420. 117.45 0.0294  6.7141539.52 9.990.000 124.000 124.500  0.0270 125.793  0.0260   0.000  0.0000   0.000  0.0000   0.000  0.0000   0.000  0.0000   0.000  0.0000  0.00012147
1112 4 100.00  10.05   2.86   2.86 23320. 117.40 0.0294  6.7501539.52 9.960.000 124.000 124.500  0.0270 125.778  0.0260   0.000  0.0000   0.000  0.0000   0.000  0.0000   0.000  0.0000   0.000  0.0000  0.00012707
1111 4 100.00   9.46   2.86   2.86 23220. 118.08 0.0294  6.0541539.52 9.400.000 124.000 124.500  0.0270 125.760  0.0260   0.000  0.0000   0.000  0.0000   0.000  0.0000   0.000  0.0000   0.000  0.0000  0.00013426
1110 4 100.00  10.01   2.86   2.86 23120. 117.35 0.0294  6.7791539.52 9.870.000 124.000 124.500  0.0270 125.755  0.0260   0.000  0.0000   0.000  0.0000   0.000  0.0000   0.000  0.0000   0.000  0.0000  0.00011428
1109 4 100.00   9.94   2.86   2.86 23020. 117.54 0.0294  6.5721539.52 9.800.000 124.000 124.500  0.0270 125.735  0.0260   0.000  0.0000   0.000  0.0000   0.000  0.0000   0.000  0.0000   0.000  0.0000  0.00013220
1108 4 100.00   9.94   2.86   2.86 22920. 117.54 0.0294  6.5591539.52 9.800.000 124.000 124.500  0.0270 125.720  0.0260   0.000  0.0000   0.000  0.0000   0.000  0.0000   0.000  0.0000   0.000  0.0000  0.00013382
1107 4 100.00  10.28   2.86   2.86 22820. 116.99 0.0294  7.0961539.5210.210.000 124.000 124.500  0.0270 125.706  0.0260   0.000  0.0000   0.000  0.0000   0.000  0.0000   0.000  0.0000   0.000  0.0000  0.00014031
1106 4 100.00  11.36   2.86   2.86 22720. 115.95 0.0294  8.1281539.5311.230.000 124.000 124.500  0.0270 125.697  0.0260   0.000  0.0000   0.000  0.0000   0.000  0.0000   0.000  0.0000   0.000  0.0000  0.00012138
1105 4 100.00  11.24   2.86   2.86 22620. 116.05 0.0294  8.0221539.5311.140.000 124.000 124.500  0.0270 125.690  0.0260   0.000  0.0000   0.000  0.0000   0.000  0.0000   0.000  0.0000   0.000  0.0000  0.00010508
1104 4 100.00  11.24   2.86   2.86 22520. 116.05 0.0294  8.0111539.5311.140.000 124.000 124.500  0.0270 125.678  0.0260   0.000  0.0000   0.000  0.0000   0.000  0.0000   0.000  0.0000   0.000  0.0000  0.00010609
1103 4 100.00   9.71   2.86   2.86 22420. 117.34 0.0294  6.7061539.53 9.650.000 124.000 124.500  0.0270 125.662  0.0260   0.000  0.0000   0.000  0.0000   0.000  0.0000   0.000  0.0000   0.000  0.0000  0.00011818
1102 4 100.00  10.23   2.86   2.86 22320. 116.96 0.0294  7.0801539.53 9.970.000 124.000 124.500  0.0270 125.654  0.0260   0.000  0.0000   0.000  0.0000   0.000  0.0000   0.000  0.0000   0.000  0.0000  0.00010411
1101 4 100.00   9.85   2.86   2.86 22220. 117.15 0.0312  6.8821539.53 9.810.000 124.000 124.500  0.0270 125.646  0.0260   0.000  0.0000   0.000  0.0000   0.000  0.0000   0.000  0.0000   0.000  0.0000  0.00010767
1100 4 100.00  10.62   2.86   2.86 22120. 116.31 0.0312  7.7101539.5410.580.000 124.000 124.500  0.0270 125.632  0.0260   0.000  0.0000   0.000  0.0000   0.000  0.0000   0.000  0.0000   0.000  0.0000  0.00011431
1099 4 100.00  11.16   2.86   2.86 22020. 115.81 0.0312  8.1951539.5411.090.000 124.000 124.500  0.0270 125.616  0.0260   0.000  0.0000   0.000  0.0000   0.000  0.0000   0.000  0.0000   0.000  0.0000  0.00012609
1098 4 100.00  11.21   2.86   2.86 21920. 115.64 0.0312  8.3631539.5411.070.000 124.000 124.500  0.0270 125.615  0.0260   0.000  0.0000   0.000  0.0000   0.000  0.0000   0.000  0.0000   0.000  0.0000  0.00010142
1097 4 100.00  13.20   2.86   2.86 21820. 113.58 0.0312 10.4051539.5413.070.000 124.000 124.500  0.0270 125.594  0.0260   0.000  0.0000   0.000  0.0000   0.000  0.0000   0.000  0.0000   0.000  0.0000  0.00011221
1096 4 100.00  11.71   2.86   2.86 21720. 115.06 0.0312  8.9111539.5411.650.000 124.000 124.500  0.0270 125.579  0.0260   0.000  0.0000   0.000  0.0000   0.000  0.0000   0.000  0.0000   0.000  0.0000  0.00012414
1095 4 100.00  11.16   2.86   2.86 21620. 115.64 0.0312  8.3151539.5411.050.000 124.000 124.500  0.0270 125.560  0.0260   0.000  0.0000   0.000  0.0000   0.000  0.0000   0.000  0.0000   0.000  0.0000  0.00013565
1094 4 100.00  11.47   2.86   2.86 21520. 115.16 0.0312  8.7821539.5411.410.000 124.000 124.500  0.0270 125.546  0.0260   0.000  0.0000   0.000  0.0000   0.000  0.0000   0.000  0.0000   0.000  0.0000  0.00013170
1093 4 100.00  11.69   2.86   2.86 21420. 114.90 0.0312  9.0281539.5511.660.000 124.000 124.500  0.0270 125.529  0.0260   0.000  0.0000   0.000  0.0000   0.000  0.0000   0.000  0.0000   0.000  0.0000  0.00013357
1092 4 100.00  11.64   2.86   2.86 21320. 114.90 0.0312  9.0131539.5511.580.000 124.000 124.500  0.0270 125.512  0.0260   0.000  0.0000   0.000  0.0000   0.000  0.0000   0.000  0.0000   0.000  0.0000  0.00013733
1091 4 100.00  12.62   2.86   2.86 21220. 114.01 0.0312  9.8921539.5512.490.000 124.000 124.500  0.0270 125.499  0.0260   0.000  0.0000   0.000  0.0000   0.000  0.0000   0.000  0.0000   0.000  0.0000  0.00012760
1090 4 100.00  11.44   2.86   2.86 21120. 115.04 0.0312  8.8541539.5511.410.000 124.000 124.500  0.0270 125.490  0.0260   0.000  0.0000   0.000  0.0000   0.000  0.0000   0.000  0.0000   0.000  0.0000  0.00011411
1089 4 100.00  11.77   2.86   2.86 21020. 114.70 0.0312  9.1861539.5511.580.000 124.000 124.500  0.0270 125.480  0.0260   0.000  0.0000   0.000  0.0000   0.000  0.0000   0.000  0.0000   0.000  0.0000  0.00010627
1088 4 100.00  10.40   2.86   2.86 20920. 116.05 0.0312  7.8251539.5510.290.000 124.000 124.500  0.0270 125.467  0.0260   0.000  0.0000   0.000  0.0000   0.000  0.0000   0.000  0.0000   0.000  0.0000  0.00010581
1087 4 100.00  10.51   2.86   2.86 20820. 115.81 0.0312  8.0591539.5510.470.000 124.000 124.500  0.0270 125.460  0.0260   0.000  0.0000   0.000  0.0000   0.000  0.0000   0.000  0.0000   0.000  0.0000  0.00009424
1086 4 100.00  10.30   2.86   2.86 20720. 115.92 0.0312  7.9321539.5510.240.000 124.000 124.500  0.0270 125.439  0.0260   0.000  0.0000   0.000  0.0000   0.000  0.0000   0.000  0.0000   0.000  0.0000  0.00011455
1085 4 100.00  10.28   2.86   2.86 20620. 115.98 0.0312  7.8651539.5510.220.000 124.000 124.500  0.0270 125.431  0.0260   0.000  0.0000   0.000  0.0000   0.000  0.0000   0.000  0.0000   0.000  0.0000  0.00010354
1084 4 100.00   9.60   2.86   2.86 20520. 116.48 0.0312  7.3661539.55 9.560.000 124.000 124.500  0.0270 125.432  0.0260   0.000  0.0000   0.000  0.0000   0.000  0.0000   0.000  0.0000   0.000  0.0000  0.00008176
1083 4 100.00  10.83   2.86   2.86 20420. 115.43 0.0312  8.4001539.5510.680.000 124.000 124.500  0.0270 125.414  0.0260   0.000  0.0000   0.000  0.0000   0.000  0.0000   0.000  0.0000   0.000  0.0000  0.00009547
1082 4 100.00  10.29   2.86   2.86 20320. 115.75 0.0312  8.0731539.5510.170.000 124.000 124.500  0.0270 125.405  0.0260   0.000  0.0000   0.000  0.0000   0.000  0.0000   0.000  0.0000   0.000  0.0000  0.00008917
1081 4 100.00  10.28   2.86   2.86 20220. 115.77 0.0312  8.0471539.5610.250.000 124.000 124.500  0.0270 125.398  0.0260   0.000  0.0000   0.000  0.0000   0.000  0.0000   0.000  0.0000   0.000  0.0000  0.00007998
1080 4 100.00  10.63   2.86   2.86 20120. 115.49 0.0312  8.3161539.5610.480.000 124.000 124.500  0.0270 125.384  0.0260   0.000  0.0000   0.000  0.0000   0.000  0.0000   0.000  0.0000   0.000  0.0000  0.00008905
1079 4 100.00   9.97   2.86   2.86 20020. 116.02 0.0312  7.7761539.56 9.910.000 124.000 124.500  0.0270 125.372  0.0260   0.000  0.0000   0.000  0.0000   0.000  0.0000   0.000  0.0000   0.000  0.0000  0.00009212
1078 4 100.00   9.98   2.86   2.86 19920. 115.94 0.0312  7.8541539.56 9.880.000 124.000 124.500  0.0270 125.370  0.0260   0.000  0.0000   0.000  0.0000   0.000  0.0000   0.000  0.0000   0.000  0.0000  0.00007303
1077 4 100.00  10.08   2.86   2.86 19820. 115.73 0.0312  8.0591539.56 9.990.000 123.750 124.250  0.0238   0.000  0.0000   0.000  0.0000   0.000  0.0000   0.000  0.0000   0.000  0.0000   0.000  0.0000  0.00006602
1076 4 100.00   9.72   2.86   2.86 19720. 116.05 0.0312  7.7331539.56 9.670.000 123.750 124.250  0.0238   0.000  0.0000   0.000  0.0000   0.000  0.0000   0.000  0.0000   0.000  0.0000   0.000  0.0000  0.00006558
1075 4 100.00  10.50   2.86   2.86 19620. 115.29 0.0312  8.4861539.5610.440.000 123.750 124.250  0.0238   0.000  0.0000   0.000  0.0000   0.000  0.0000   0.000  0.0000   0.000  0.0000   0.000  0.0000  0.00006636
1074 4 100.00  10.30   2.86   2.86 19520. 115.33 0.0312  8.4411539.5610.190.000 123.750 124.250  0.0238   0.000  0.0000   0.000  0.0000   0.000  0.0000   0.000  0.0000   0.000  0.0000   0.000  0.0000  0.00006223
1073 4 100.00  10.85   2.86   2.86 19420. 114.87 0.0312  8.8891539.5610.800.000 123.750 124.250  0.0238   0.000  0.0000   0.000  0.0000   0.000  0.0000   0.000  0.0000   0.000  0.0000   0.000  0.0000  0.00007556
1072 4 100.00  11.37   2.86   2.86 19320. 114.21 0.0312  9.5441539.5611.240.000 123.750 124.250  0.0238   0.000  0.0000   0.000  0.0000   0.000  0.0000   0.000  0.0000   0.000  0.0000   0.000  0.0000  0.00006872
1071 4 100.00  11.64   2.86   2.86 19220. 114.01 0.0312  9.7361539.5611.470.000 123.750 124.250  0.0238   0.000  0.0000   0.000  0.0000   0.000  0.0000   0.000  0.0000   0.000  0.0000   0.000  0.0000  0.00007225
1070 4 100.00  11.64   2.86   2.86 19120. 114.01 0.0312  9.7291539.5611.470.000 123.750 124.250  0.0238   0.000  0.0000   0.000  0.0000   0.000  0.0000   0.000  0.0000   0.000  0.0000   0.000  0.0000  0.00007252
1069 4 100.00  11.15   2.86   2.86 19020. 114.35 0.0312  9.3921539.5611.100.000 123.750 124.250  0.0238   0.000  0.0000   0.000  0.0000   0.000  0.0000   0.000  0.0000   0.000  0.0000   0.000  0.0000  0.00005675
1068 4 100.00  12.66   2.86   2.86 18920. 112.85 0.0312 10.8811539.5612.620.000 123.750 124.250  0.0238   0.000  0.0000   0.000  0.0000   0.000  0.0000   0.000  0.0000   0.000  0.0000   0.000  0.0000  0.00006431
1067 4 100.00  12.93   2.86   2.86 18820. 112.59 0.0312 11.1341539.5612.790.000 123.750 124.250  0.0238   0.000  0.0000   0.000  0.0000   0.000  0.0000   0.000  0.0000   0.000  0.0000   0.000  0.0000  0.00006497
1066 4 100.00  12.13   2.86   2.86 18720. 113.36 0.0312 10.3611539.5611.940.000 123.750 124.250  0.0238   0.000  0.0000   0.000  0.0000   0.000  0.0000   0.000  0.0000   0.000  0.0000   0.000  0.0000  0.00005745
1065 4 100.00  12.08   2.86   2.86 18620. 113.38 0.0312 10.3401539.5612.000.000 123.750 124.250  0.0238   0.000  0.0000   0.000  0.0000   0.000  0.0000   0.000  0.0000   0.000  0.0000   0.000  0.0000  0.00004929
1064 4 100.00  11.72   2.86   2.86 18520. 113.61 0.0312 10.1031539.5611.660.000 123.750 124.250  0.0238   0.000  0.0000   0.000  0.0000   0.000  0.0000   0.000  0.0000   0.000  0.0000   0.000  0.0000  0.00005230
1063 4 100.00  12.23   2.86   2.86 18420. 113.22 0.0312 10.4911539.5612.110.000 123.750 124.250  0.0238   0.000  0.0000   0.000  0.0000   0.000  0.0000   0.000  0.0000   0.000  0.0000   0.000  0.0000  0.00004514
1062 4 100.00  12.19   2.86   2.86 18320. 113.18 0.0312 10.5281539.5712.000.000 123.750 124.250  0.0238   0.000  0.0000   0.000  0.0000   0.000  0.0000   0.000  0.0000   0.000  0.0000   0.000  0.0000  0.00004148
1061 4 100.00  12.19   2.86   2.86 18220. 113.18 0.0312 10.5241539.5712.000.000 123.750 124.250  0.0238   0.000  0.0000   0.000  0.0000   0.000  0.0000   0.000  0.0000   0.000  0.0000   0.000  0.0000  0.00004156
1060 4 100.00  12.03   2.86   2.86 18120. 113.45 0.0312 10.2451539.5711.860.000 123.750 124.250  0.0238   0.000  0.0000   0.000  0.0000   0.000  0.0000   0.000  0.0000   0.000  0.0000   0.000  0.0000  0.00005083
1059 4 100.00  11.12   2.86   2.86 18020. 114.17 0.0312  9.5201539.5711.020.000 123.750 124.250  0.0238   0.000  0.0000   0.000  0.0000   0.000  0.0000   0.000  0.0000   0.000  0.0000   0.000  0.0000  0.00004958
1058 4 100.00  10.98   2.86   2.86 17920. 114.31 0.0312  9.3761539.5710.880.000 123.750 124.250  0.0238   0.000  0.0000   0.000  0.0000   0.000  0.0000   0.000  0.0000   0.000  0.0000   0.000  0.0000  0.00004787
1057 4 100.00  10.86   2.86   2.86 17820. 114.40 0.0312  9.2811539.5710.730.000 123.750 124.250  0.0238   0.000  0.0000   0.000  0.0000   0.000  0.0000   0.000  0.0000   0.000  0.0000   0.000  0.0000  0.00004809
1056 4 100.00  10.46   2.86   2.86 17720. 114.70 0.0312  8.9761539.5710.410.000 123.750 124.250  0.0238   0.000  0.0000   0.000  0.0000   0.000  0.0000   0.000  0.0000   0.000  0.0000   0.000  0.0000  0.00005015
1055 4 100.00  10.56   2.86   2.86 17620. 114.66 0.0312  9.0111539.5710.360.000 123.750 124.250  0.0238   0.000  0.0000   0.000  0.0000   0.000  0.0000   0.000  0.0000   0.000  0.0000   0.000  0.0000  0.00004952
1054 4 100.00  10.70   2.86   2.86 17520. 114.50 0.0312  9.1681539.5710.630.000 123.750 124.250  0.0238   0.000  0.0000   0.000  0.0000   0.000  0.0000   0.000  0.0000   0.000  0.0000   0.000  0.0000  0.00004471
1053 4 100.00  10.53   2.86   2.86 17420. 114.60 0.0312  9.0631539.5710.490.000 123.750 124.250  0.0238   0.000  0.0000   0.000  0.0000   0.000  0.0000   0.000  0.0000   0.000  0.0000   0.000  0.0000  0.00004677
1052 4 100.00  10.68   2.86   2.86 17320. 114.52 0.0312  9.1381539.5710.610.000 123.750 124.250  0.0238   0.000  0.0000   0.000  0.0000   0.000  0.0000   0.000  0.0000   0.000  0.0000   0.000  0.0000  0.00004544
1051 4 100.00  10.80   2.86   2.86 17220. 114.47 0.0312  9.1831539.5710.670.000 123.750 124.250  0.0238   0.000  0.0000   0.000  0.0000   0.000  0.0000   0.000  0.0000   0.000  0.0000   0.000  0.0000  0.00004665
1050 4 100.00  10.57   2.86   2.86 17120. 114.62 0.0312  9.0301539.5710.420.000 123.750 124.250  0.0238   0.000  0.0000   0.000  0.0000   0.000  0.0000   0.000  0.0000   0.000  0.0000   0.000  0.0000  0.00004469
1049 4 100.00  10.43   2.86   2.86 17020. 114.74 0.0312  8.9071539.5710.320.000 123.750 124.250  0.0238   0.000  0.0000   0.000  0.0000   0.000  0.0000   0.000  0.0000   0.000  0.0000   0.000  0.0000  0.00004149
1048 4 100.00  10.87   2.86   2.86 16920. 114.27 0.0312  9.3711539.5710.760.000 123.750 124.250  0.0238   0.000  0.0000   0.000  0.0000   0.000  0.0000   0.000  0.0000   0.000  0.0000   0.000  0.0000  0.00004391
1047 4 100.00  11.17   2.86   2.86 16820. 113.87 0.0312  9.7681539.5811.100.000 123.750 124.250  0.0238   0.000  0.0000   0.000  0.0000   0.000  0.0000   0.000  0.0000   0.000  0.0000   0.000  0.0000  0.00004177
1046 4 100.00  11.30   2.86   2.86 16720. 113.97 0.0312  9.6631539.5711.230.000 123.750 124.250  0.0238   0.000  0.0000   0.000  0.0000   0.000  0.0000   0.000  0.0000   0.000  0.0000   0.000  0.0000  0.00004262
1045 4 100.00  11.18   2.86   2.86 16620. 114.02 0.0312  9.6101539.5811.090.000 123.750 124.250  0.0238   0.000  0.0000   0.000  0.0000   0.000  0.0000   0.000  0.0000   0.000  0.0000   0.000  0.0000  0.00004145
1044 4 100.00  11.50   2.86   2.86 16520. 113.63 0.0312  9.9971539.5811.470.000 123.750 124.250  0.0238   0.000  0.0000   0.000  0.0000   0.000  0.0000   0.000  0.0000   0.000  0.0000   0.000  0.0000  0.00003935
1043 4 100.00  10.66   2.86   2.86 16420. 114.37 0.0312  9.2521539.5810.620.000 123.750 124.250  0.0238   0.000  0.0000   0.000  0.0000   0.000  0.0000   0.000  0.0000   0.000  0.0000   0.000  0.0000  0.00003972
1042 4 100.00  10.71   2.86   2.86 16320. 114.41 0.0312  9.2091539.5810.540.000 123.750 124.250  0.0238   0.000  0.0000   0.000  0.0000   0.000  0.0000   0.000  0.0000   0.000  0.0000   0.000  0.0000  0.00003766
1041 4 100.00  10.93   2.86   2.86 16220. 114.28 0.0312  9.3381539.5810.900.000 123.750 124.250  0.0238   0.000  0.0000   0.000  0.0000   0.000  0.0000   0.000  0.0000   0.000  0.0000   0.000  0.0000  0.00003364
1040 4 100.00  10.81   2.86   2.86 16120. 114.34 0.0312  9.2751539.5810.760.000 123.750 124.250  0.0238   0.000  0.0000   0.000  0.0000   0.000  0.0000   0.000  0.0000   0.000  0.0000   0.000  0.0000  0.00003311
1039 4 100.00  11.16   2.86   2.86 16020. 114.06 0.0312  9.5521539.5810.950.000 123.750 124.250  0.0238   0.000  0.0000   0.000  0.0000   0.000  0.0000   0.000  0.0000   0.000  0.0000   0.000  0.0000  0.00003268
1038 4 100.00  11.52   2.86   2.86 15920. 113.54 0.0312 10.0681539.5811.360.000 123.750 124.250  0.0238   0.000  0.0000   0.000  0.0000   0.000  0.0000   0.000  0.0000   0.000  0.0000   0.000  0.0000  0.00003440
1037 4 100.00  11.88   2.86   2.86 15820. 113.32 0.0312 10.2851539.5811.750.000 123.750 124.250  0.0238   0.000  0.0000   0.000  0.0000   0.000  0.0000   0.000  0.0000   0.000  0.0000   0.000  0.0000  0.00003386
1036 4 100.00  11.76   2.86   2.86 15720. 113.28 0.0312 10.3231539.5811.620.000 123.750 124.250  0.0238   0.000  0.0000   0.000  0.0000   0.000  0.0000   0.000  0.0000   0.000  0.0000   0.000  0.0000  0.00003121
1035 4 100.00  12.56   2.86   2.86 15620. 112.56 0.0312 11.0401539.5812.370.000 123.750 124.250  0.0238   0.000  0.0000   0.000  0.0000   0.000  0.0000   0.000  0.0000   0.000  0.0000   0.000  0.0000  0.00003103
1034 4 100.00  12.43   2.86   2.86 15520. 112.79 0.0312 10.8061539.5812.260.000 123.750 124.250  0.0238   0.000  0.0000   0.000  0.0000   0.000  0.0000   0.000  0.0000   0.000  0.0000   0.000  0.0000  0.00003334
1033 4 100.00  13.19   2.86   2.86 15420. 111.87 0.0312 11.7231539.5813.100.000 123.750 124.250  0.0238   0.000  0.0000   0.000  0.0000   0.000  0.0000   0.000  0.0000   0.000  0.0000   0.000  0.0000  0.00003098
1032 4 100.00  12.95   2.86   2.86 15320. 112.18 0.0312 11.4091539.5812.850.000 123.750 124.250  0.0238   0.000  0.0000   0.000  0.0000   0.000  0.0000   0.000  0.0000   0.000  0.0000   0.000  0.0000  0.00003219
1031 4 100.00  13.38   2.86   2.86 15220. 111.62 0.0312 11.9661539.5813.310.000 123.750 124.250  0.0238   0.000  0.0000   0.000  0.0000   0.000  0.0000   0.000  0.0000   0.000  0.0000   0.000  0.0000  0.00003246
1030 4 100.00  14.22   2.86   2.86 15120. 110.83 0.0312 12.7551539.5814.150.000 123.750 124.250  0.0238   0.000  0.0000   0.000  0.0000   0.000  0.0000   0.000  0.0000   0.000  0.0000   0.000  0.0000  0.00002850
1029 4 100.00  13.46   2.86   2.86 15020. 111.64 0.0312 11.9421539.5813.290.000 123.750 124.250  0.0238   0.000  0.0000   0.000  0.0000   0.000  0.0000   0.000  0.0000   0.000  0.0000   0.000  0.0000  0.00002867
1028 4 100.00  13.56   2.86   2.86 14920. 111.52 0.0312 12.0601539.5813.310.000 123.750 124.250  0.0238   0.000  0.0000   0.000  0.0000   0.000  0.0000   0.000  0.0000   0.000  0.0000   0.000  0.0000  0.00002655
1027 4 100.00  13.53   2.86   2.86 14820. 111.63 0.0312 11.9491539.5813.140.000 123.750 124.250  0.0238   0.000  0.0000   0.000  0.0000   0.000  0.0000   0.000  0.0000   0.000  0.0000   0.000  0.0000  0.00002493
1026 4 100.00  12.75   2.86   2.86 14720. 112.27 0.0312 11.3051539.5812.460.000 123.750 124.250  0.0238   0.000  0.0000   0.000  0.0000   0.000  0.0000   0.000  0.0000   0.000  0.0000   0.000  0.0000  0.00002645
1025 4 100.00  12.38   2.86   2.86 14620. 112.68 0.0312 10.8941539.5812.330.000 123.750 124.250  0.0238   0.000  0.0000   0.000  0.0000   0.000  0.0000   0.000  0.0000   0.000  0.0000   0.000  0.0000  0.00002359
1024 4 100.00  12.38   2.86   2.86 14520. 112.68 0.0312 10.8921539.5812.330.000 123.750 124.250  0.0238   0.000  0.0000   0.000  0.0000   0.000  0.0000   0.000  0.0000   0.000  0.0000   0.000  0.0000  0.00002361
1023 4 100.00  12.22   2.86   2.86 14420. 112.93 0.0312 10.6401539.5812.000.000 123.750 124.250  0.0238   0.000  0.0000   0.000  0.0000   0.000  0.0000   0.000  0.0000   0.000  0.0000   0.000  0.0000  0.00002322
1022 4 100.00  11.62   2.86   2.86 14320. 113.52 0.0312 10.0461539.5811.580.000 123.750 124.250  0.0238   0.000  0.0000   0.000  0.0000   0.000  0.0000   0.000  0.0000   0.000  0.0000   0.000  0.0000  0.00002549
1021 4 100.00  11.36   2.86   2.86 14220. 113.65 0.0312  9.9151539.5811.260.000 123.750 124.250  0.0238   0.000  0.0000   0.000  0.0000   0.000  0.0000   0.000  0.0000   0.000  0.0000   0.000  0.0000  0.00002354
1020 4 100.00  11.48   2.86   2.86 14120. 113.62 0.0312  9.9421539.5811.340.000 123.750 124.250  0.0238   0.000  0.0000   0.000  0.0000   0.000  0.0000   0.000  0.0000   0.000  0.0000   0.000  0.0000  0.00002453
1019 4 100.00  11.45   2.86   2.86 14020. 113.54 0.0312 10.0201539.5811.380.000 123.750 124.250  0.0238   0.000  0.0000   0.000  0.0000   0.000  0.0000   0.000  0.0000   0.000  0.0000   0.000  0.0000  0.00002419
1018 4 100.00  11.66   2.86   2.86 13920. 113.47 0.0312 10.0871539.5811.520.000 123.750 124.250  0.0238   0.000  0.0000   0.000  0.0000   0.000  0.0000   0.000  0.0000   0.000  0.0000   0.000  0.0000  0.00002417
1017 4 100.00  11.94   2.86   2.86 13820. 113.17 0.0312 10.3861539.5811.790.000 123.750 124.250  0.0238   0.000  0.0000   0.000  0.0000   0.000  0.0000   0.000  0.0000   0.000  0.0000   0.000  0.0000  0.00002279
1016 4 100.00  12.03   2.86   2.86 13720. 113.01 0.0312 10.5431539.5811.970.000 123.750 124.250  0.0238   0.000  0.0000   0.000  0.0000   0.000  0.0000   0.000  0.0000   0.000  0.0000   0.000  0.0000  0.00002324
1015 4 100.00  12.11   2.86   2.86 13620. 112.91 0.0312 10.6421539.5811.980.000 123.750 124.250  0.0238   0.000  0.0000   0.000  0.0000   0.000  0.0000   0.000  0.0000   0.000  0.0000   0.000  0.0000  0.00002165
1014 4 100.00  13.12   2.86   2.86 13520. 111.98 0.0312 11.5691539.5812.970.000 123.750 124.250  0.0238   0.000  0.0000   0.000  0.0000   0.000  0.0000   0.000  0.0000   0.000  0.0000   0.000  0.0000  0.00002224
1013 4 100.00  13.42   2.86   2.86 13420. 111.72 0.0312 11.8291539.5813.350.000 123.700 123.800  0.0238   0.000  0.0000   0.000  0.0000   0.000  0.0000   0.000  0.0000   0.000  0.0000   0.000  0.0000  0.00001971
1012 4 100.00  14.54   2.86   2.86 13320. 110.39 0.0312 13.1591539.5814.370.000 123.700 123.800  0.0238   0.000  0.0000   0.000  0.0000   0.000  0.0000   0.000  0.0000   0.000  0.0000   0.000  0.0000  0.00001709
1011 4 100.00  13.45   2.86   2.86 13220. 111.71 0.0312 11.8361539.5813.230.000 123.700 123.800  0.0238   0.000  0.0000   0.000  0.0000   0.000  0.0000   0.000  0.0000   0.000  0.0000   0.000  0.0000  0.00001800
1010 4 100.00  12.89   2.86   2.86 13120. 112.08 0.0312 11.4631539.5812.840.000 123.700 123.800  0.0238   0.000  0.0000   0.000  0.0000   0.000  0.0000   0.000  0.0000   0.000  0.0000   0.000  0.0000  0.00002028
1009 4 100.00  12.54   2.86   2.86 13020. 112.44 0.0312 11.1011539.5812.420.000 123.700 123.800  0.0238   0.000  0.0000   0.000  0.0000   0.000  0.0000   0.000  0.0000   0.000  0.0000   0.000  0.0000  0.00001958
1008 4 100.00  12.59   2.86   2.86 12920. 112.50 0.0312 11.0401539.5812.420.000 123.700 123.800  0.0238   0.000  0.0000   0.000  0.0000   0.000  0.0000   0.000  0.0000   0.000  0.0000   0.000  0.0000  0.00001764
1007 4 100.00  13.74   2.86   2.86 12820. 111.26 0.0312 12.2781539.5813.640.000 123.700 123.800  0.0238   0.000  0.0000   0.000  0.0000   0.000  0.0000   0.000  0.0000   0.000  0.0000   0.000  0.0000  0.00001880
1006 4 100.00  14.53   2.86   2.86 12720. 110.51 0.0312 13.0261539.5914.450.000 123.700 123.800  0.0238   0.000  0.0000   0.000  0.0000   0.000  0.0000   0.000  0.0000   0.000  0.0000   0.000  0.0000  0.00001961
1005 4 100.00  14.73   2.86   2.86 12620. 110.26 0.0312 13.2741539.5914.620.000 123.700 123.800  0.0238   0.000  0.0000   0.000  0.0000   0.000  0.0000   0.000  0.0000   0.000  0.0000   0.000  0.0000  0.00001934
1004 4 100.00  15.36   2.86   2.86 12520. 109.74 0.0312 13.7921539.5915.280.000 123.700 123.800  0.0238   0.000  0.0000   0.000  0.0000   0.000  0.0000   0.000  0.0000   0.000  0.0000   0.000  0.0000  0.00001966
1003 4 100.00  15.64   2.86   2.86 12420. 109.35 0.0312 14.1801539.5915.600.000 123.700 123.800  0.0238   0.000  0.0000   0.000  0.0000   0.000  0.0000   0.000  0.0000   0.000  0.0000   0.000  0.0000  0.00001886
1002 4 100.00  15.59   2.86   2.86 12320. 109.53 0.0312 13.9981539.5915.450.000 123.700 123.800  0.0238   0.000  0.0000   0.000  0.0000   0.000  0.0000   0.000  0.0000   0.000  0.0000   0.000  0.0000  0.00001927
1001 4 100.00  15.20   2.86   2.86 12220. 109.68 0.0312 13.8481539.5915.080.000 123.700 123.800  0.0238   0.000  0.0000   0.000  0.0000   0.000  0.0000   0.000  0.0000   0.000  0.0000   0.000  0.0000  0.00001677
1000 4 100.00  14.32   2.86   2.86 12120. 110.76 0.0312 12.7661539.5914.160.000 123.700 123.800  0.0238   0.000  0.0000   0.000  0.0000   0.000  0.0000   0.000  0.0000   0.000  0.0000   0.000  0.0000  0.00001717
 999 4 100.00  16.04   2.86   2.86 12020. 108.91 0.0312 14.6171539.5915.870.000 123.700 123.800  0.0238   0.000  0.0000   0.000  0.0000   0.000  0.0000   0.000  0.0000   0.000  0.0000   0.000  0.0000  0.00001296
 998 4 100.00  13.97   2.86   2.86 11920. 110.87 0.0312 12.6551539.5913.930.000 123.700 123.800  0.0238   0.000  0.0000   0.000  0.0000   0.000  0.0000   0.000  0.0000   0.000  0.0000   0.000  0.0000  0.00001490
 997 4 100.00  14.02   2.86   2.86 11820. 111.62 0.0312 11.9031539.5913.990.000 123.700 123.800  0.0238   0.000  0.0000   0.000  0.0000   0.000  0.0000   0.000  0.0000   0.000  0.0000   0.000  0.0000  0.00001495
 996 4 100.00  12.92   2.86   2.86 11720. 112.03 0.0312 11.4921539.5912.890.000 123.700 123.800  0.0238   0.000  0.0000   0.000  0.0000   0.000  0.0000   0.000  0.0000   0.000  0.0000   0.000  0.0000  0.00001428
 995 4 100.00  12.54   2.86   2.86 11620. 112.49 0.0312 11.0301539.5912.510.000 123.700 123.800  0.0238   0.000  0.0000   0.000  0.0000   0.000  0.0000   0.000  0.0000   0.000  0.0000   0.000  0.0000  0.00001564
 994 4 100.00  13.04   2.86   2.86 11520. 111.94 0.0312 11.5791539.5913.010.000 123.700 123.800  0.0238   0.000  0.0000   0.000  0.0000   0.000  0.0000   0.000  0.0000   0.000  0.0000   0.000  0.0000  0.00001604
 993 4 100.00  13.04   2.86   2.86 11420. 111.94 0.0312 11.5771539.5913.010.000 123.700 123.800  0.0238   0.000  0.0000   0.000  0.0000   0.000  0.0000   0.000  0.0000   0.000  0.0000   0.000  0.0000  0.00001605
 992 4 100.00  13.43   2.86   2.86 11320. 111.59 0.0312 11.9271539.5813.400.000 123.700 123.800  0.0238   0.000  0.0000   0.000  0.0000   0.000  0.0000   0.000  0.0000   0.000  0.0000   0.000  0.0000  0.00001334
 991 4 100.00  13.03   2.86   2.86 11220. 112.00 0.0312 11.5141539.5812.850.000 123.700 123.800  0.0238   0.000  0.0000   0.000  0.0000   0.000  0.0000   0.000  0.0000   0.000  0.0000   0.000  0.0000  0.00001549
 990 4 100.00  13.07   2.86   2.86 11120. 111.83 0.0312 11.6821539.5813.040.000 123.700 123.800  0.0238   0.000  0.0000   0.000  0.0000   0.000  0.0000   0.000  0.0000   0.000  0.0000   0.000  0.0000  0.00001550
 989 4 100.00  13.47   2.86   2.86 11020. 111.37 0.0312 12.1411539.5813.400.000 123.700 123.800  0.0238   0.000  0.0000   0.000  0.0000   0.000  0.0000   0.000  0.0000   0.000  0.0000   0.000  0.0000  0.00001516
 988 4 100.00  13.61   2.86   2.86 10920. 111.43 0.0312 12.0801539.5813.440.000 123.700 123.800  0.0238   0.000  0.0000   0.000  0.0000   0.000  0.0000   0.000  0.0000   0.000  0.0000   0.000  0.0000  0.00001480
 987 4 100.00  13.86   2.86   2.86 10820. 111.10 0.0312 12.4081539.5913.710.000 123.700 123.800  0.0238   0.000  0.0000   0.000  0.0000   0.000  0.0000   0.000  0.0000   0.000  0.0000   0.000  0.0000  0.00001463
 986 4 100.00  13.62   2.86   2.86 10720. 111.37 0.0312 12.1391539.5813.480.000 123.700 123.800  0.0238   0.000  0.0000   0.000  0.0000   0.000  0.0000   0.000  0.0000   0.000  0.0000   0.000  0.0000  0.00001453
 985 4 100.00  13.40   2.86   2.86 10620. 111.53 0.0312 11.9751539.5813.360.000 123.700 123.800  0.0238   0.000  0.0000   0.000  0.0000   0.000  0.0000   0.000  0.0000   0.000  0.0000   0.000  0.0000  0.00001452
 984 4 100.00  13.48   2.86   2.86 10520. 111.35 0.0312 12.1551539.5813.440.000 123.700 123.800  0.0238   0.000  0.0000   0.000  0.0000   0.000  0.0000   0.000  0.0000   0.000  0.0000   0.000  0.0000  0.00001331
 983 4 100.00  14.22   2.86   2.86 10420. 110.67 0.0312 12.8331539.5814.140.000 123.700 123.800  0.0238   0.000  0.0000   0.000  0.0000   0.000  0.0000   0.000  0.0000   0.000  0.0000   0.000  0.0000  0.00001345
 982 4 100.00  15.00   2.86   2.86 10320. 110.07 0.0312 13.4311539.5814.920.000 123.700 123.800  0.0238   0.000  0.0000   0.000  0.0000   0.000  0.0000   0.000  0.0000   0.000  0.0000   0.000  0.0000  0.00001417
 981 4 100.00  15.27   2.86   2.86 10220. 109.78 0.0312 13.7201539.5815.080.000 123.700 123.800  0.0238   0.000  0.0000   0.000  0.0000   0.000  0.0000   0.000  0.0000   0.000  0.0000   0.000  0.0000  0.00001443
 980 4 100.00  15.56   2.86   2.86 10120. 109.37 0.0312 14.1281539.5815.500.000 123.700 123.800  0.0238   0.000  0.0000   0.000  0.0000   0.000  0.0000   0.000  0.0000   0.000  0.0000   0.000  0.0000  0.00001438
 979 4 100.00  15.65   2.86   2.86 10020. 109.27 0.0312 14.2271539.5915.540.000 123.700 123.800  0.0238   0.000  0.0000   0.000  0.0000   0.000  0.0000   0.000  0.0000   0.000  0.0000   0.000  0.0000  0.00001436
 978 4 100.00  16.32   2.86   2.86  9920. 108.63 0.0312 14.8661539.5916.250.000 123.700 123.800  0.0238   0.000  0.0000   0.000  0.0000   0.000  0.0000   0.000  0.0000   0.000  0.0000   0.000  0.0000  0.00001419
 977 4 100.00  15.46   2.86   2.86  9820. 109.38 0.0312 14.1141539.5915.370.000 123.700 123.800  0.0238   0.000  0.0000   0.000  0.0000   0.000  0.0000   0.000  0.0000   0.000  0.0000   0.000  0.0000  0.00001385
 976 4 100.00  16.46   2.86   2.86  9720. 108.64 0.0312 14.8541539.5916.350.000 123.700 123.800  0.0238   0.000  0.0000   0.000  0.0000   0.000  0.0000   0.000  0.0000   0.000  0.0000   0.000  0.0000  0.00001239
 975 4 100.00  15.36   2.86   2.86  9620. 109.64 0.0312 13.8531539.5915.160.000 123.700 123.800  0.0238   0.000  0.0000   0.000  0.0000   0.000  0.0000   0.000  0.0000   0.000  0.0000   0.000  0.0000  0.00001233
 974 4 100.00  14.83   2.86   2.86  9520. 110.08 0.0312 13.4121539.5914.700.000 123.700 123.800  0.0238   0.000  0.0000   0.000  0.0000   0.000  0.0000   0.000  0.0000   0.000  0.0000   0.000  0.0000  0.00001240
 973 4 100.00  14.26   2.86   2.86  9420. 110.69 0.0312 12.8001539.5914.030.000 123.700 123.800  0.0238   0.000  0.0000   0.000  0.0000   0.000  0.0000   0.000  0.0000   0.000  0.0000   0.000  0.0000  0.00001241
 972 4 100.00  14.93   2.86   2.86  9320. 110.14 0.0312 13.3491539.5914.890.000 123.700 123.800  0.0238   0.000  0.0000   0.000  0.0000   0.000  0.0000   0.000  0.0000   0.000  0.0000   0.000  0.0000  0.00001255
 971 4 100.00  13.81   2.86   2.86  9220. 111.13 0.0312 12.3581539.5913.740.000 123.700 123.800  0.0238   0.000  0.0000   0.000  0.0000   0.000  0.0000   0.000  0.0000   0.000  0.0000   0.000  0.0000  0.00001294
 970 4 100.00  13.51   2.86   2.86  9120. 111.48 0.0312 12.0061539.5913.390.000 123.700 123.800  0.0238   0.000  0.0000   0.000  0.0000   0.000  0.0000   0.000  0.0000   0.000  0.0000   0.000  0.0000  0.00001356
 969 4 100.00  13.53   2.86   2.86  9020. 111.43 0.0312 12.0551539.5913.400.000 123.700 123.800  0.0238   0.000  0.0000   0.000  0.0000   0.000  0.0000   0.000  0.0000   0.000  0.0000   0.000  0.0000  0.00001284
 968 4 100.00  13.77   2.86   2.86  8920. 111.20 0.0312 12.2831539.5913.680.000 123.700 123.800  0.0238   0.000  0.0000   0.000  0.0000   0.000  0.0000   0.000  0.0000   0.000  0.0000   0.000  0.0000  0.00001383
 967 4 100.00  14.07   2.86   2.86  8820. 110.88 0.0312 12.6021539.5913.880.000 123.700 123.800  0.0238   0.000  0.0000   0.000  0.0000   0.000  0.0000   0.000  0.0000   0.000  0.0000   0.000  0.0000  0.00001288
 966 4 100.00  14.51   2.86   2.86  8720. 110.52 0.0312 12.9611539.5914.330.000 123.700 123.800  0.0238   0.000  0.0000   0.000  0.0000   0.000  0.0000   0.000  0.0000   0.000  0.0000   0.000  0.0000  0.00001285
 965 4 100.00  14.68   2.86   2.86  8620. 110.16 0.0312 13.3211539.5914.630.000 123.700 123.800  0.0238   0.000  0.0000   0.000  0.0000   0.000  0.0000   0.000  0.0000   0.000  0.0000   0.000  0.0000  0.00001162
 964 4 100.00  14.70   2.86   2.86  8520. 110.23 0.0312 13.2501539.5914.550.000 123.700 123.800  0.0238   0.000  0.0000   0.000  0.0000   0.000  0.0000   0.000  0.0000   0.000  0.0000   0.000  0.0000  0.00001098
 963 4 100.00  14.76   2.86   2.86  8420. 110.22 0.0312 13.2611539.5914.680.000 123.700 123.800  0.0238   0.000  0.0000   0.000  0.0000   0.000  0.0000   0.000  0.0000   0.000  0.0000   0.000  0.0000  0.00000970
 962 4 100.00  14.25   2.86   2.86  8320. 110.56 0.0312 12.9211539.5914.190.000 123.700 123.800  0.0238   0.000  0.0000   0.000  0.0000   0.000  0.0000   0.000  0.0000   0.000  0.0000   0.000  0.0000  0.00000829
 961 4 100.00  15.12   2.86   2.86  8220. 109.94 0.0312 13.5411539.5914.830.000 123.700 123.800  0.0238   0.000  0.0000   0.000  0.0000   0.000  0.0000   0.000  0.0000   0.000  0.0000   0.000  0.0000  0.00000806
 960 4 100.00  15.83   2.86   2.86  8140. 109.19 0.0312 14.2841539.5915.660.000 123.700 123.800  0.0238   0.000  0.0000   0.000  0.0000   0.000  0.0000   0.000  0.0000   0.000  0.0000   0.000  0.0000  0.00001399
 959 4 100.00  15.83   2.86   2.86  8120. 109.19 0.0312 14.2841539.5915.660.000 123.700 123.800  0.0238   0.000  0.0000   0.000  0.0000   0.000  0.0000   0.000  0.0000   0.000  0.0000   0.000  0.0000  0.00001399
 958 4 100.00  16.22   2.86   2.86  8020. 108.98 0.0312 14.4921539.5915.880.000 123.700 123.800  0.0238   0.000  0.0000   0.000  0.0000   0.000  0.0000   0.000  0.0000   0.000  0.0000   0.000  0.0000  0.00001511
 957 4 100.00  16.51   2.86   2.86  7920. 108.69 0.0312 14.7801539.5916.090.000 123.700 123.800  0.0238   0.000  0.0000   0.000  0.0000   0.000  0.0000   0.000  0.0000   0.000  0.0000   0.000  0.0000  0.00001610
 956 4 100.00  17.19   2.86   2.86  7820. 108.49 0.0312 14.9751539.5916.340.000 123.700 123.800  0.0238   0.000  0.0000   0.000  0.0000   0.000  0.0000   0.000  0.0000   0.000  0.0000   0.000  0.0000  0.00002056
 955 4 100.00  16.55   2.86   2.86  7720. 108.58 0.0312 14.8831539.5916.480.000 123.700 123.800  0.0238   0.000  0.0000   0.000  0.0000   0.000  0.0000   0.000  0.0000   0.000  0.0000   0.000  0.0000  0.00002150
 954 4 100.00  16.11   2.86   2.86  7620. 108.90 0.0312 14.5571539.5916.000.000 123.700 123.800  0.0238   0.000  0.0000   0.000  0.0000   0.000  0.0000   0.000  0.0000   0.000  0.0000   0.000  0.0000  0.00002791
 953 4 100.00  15.82   2.86   2.86  7520. 109.38 0.0312 14.0731539.5915.560.000 123.700 123.800  0.0238   0.000  0.0000   0.000  0.0000   0.000  0.0000   0.000  0.0000   0.000  0.0000   0.000  0.0000  0.00003020
 952 4 100.00  15.52   2.86   2.86  7420. 109.68 0.0312 13.7671539.5915.220.000 123.700 123.800  0.0238   0.000  0.0000   0.000  0.0000   0.000  0.0000   0.000  0.0000   0.000  0.0000   0.000  0.0000  0.00003554
 951 4 100.00  15.80   2.86   2.86  7340. 109.37 0.0312 14.0751539.5915.550.000 123.700 123.800  0.0238   0.000  0.0000   0.000  0.0000   0.000  0.0000   0.000  0.0000   0.000  0.0000   0.000  0.0000  0.00003526
 950 4 100.00  15.80   2.86   2.86  7320. 109.37 0.0312 14.0741539.5915.550.000 123.700 123.800  0.0238   0.000  0.0000   0.000  0.0000   0.000  0.0000   0.000  0.0000   0.000  0.0000   0.000  0.0000  0.00003527
 949 4 100.00  14.69   2.86   2.86  7220. 110.52 0.0312 12.9201539.5914.350.000 123.700 123.800  0.0238   0.000  0.0000   0.000  0.0000   0.000  0.0000   0.000  0.0000   0.000  0.0000   0.000  0.0000  0.00003887
 948 4 100.00  14.30   2.86   2.86  7180. 110.76 0.0312 12.6811539.5914.200.000 123.700 123.800  0.0238   0.000  0.0000   0.000  0.0000   0.000  0.0000   0.000  0.0000   0.000  0.0000   0.000  0.0000  0.00003340
 947 4 100.00  14.30   2.86   2.86  7120. 110.76 0.0312 12.6791539.5914.200.000 123.700 123.800  0.0238   0.000  0.0000   0.000  0.0000   0.000  0.0000   0.000  0.0000   0.000  0.0000   0.000  0.0000  0.00003343
 946 4 100.00  14.34   2.86   2.86  7020. 110.79 0.0312 12.6521539.5914.100.000 123.700 123.800  0.0238   0.000  0.0000   0.000  0.0000   0.000  0.0000   0.000  0.0000   0.000  0.0000   0.000  0.0000  0.00002489
 945 4 100.00  13.71   2.86   2.86  6920. 111.22 0.0312 12.2251460.3413.650.000 123.700 123.800  0.0238   0.000  0.0000   0.000  0.0000   0.000  0.0000   0.000  0.0000   0.000  0.0000   0.000  0.0000  0.00001858
 944 4 100.00  13.59   2.86   2.86  6820. 111.41 0.0312 12.0381381.0913.400.000 123.700 123.800  0.0238   0.000  0.0000   0.000  0.0000   0.000  0.0000   0.000  0.0000   0.000  0.0000   0.000  0.0000  0.00001399
 943 4 100.00  12.94   2.86   2.86  6720. 111.96 0.0312 11.4901301.8412.860.000 123.700 123.800  0.0238   0.000  0.0000   0.000  0.0000   0.000  0.0000   0.000  0.0000   0.000  0.0000   0.000  0.0000  0.00001124
 942 4 100.00  10.62   2.86   2.86  6620. 114.39 0.0312  9.0511222.5910.570.000 123.700 123.800  0.0238   0.000  0.0000   0.000  0.0000   0.000  0.0000   0.000  0.0000   0.000  0.0000   0.000  0.0000  0.00003053
 941 4 100.00  10.62   2.86   2.86  6580. 114.39 0.0312  9.0541143.3410.570.000 123.700 123.800  0.0238   0.000  0.0000   0.000  0.0000   0.000  0.0000   0.000  0.0000   0.000  0.0000   0.000  0.0000  0.00002665
 940 4 100.00  12.08   2.86   2.86  6520. 112.87 0.0312 10.5741064.0912.030.000 123.700 123.800  0.0238   0.000  0.0000   0.000  0.0000   0.000  0.0000   0.000  0.0000   0.000  0.0000   0.000  0.0000  0.00002928
 939 4 100.00  12.79   2.86   2.86  6420. 112.25 0.0312 11.197 984.8412.720.000 123.700 123.800  0.0238   0.000  0.0000   0.000  0.0000   0.000  0.0000   0.000  0.0000   0.000  0.0000   0.000  0.0000  0.00002257
 938 4 100.00  14.01   2.86   2.86  6340. 111.00 0.0312 12.451 905.5913.970.000 123.700 123.800  0.0238   0.000  0.0000   0.000  0.0000   0.000  0.0000   0.000  0.0000   0.000  0.0000   0.000  0.0000  0.00001429
 937 4 100.00  14.01   2.86   2.86  6320. 111.00 0.0312 12.453 826.3413.970.000 123.700 123.800  0.0238   0.000  0.0000   0.000  0.0000   0.000  0.0000   0.000  0.0000   0.000  0.0000   0.000  0.0000  0.00001188
 936 2 120.00  13.55   2.86   2.86  6220. 110.50 0.0312 12.950 747.0913.550.000 123.700 123.800  0.0238   0.000  0.0000   0.000  0.0000   0.000  0.0000   0.000  0.0000   0.000  0.0000   0.000  0.0000  0.00000960
