1223 4   0.00  17.52   0.00   0.00  2369. 115.36 0.0125  9.4051500.0016.580.000   0.000   0.000  0.0000   0.000  0.0000   0.000  0.0000   0.000  0.0000   0.000  0.0000   0.000  0.0000   0.000  0.0000  0.00000001
1222 4   0.00  14.00   0.00   0.00  2300. 117.72 0.0249  7.3851500.0013.850.000   0.000   0.000  0.0000   0.000  0.0000   0.000  0.0000   0.000  0.0000   0.000  0.0000   0.000  0.0000   0.000  0.0000  0.00008829
1221 4   0.00  20.88   0.00   0.00  2200. 110.77 0.0420 14.5401500.0019.440.000   0.000   0.000  0.0000   0.000  0.0000   0.000  0.0000   0.000  0.0000   0.000  0.0000   0.000  0.0000   0.000  0.0000  0.00017732
1220 4   0.00  14.91   0.00   0.00  2098. 116.61 0.0353  8.6821500.0013.720.000   0.000   0.000  0.0000   0.000  0.0000   0.000  0.0000   0.000  0.0000   0.000  0.0000   0.000  0.0000   0.000  0.0000  0.00013492
1219 4   0.00  13.44   0.00   0.00  1997. 118.07 0.0308  7.2041500.0012.140.000   0.000   0.000  0.0000   0.000  0.0000   0.000  0.0000   0.000  0.0000   0.000  0.0000   0.000  0.0000   0.000  0.0000  0.00011410
1218 4   0.00  13.57   0.00   0.00  1897. 117.96 0.0227  7.3111500.0012.320.000   0.000   0.000  0.0000   0.000  0.0000   0.000  0.0000   0.000  0.0000   0.000  0.0000   0.000  0.0000   0.000  0.0000  0.00003334
1217 4   0.00  14.17   0.00   0.00  1796. 117.06 0.0254  8.2101500.0013.190.000   0.000   0.000  0.0000   0.000  0.0000   0.000  0.0000   0.000  0.0000   0.000  0.0000   0.000  0.0000   0.000  0.0000  0.00003497
1216 4   0.00  13.91   0.00   0.00  1696. 117.28 0.0229  7.9861500.0013.060.000   0.000   0.000  0.0000   0.000  0.0000   0.000  0.0000   0.000  0.0000   0.000  0.0000   0.000  0.0000   0.000  0.0000  0.00002492
1215 4   0.00  13.80   0.00   0.00  1595. 117.22 0.0206  8.0461500.0013.080.000   0.000   0.000  0.0000   0.000  0.0000   0.000  0.0000   0.000  0.0000   0.000  0.0000   0.000  0.0000   0.000  0.0000  0.00001573
1214 4   0.00  14.86   0.00   0.00  1485. 116.29 0.0334  8.9771500.0013.980.000   0.000   0.000  0.0000   0.000  0.0000   0.000  0.0000   0.000  0.0000   0.000  0.0000   0.000  0.0000   0.000  0.0000  0.00006500
1213 4   0.00  14.38   0.00   0.00  1374. 116.47 0.0351  8.7921500.0013.800.000   0.000   0.000  0.0000   0.000  0.0000   0.000  0.0000   0.000  0.0000   0.000  0.0000   0.000  0.0000   0.000  0.0000  0.00008800
1212 4   0.00  13.47   0.00   0.00  1268. 116.96 0.0371  8.2931500.0013.280.000   0.000   0.000  0.0000   0.000  0.0000   0.000  0.0000   0.000  0.0000   0.000  0.0000   0.000  0.0000   0.000  0.0000  0.00014742
1211 4   0.00  17.21   0.00   0.00  1171. 116.74 0.0368  8.5001500.0013.370.000   0.000   0.000  0.0000   0.000  0.0000   0.000  0.0000   0.000  0.0000   0.000  0.0000   0.000  0.0000   0.000  0.0000  0.00017970
1210 4   0.00  19.17   0.00   0.00  1068. 117.56 0.0358  7.6571500.0012.400.000   0.000   0.000  0.0000   0.000  0.0000   0.000  0.0000   0.000  0.0000   0.000  0.0000   0.000  0.0000   0.000  0.0000  0.00023635
1209 4   0.00  18.96   0.00   0.00   958. 117.63 0.0353  7.5671500.0012.500.000   0.000   0.000  0.0000   0.000  0.0000   0.000  0.0000   0.000  0.0000   0.000  0.0000   0.000  0.0000   0.000  0.0000  0.00025015
1208 4   0.00  18.43   0.00   0.00   856. 117.12 0.0317  8.0461500.0013.030.000   0.000   0.000  0.0000   0.000  0.0000   0.000  0.0000   0.000  0.0000   0.000  0.0000   0.000  0.0000   0.000  0.0000  0.00020176
1207 4   0.00  17.48   0.00   0.00   754. 117.71 0.0286  7.4291500.0012.410.000   0.000   0.000  0.0000   0.000  0.0000   0.000  0.0000   0.000  0.0000   0.000  0.0000   0.000  0.0000   0.000  0.0000  0.00015379
1206 4   0.00  13.64   0.00   0.00   645. 116.40 0.0304  8.7351500.0013.540.000   0.000   0.000  0.0000   0.000  0.0000   0.000  0.0000   0.000  0.0000   0.000  0.0000   0.000  0.0000   0.000  0.0000  0.00015834
1205 4   0.00  14.85   0.00   0.00   545. 116.12 0.0324  8.9991500.0013.730.000   0.000   0.000  0.0000   0.000  0.0000   0.000  0.0000   0.000  0.0000   0.000  0.0000   0.000  0.0000   0.000  0.0000  0.00021918
1204 4   0.00  13.51   0.00   0.00   448. 117.32 0.0253  7.7821500.0012.460.000   0.000   0.000  0.0000   0.000  0.0000   0.000  0.0000   0.000  0.0000   0.000  0.0000   0.000  0.0000   0.000  0.0000  0.00009453
1203 4   0.00  13.64   0.00   0.00   343. 116.73 0.0227  8.3651500.0012.840.000   0.000   0.000  0.0000   0.000  0.0000   0.000  0.0000   0.000  0.0000   0.000  0.0000   0.000  0.0000   0.000  0.0000  0.00005420
1202 4   0.00  14.17   0.00   0.00   247. 116.17 0.0125  8.9241500.0011.300.000   0.000   0.000  0.0000   0.000  0.0000   0.000  0.0000   0.000  0.0000   0.000  0.0000   0.000  0.0000   0.000  0.0000  0.00000538
1201 4   0.00  10.47   0.00   0.00   138. 116.83 0.0125  8.2881500.0010.370.000   0.000   0.000  0.0000   0.000  0.0000   0.000  0.0000   0.000  0.0000   0.000  0.0000   0.000  0.0000   0.000  0.0000  0.00000150
1190 4   0.00  17.06   0.00   0.00 31096. 121.11 0.0125  4.040 218.1616.900.000   0.000   0.000  0.0000   0.000  0.0000   0.000  0.0000   0.000  0.0000   0.000  0.0000   0.000  0.0000   0.000  0.0000  0.00000053
1189 4   0.00  14.38   0.00   0.00 30995. 117.72 0.0307  7.444 218.16 0.240.000   0.000   0.000  0.0000   0.000  0.0000   0.000  0.0000   0.000  0.0000   0.000  0.0000   0.000  0.0000   0.000  0.0000  0.00001497
1188 4   0.00  21.30   0.00   0.00 30895. 110.79 0.0503 14.382 218.16 0.030.000   0.000   0.000  0.0000   0.000  0.0000   0.000  0.0000   0.000  0.0000   0.000  0.0000   0.000  0.0000   0.000  0.0000  0.00002983
1187 4   0.00  15.61   0.00   0.00 30795. 116.58 0.0366  8.589 218.16 0.240.000   0.000   0.000  0.0000   0.000  0.0000   0.000  0.0000   0.000  0.0000   0.000  0.0000   0.000  0.0000   0.000  0.0000  0.00002654
1186 4   0.00  11.60   0.00   0.00 30694. 120.50 0.0284  4.666 218.16 1.160.000   0.000   0.000  0.0000   0.000  0.0000   0.000  0.0000   0.000  0.0000   0.000  0.0000   0.000  0.0000   0.000  0.0000  0.00001985
1185 4   0.00  11.54   0.00   0.00 30594. 120.23 0.0312  4.934 218.1611.280.000   0.000   0.000  0.0000   0.000  0.0000   0.000  0.0000   0.000  0.0000   0.000  0.0000   0.000  0.0000   0.000  0.0000  0.00001663
1184 4   0.00  12.28   0.00   0.00 30493. 119.25 0.0310  5.913 218.1612.040.000   0.000   0.000  0.0000   0.000  0.0000   0.000  0.0000   0.000  0.0000   0.000  0.0000   0.000  0.0000   0.000  0.0000  0.00001497
1183 4   0.00  14.30   0.00   0.00 30393. 117.17 0.0296  7.992 218.1614.030.000   0.000   0.000  0.0000   0.000  0.0000   0.000  0.0000   0.000  0.0000   0.000  0.0000   0.000  0.0000   0.000  0.0000  0.00001003
1182 4   0.00  15.41   0.00   0.00 30293. 115.88 0.0275  9.281 218.1615.210.000   0.000   0.000  0.0000   0.000  0.0000   0.000  0.0000   0.000  0.0000   0.000  0.0000   0.000  0.0000   0.000  0.0000  0.00000555
1181 4   0.00  13.78   0.00   0.00 30193. 117.47 0.0309  7.691 218.1613.650.000   0.000   0.000  0.0000   0.000  0.0000   0.000  0.0000   0.000  0.0000   0.000  0.0000   0.000  0.0000   0.000  0.0000  0.00000741
1180 4   0.00  11.84   0.00   0.00 30093. 119.15 0.0357  6.010 218.1611.700.000   0.000   0.000  0.0000   0.000  0.0000   0.000  0.0000   0.000  0.0000   0.000  0.0000   0.000  0.0000   0.000  0.0000  0.00001706
1179 4   0.00  10.85   0.00   0.00 29992. 120.20 0.0342  4.959 218.16 7.600.000   0.000   0.000  0.0000   0.000  0.0000   0.000  0.0000   0.000  0.0000   0.000  0.0000   0.000  0.0000   0.000  0.0000  0.00001707
1178 4   0.00  10.70   0.00   0.00 29896. 120.14 0.0319  5.016 218.16 7.480.000   0.000   0.000  0.0000   0.000  0.0000   0.000  0.0000   0.000  0.0000   0.000  0.0000   0.000  0.0000   0.000  0.0000  0.00002040
1177 4   0.00  10.28   0.00   0.00 29796. 120.39 0.0288  4.765 218.16 7.050.000   0.000   0.000  0.0000   0.000  0.0000   0.000  0.0000   0.000  0.0000   0.000  0.0000   0.000  0.0000   0.000  0.0000  0.00001330
1176 4   0.00  10.02   0.00   0.00 29696. 120.59 0.0297  4.563 218.16 6.480.000   0.000   0.000  0.0000   0.000  0.0000   0.000  0.0000   0.000  0.0000   0.000  0.0000   0.000  0.0000   0.000  0.0000  0.00001654
1175 4   0.00   9.79   0.00   0.00 29595. 120.73 0.0301  4.422 218.16 6.270.000   0.000   0.000  0.0000   0.000  0.0000   0.000  0.0000   0.000  0.0000   0.000  0.0000   0.000  0.0000   0.000  0.0000  0.00001650
1174 4   0.00  10.05   0.00   0.00 29494. 120.30 0.0292  4.850 218.16 6.560.000   0.000   0.000  0.0000   0.000  0.0000   0.000  0.0000   0.000  0.0000   0.000  0.0000   0.000  0.0000   0.000  0.0000  0.00001642
1173 4   0.00   9.81   0.00   0.00 29393. 120.44 0.0291  4.708 218.16 6.710.000   0.000   0.000  0.0000   0.000  0.0000   0.000  0.0000   0.000  0.0000   0.000  0.0000   0.000  0.0000   0.000  0.0000  0.00001666
1172 4   0.00   9.92   0.00   0.00 29290. 120.35 0.0285  4.797 218.16 6.890.000   0.000   0.000  0.0000   0.000  0.0000   0.000  0.0000   0.000  0.0000   0.000  0.0000   0.000  0.0000   0.000  0.0000  0.00001341
1171 4   0.00   9.90   0.00   0.00 29192. 120.33 0.0296  4.815 218.16 6.830.000   0.000   0.000  0.0000   0.000  0.0000   0.000  0.0000   0.000  0.0000   0.000  0.0000   0.000  0.0000   0.000  0.0000  0.00001349
1170 4   0.00   9.66   0.00   0.00 29092. 120.48 0.0289  4.664 218.16 6.810.000   0.000   0.000  0.0000   0.000  0.0000   0.000  0.0000   0.000  0.0000   0.000  0.0000   0.000  0.0000   0.000  0.0000  0.00001334
1169 4   0.00   9.72   0.00   0.00 28992. 120.22 0.0306  4.923 218.16 6.800.000   0.000   0.000  0.0000   0.000  0.0000   0.000  0.0000   0.000  0.0000   0.000  0.0000   0.000  0.0000   0.000  0.0000  0.00001499
1168 4   0.00   9.99   0.00   0.00 28892. 119.98 0.0462  5.162 218.16 7.180.000   0.000   0.000  0.0000   0.000  0.0000   0.000  0.0000   0.000  0.0000   0.000  0.0000   0.000  0.0000   0.000  0.0000  0.00016045
1167 4   0.00  13.17   0.00   0.00 28776. 116.71 0.0563  8.433 218.1612.660.000   0.000   0.000  0.0000   0.000  0.0000   0.000  0.0000   0.000  0.0000   0.000  0.0000   0.000  0.0000   0.000  0.0000  0.00036235
1166 4   0.00  13.62   0.00   0.00 28677. 116.28 0.0378  8.8161718.1612.970.000   0.000   0.000  0.0000   0.000  0.0000   0.000  0.0000   0.000  0.0000   0.000  0.0000   0.000  0.0000   0.000  0.0000  0.00030619
1165 4   0.00  12.16   0.00   0.00 28577. 117.67 0.0323  7.4011718.1611.550.000   0.000   0.000  0.0000   0.000  0.0000   0.000  0.0000   0.000  0.0000   0.000  0.0000   0.000  0.0000   0.000  0.0000  0.00021743
1164 4   0.00  12.37   0.00   0.00 28479. 117.28 0.0317  7.7721718.1611.990.000   0.000   0.000  0.0000   0.000  0.0000   0.000  0.0000   0.000  0.0000   0.000  0.0000   0.000  0.0000   0.000  0.0000  0.00020352
1163 4   0.00  11.43   0.00   0.00 28383. 118.18 0.0316  6.8521718.1611.030.000   0.000   0.000  0.0000   0.000  0.0000   0.000  0.0000   0.000  0.0000   0.000  0.0000   0.000  0.0000   0.000  0.0000  0.00020983
1162 4   0.00  11.65   0.00   0.00 28287. 117.97 0.0310  7.0421718.1611.190.000   0.000   0.000  0.0000   0.000  0.0000   0.000  0.0000   0.000  0.0000   0.000  0.0000   0.000  0.0000   0.000  0.0000  0.00019820
1161 4   0.00  11.08   0.00   0.00 28193. 118.38 0.0286  6.6121718.1610.670.000   0.000   0.000  0.0000   0.000  0.0000   0.000  0.0000   0.000  0.0000   0.000  0.0000   0.000  0.0000   0.000  0.0000  0.00014209
1160 4   0.00  11.45   0.00   0.00 28095. 117.93 0.0278  7.0451718.1611.210.000   0.000   0.000  0.0000   0.000  0.0000   0.000  0.0000   0.000  0.0000   0.000  0.0000   0.000  0.0000   0.000  0.0000  0.00012778
1159 4   0.00  12.20   0.00   0.00 27995. 117.19 0.0277  7.7811718.1611.900.000   0.000   0.000  0.0000   0.000  0.0000   0.000  0.0000   0.000  0.0000   0.000  0.0000   0.000  0.0000   0.000  0.0000  0.00010490
1158 4   0.00  11.59   0.00   0.00 27895. 117.70 0.0297  7.2611718.1611.390.000   0.000   0.000  0.0000   0.000  0.0000   0.000  0.0000   0.000  0.0000   0.000  0.0000   0.000  0.0000   0.000  0.0000  0.00015342
1157 4   0.00  10.94   0.00   0.00 27796. 118.13 0.0313  6.8281718.1610.870.000   0.000   0.000  0.0000   0.000  0.0000   0.000  0.0000   0.000  0.0000   0.000  0.0000   0.000  0.0000   0.000  0.0000  0.00016633
1156 4   0.00  11.08   0.00   0.00 27696. 118.08 0.0313  6.8451718.1610.970.000   0.000   0.000  0.0000   0.000  0.0000   0.000  0.0000   0.000  0.0000   0.000  0.0000   0.000  0.0000   0.000  0.0000  0.00021289
1155 4   0.00  11.07   0.00   0.00 27595. 118.00 0.0298  6.9111718.1610.950.000   0.000   0.000  0.0000   0.000  0.0000   0.000  0.0000   0.000  0.0000   0.000  0.0000   0.000  0.0000   0.000  0.0000  0.00016560
1154 4   0.00  10.91   0.00   0.00 27495. 118.19 0.0297  6.7041718.1610.730.000   0.000   0.000  0.0000   0.000  0.0000   0.000  0.0000   0.000  0.0000   0.000  0.0000   0.000  0.0000   0.000  0.0000  0.00016938
1153 4   0.00  10.66   0.00   0.00 27394. 118.43 0.0284  6.4451718.1610.500.000   0.000   0.000  0.0000   0.000  0.0000   0.000  0.0000   0.000  0.0000   0.000  0.0000   0.000  0.0000   0.000  0.0000  0.00015270
1152 4   0.00  10.49   0.00   0.00 27294. 118.52 0.0289  6.3401718.1610.390.000   0.000   0.000  0.0000   0.000  0.0000   0.000  0.0000   0.000  0.0000   0.000  0.0000   0.000  0.0000   0.000  0.0000  0.00016262
1151 4   0.00  10.86   0.00   0.00 27194. 118.08 0.0289  6.7681718.1610.820.000   0.000   0.000  0.0000   0.000  0.0000   0.000  0.0000   0.000  0.0000   0.000  0.0000   0.000  0.0000   0.000  0.0000  0.00015261
1150 4   0.00  10.61   0.00   0.00 27093. 118.51 0.0289  6.3161718.1610.360.000   0.000   0.000  0.0000   0.000  0.0000   0.000  0.0000   0.000  0.0000   0.000  0.0000   0.000  0.0000   0.000  0.0000  0.00017260
1149 4   0.00  10.56   0.00   0.00 26993. 118.43 0.0276  6.3841718.1610.470.000   0.000   0.000  0.0000   0.000  0.0000   0.000  0.0000   0.000  0.0000   0.000  0.0000   0.000  0.0000   0.000  0.0000  0.00013265
1148 4   0.00  10.49   0.00   0.00 26893. 118.46 0.0280  6.3361718.1610.420.000   0.000   0.000  0.0000   0.000  0.0000   0.000  0.0000   0.000  0.0000   0.000  0.0000   0.000  0.0000   0.000  0.0000  0.00014710
1147 4   0.00  10.39   0.00   0.00 26791. 118.61 0.0285  6.1761718.1610.210.000   0.000   0.000  0.0000   0.000  0.0000   0.000  0.0000   0.000  0.0000   0.000  0.0000   0.000  0.0000   0.000  0.0000  0.00014100
1146 4   0.00  10.20   0.00   0.00 26693. 118.70 0.0294  6.0701718.1610.100.000   0.000   0.000  0.0000   0.000  0.0000   0.000  0.0000   0.000  0.0000   0.000  0.0000   0.000  0.0000   0.000  0.0000  0.00016803
1145 4   0.00   9.92   0.00   0.00 26594. 118.82 0.0302  5.9341718.16 6.580.000   0.000   0.000  0.0000   0.000  0.0000   0.000  0.0000   0.000  0.0000   0.000  0.0000   0.000  0.0000   0.000  0.0000  0.00019435
1144 4   0.00   9.78   0.00   0.00 26488. 119.12 0.0294  5.6151718.16 9.570.000   0.000   0.000  0.0000   0.000  0.0000   0.000  0.0000   0.000  0.0000   0.000  0.0000   0.000  0.0000   0.000  0.0000  0.00018711
1143 4   0.00   9.95   0.00   0.00 26393. 118.85 0.0287  5.8621718.16 9.760.000   0.000   0.000  0.0000   0.000  0.0000   0.000  0.0000   0.000  0.0000   0.000  0.0000   0.000  0.0000   0.000  0.0000  0.00017739
1142 4   0.00  10.47   0.00   0.00 26293. 118.21 0.0282  6.4881718.1610.390.000   0.000   0.000  0.0000   0.000  0.0000   0.000  0.0000   0.000  0.0000   0.000  0.0000   0.000  0.0000   0.000  0.0000  0.00015849
1141 4   0.00  10.50   0.00   0.00 26193. 118.08 0.0285  6.6031718.1610.410.000   0.000   0.000  0.0000   0.000  0.0000   0.000  0.0000   0.000  0.0000   0.000  0.0000   0.000  0.0000   0.000  0.0000  0.00016044
1140 4   0.00  10.18   0.00   0.00 26096. 118.36 0.0286  6.3051718.1610.090.000   0.000   0.000  0.0000   0.000  0.0000   0.000  0.0000   0.000  0.0000   0.000  0.0000   0.000  0.0000   0.000  0.0000  0.00016887
1139 4   0.00  10.10   0.00   0.00 26000. 118.46 0.0290  6.1911718.1610.000.000   0.000   0.000  0.0000   0.000  0.0000   0.000  0.0000   0.000  0.0000   0.000  0.0000   0.000  0.0000   0.000  0.0000  0.00017233
1138 4   0.00   9.82   0.00   0.00 25903. 118.65 0.0296  5.9841718.16 9.730.000   0.000   0.000  0.0000   0.000  0.0000   0.000  0.0000   0.000  0.0000   0.000  0.0000   0.000  0.0000   0.000  0.0000  0.00018971
1137 4   0.00   9.63   0.00   0.00 25806. 118.78 0.0298  5.8351718.16 9.600.000   0.000   0.000  0.0000   0.000  0.0000   0.000  0.0000   0.000  0.0000   0.000  0.0000   0.000  0.0000   0.000  0.0000  0.00020690
1136 4   0.00   9.86   0.00   0.00 25710. 118.61 0.0299  5.9861718.16 9.750.000   0.000   0.000  0.0000   0.000  0.0000   0.000  0.0000   0.000  0.0000   0.000  0.0000   0.000  0.0000   0.000  0.0000  0.00021683
1135 4   0.00   9.42   0.00   0.00 25613. 118.98 0.0272  5.5941718.16 9.360.000   0.000   0.000  0.0000   0.000  0.0000   0.000  0.0000   0.000  0.0000   0.000  0.0000   0.000  0.0000   0.000  0.0000  0.00015751
1134 4   0.00   9.68   0.00   0.00 25520. 118.65 0.0260  5.9031718.16 6.960.000   0.000   0.000  0.0000   0.000  0.0000   0.000  0.0000   0.000  0.0000   0.000  0.0000   0.000  0.0000   0.000  0.0000  0.00013859
1133 4 100.00  11.36   2.86   2.86 25420. 116.97 0.0262  7.5811718.1611.280.000   0.000   0.000  0.0000   0.000  0.0000   0.000  0.0000   0.000  0.0000   0.000  0.0000   0.000  0.0000   0.000  0.0000  0.00011003
1132 4 100.00  11.61   2.86   2.86 25320. 116.71 0.0277  7.8241718.1611.480.000   0.000   0.000  0.0000   0.000  0.0000   0.000  0.0000   0.000  0.0000   0.000  0.0000   0.000  0.0000   0.000  0.0000  0.00014335
1131 4 100.00  11.96   2.86   2.86 25220. 116.30 0.0272  8.2201718.1611.820.000   0.000   0.000  0.0000   0.000  0.0000   0.000  0.0000   0.000  0.0000   0.000  0.0000   0.000  0.0000   0.000  0.0000  0.00013330
5130 5 100.00  11.81   2.86   2.86 25170. 116.51 0.0267  8.0041718.1611.430.000   0.000   0.000  0.0000   0.000  0.0000   0.000  0.0000   0.000  0.0000   0.000  0.0000   0.000  0.0000   0.000  0.0000  0.00012995
1130 4 100.00  11.65   2.86   2.86 25120. 116.72 0.0267  7.7871718.1611.430.000   0.000   0.000  0.0000   0.000  0.0000   0.000  0.0000   0.000  0.0000   0.000  0.0000   0.000  0.0000   0.000  0.0000  0.00012996
1129 4 100.00  12.44   2.86   2.86 25020. 115.69 0.0264  8.8041718.1612.340.000   0.000   0.000  0.0000   0.000  0.0000   0.000  0.0000   0.000  0.0000   0.000  0.0000   0.000  0.0000   0.000  0.0000  0.00012498
1128 4 100.00  11.48   2.86   2.86 24920. 116.73 0.0252  7.7571718.1611.310.000   0.000   0.000  0.0000   0.000  0.0000   0.000  0.0000   0.000  0.0000   0.000  0.0000   0.000  0.0000   0.000  0.0000  0.00010002
1127 4 100.00  14.65   2.86   2.86 24820. 113.55 0.0281 10.9361718.1614.440.000   0.000   0.000  0.0000   0.000  0.0000   0.000  0.0000   0.000  0.0000   0.000  0.0000   0.000  0.0000   0.000  0.0000  0.00011113
1126 4 100.00  11.25   2.86   2.86 24720. 116.87 0.0284  7.5941718.1611.110.000   0.000   0.000  0.0000   0.000  0.0000   0.000  0.0000   0.000  0.0000   0.000  0.0000   0.000  0.0000   0.000  0.0000  0.00014665
1125 4 100.00  12.27   2.86   2.86 24620. 115.88 0.0299  8.5741718.1612.160.000   0.000   0.000  0.0000   0.000  0.0000   0.000  0.0000   0.000  0.0000   0.000  0.0000   0.000  0.0000   0.000  0.0000  0.00017327
1124 4 100.00  10.98   2.86   2.86 24520. 117.16 0.0285  7.2821718.1610.800.000   0.000   0.000  0.0000   0.000  0.0000   0.000  0.0000   0.000  0.0000   0.000  0.0000   0.000  0.0000   0.000  0.0000  0.00014332
1123 4 100.00  10.38   2.86   2.86 24420. 117.65 0.0250  6.7621718.1610.240.000   0.000   0.000  0.0000   0.000  0.0000   0.000  0.0000   0.000  0.0000   0.000  0.0000   0.000  0.0000   0.000  0.0000  0.00011335
1122 4 100.00  11.43   2.86   2.86 24320. 116.53 0.0231  7.8811718.1611.390.000   0.000   0.000  0.0000   0.000  0.0000   0.000  0.0000   0.000  0.0000   0.000  0.0000   0.000  0.0000   0.000  0.0000  0.00006672
1121 4 100.00  12.29   2.86   2.86 24220. 115.64 0.0286  8.7681718.1612.230.000   0.000   0.000  0.0000   0.000  0.0000   0.000  0.0000   0.000  0.0000   0.000  0.0000   0.000  0.0000   0.000  0.0000  0.00012334
1120 4 100.00  11.98   2.86   2.86 24120. 115.84 0.0290  8.5521718.1611.920.000   0.000   0.000  0.0000   0.000  0.0000   0.000  0.0000   0.000  0.0000   0.000  0.0000   0.000  0.0000   0.000  0.0000  0.00014666
1119 4 100.00   9.93   2.86   2.86 24020. 118.00 0.0272  6.3741718.16 9.780.000   0.000   0.000  0.0000   0.000  0.0000   0.000  0.0000   0.000  0.0000   0.000  0.0000   0.000  0.0000   0.000  0.0000  0.00012661
1118 4 100.00  10.10   2.86   2.86 23920. 117.69 0.0294  6.6741718.16 9.950.000   0.000   0.000  0.0000   0.000  0.0000   0.000  0.0000   0.000  0.0000   0.000  0.0000   0.000  0.0000   0.000  0.0000  0.00016663
5117 5 100.00  10.18   2.86   2.86 23875. 117.60 0.0295  6.7551718.1610.080.000   0.000   0.000  0.0000   0.000  0.0000   0.000  0.0000   0.000  0.0000   0.000  0.0000   0.000  0.0000   0.000  0.0000  0.00017662
1117 4 100.00  10.28   2.86   2.86 23820. 117.50 0.0282  6.8431718.1610.230.000   0.000   0.000  0.0000   0.000  0.0000   0.000  0.0000   0.000  0.0000   0.000  0.0000   0.000  0.0000   0.000  0.0000  0.00015331
1116 4 100.00  10.26   2.86   2.86 23720. 117.39 0.0272  6.9401718.1610.120.000   0.000   0.000  0.0000   0.000  0.0000   0.000  0.0000   0.000  0.0000   0.000  0.0000   0.000  0.0000   0.000  0.0000  0.00013000
1115 4 100.00  11.74   2.86   2.86 23620. 115.97 0.0282  8.3571718.1611.650.000   0.000   0.000  0.0000   0.000  0.0000   0.000  0.0000   0.000  0.0000   0.000  0.0000   0.000  0.0000   0.000  0.0000  0.00012335
1114 4 100.00  10.52   2.86   2.86 23520. 117.10 0.0288  7.2041718.1610.480.000   0.000   0.000  0.0000   0.000  0.0000   0.000  0.0000   0.000  0.0000   0.000  0.0000   0.000  0.0000   0.000  0.0000  0.00016339
1113 4 100.00  10.04   2.86   2.86 23420. 117.45 0.0285  6.8431718.16 9.990.000   0.000   0.000  0.0000   0.000  0.0000   0.000  0.0000   0.000  0.0000   0.000  0.0000   0.000  0.0000   0.000  0.0000  0.00014667
1112 4 100.00  10.05   2.86   2.86 23320. 117.40 0.0273  6.8781718.16 9.960.000   0.000   0.000  0.0000   0.000  0.0000   0.000  0.0000   0.000  0.0000   0.000  0.0000   0.000  0.0000   0.000  0.0000  0.00012668
1111 4 100.00   9.46   2.86   2.86 23220. 118.08 0.0278  6.1801718.16 9.400.000   0.000   0.000  0.0000   0.000  0.0000   0.000  0.0000   0.000  0.0000   0.000  0.0000   0.000  0.0000   0.000  0.0000  0.00014331
1110 4 100.00  10.01   2.86   2.86 23120. 117.35 0.0285  6.9051718.16 9.870.000   0.000   0.000  0.0000   0.000  0.0000   0.000  0.0000   0.000  0.0000   0.000  0.0000   0.000  0.0000   0.000  0.0000  0.00013332
1109 4 100.00   9.94   2.86   2.86 23020. 117.54 0.0290  6.6951718.16 9.800.000   0.000   0.000  0.0000   0.000  0.0000   0.000  0.0000   0.000  0.0000   0.000  0.0000   0.000  0.0000   0.000  0.0000  0.00016330
1108 4 100.00   9.94   2.86   2.86 22920. 117.54 0.0272  6.6801718.16 9.800.000   0.000   0.000  0.0000   0.000  0.0000   0.000  0.0000   0.000  0.0000   0.000  0.0000   0.000  0.0000   0.000  0.0000  0.00012669
1107 4 100.00  10.28   2.86   2.86 22820. 116.99 0.0253  7.2161718.1610.210.000   0.000   0.000  0.0000   0.000  0.0000   0.000  0.0000   0.000  0.0000   0.000  0.0000   0.000  0.0000   0.000  0.0000  0.00009997
1106 4 100.00  11.36   2.86   2.86 22720. 115.95 0.0258  8.2471718.1611.230.000   0.000   0.000  0.0000   0.000  0.0000   0.000  0.0000   0.000  0.0000   0.000  0.0000   0.000  0.0000   0.000  0.0000  0.00009330
1105 4 100.00  11.24   2.86   2.86 22620. 116.05 0.0284  8.1401718.1611.140.000   0.000   0.000  0.0000   0.000  0.0000   0.000  0.0000   0.000  0.0000   0.000  0.0000   0.000  0.0000   0.000  0.0000  0.00011665
1104 4 100.00  11.24   2.86   2.86 22520. 116.05 0.0286  8.1281718.1611.140.000   0.000   0.000  0.0000   0.000  0.0000   0.000  0.0000   0.000  0.0000   0.000  0.0000   0.000  0.0000   0.000  0.0000  0.00012006
1103 4 100.00   9.71   2.86   2.86 22420. 117.34 0.0271  6.8221718.16 9.650.000   0.000   0.000  0.0000   0.000  0.0000   0.000  0.0000   0.000  0.0000   0.000  0.0000   0.000  0.0000   0.000  0.0000  0.00010669
1102 4 100.00  10.23   2.86   2.86 22320. 116.96 0.0278  7.1941718.16 9.970.000   0.000   0.000  0.0000   0.000  0.0000   0.000  0.0000   0.000  0.0000   0.000  0.0000   0.000  0.0000   0.000  0.0000  0.00009996
1101 4 100.00   9.85   2.86   2.86 22220. 117.15 0.0302  6.9961718.16 9.810.000   0.000   0.000  0.0000   0.000  0.0000   0.000  0.0000   0.000  0.0000   0.000  0.0000   0.000  0.0000   0.000  0.0000  0.00012662
1100 4 100.00  10.62   2.86   2.86 22120. 116.31 0.0287  7.8221718.1610.580.000   0.000   0.000  0.0000   0.000  0.0000   0.000  0.0000   0.000  0.0000   0.000  0.0000   0.000  0.0000   0.000  0.0000  0.00010337
1099 4 100.00  11.16   2.86   2.86 22020. 115.81 0.0295  8.3061718.1611.090.000   0.000   0.000  0.0000   0.000  0.0000   0.000  0.0000   0.000  0.0000   0.000  0.0000   0.000  0.0000   0.000  0.0000  0.00012670
1098 4 100.00  11.21   2.86   2.86 21920. 115.64 0.0311  8.4751718.1611.070.000   0.000   0.000  0.0000   0.000  0.0000   0.000  0.0000   0.000  0.0000   0.000  0.0000   0.000  0.0000   0.000  0.0000  0.00012336
1097 4 100.00  13.20   2.86   2.86 21820. 113.58 0.0333 10.5141718.1613.070.000   0.000   0.000  0.0000   0.000  0.0000   0.000  0.0000   0.000  0.0000   0.000  0.0000   0.000  0.0000   0.000  0.0000  0.00018333
1096 4 100.00  11.71   2.86   2.86 21720. 115.06 0.0316  9.0191718.1611.650.000   0.000   0.000  0.0000   0.000  0.0000   0.000  0.0000   0.000  0.0000   0.000  0.0000   0.000  0.0000   0.000  0.0000  0.00016002
1095 4 100.00  11.16   2.86   2.86 21620. 115.64 0.0313  8.4201718.1611.050.000   0.000   0.000  0.0000   0.000  0.0000   0.000  0.0000   0.000  0.0000   0.000  0.0000   0.000  0.0000   0.000  0.0000  0.00016667
1094 4 100.00  11.47   2.86   2.86 21520. 115.16 0.0313  8.8861718.1611.410.000   0.000   0.000  0.0000   0.000  0.0000   0.000  0.0000   0.000  0.0000   0.000  0.0000   0.000  0.0000   0.000  0.0000  0.00015998
1093 4 100.00  11.69   2.86   2.86 21420. 114.90 0.0311  9.1291718.1611.660.000   0.000   0.000  0.0000   0.000  0.0000   0.000  0.0000   0.000  0.0000   0.000  0.0000   0.000  0.0000   0.000  0.0000  0.00015667
1092 4 100.00  11.64   2.86   2.86 21320. 114.90 0.0295  9.1121718.1611.580.000   0.000   0.000  0.0000   0.000  0.0000   0.000  0.0000   0.000  0.0000   0.000  0.0000   0.000  0.0000   0.000  0.0000  0.00013002
1091 4 100.00  12.62   2.86   2.86 21220. 114.01 0.0285  9.9891718.1612.490.000   0.000   0.000  0.0000   0.000  0.0000   0.000  0.0000   0.000  0.0000   0.000  0.0000   0.000  0.0000   0.000  0.0000  0.00010667
1090 4 100.00  11.44   2.86   2.86 21120. 115.04 0.0294  8.9501718.1611.410.000   0.000   0.000  0.0000   0.000  0.0000   0.000  0.0000   0.000  0.0000   0.000  0.0000   0.000  0.0000   0.000  0.0000  0.00010662
1089 4 100.00  11.77   2.86   2.86 21020. 114.70 0.0294  9.2801718.1611.580.000   0.000   0.000  0.0000   0.000  0.0000   0.000  0.0000   0.000  0.0000   0.000  0.0000   0.000  0.0000   0.000  0.0000  0.00009995
1088 4 100.00  10.40   2.86   2.86 20920. 116.05 0.0319  7.9171718.1610.290.000   0.000   0.000  0.0000   0.000  0.0000   0.000  0.0000   0.000  0.0000   0.000  0.0000   0.000  0.0000   0.000  0.0000  0.00013665
1087 4 100.00  10.51   2.86   2.86 20820. 115.81 0.0318  8.1501718.1610.470.000   0.000   0.000  0.0000   0.000  0.0000   0.000  0.0000   0.000  0.0000   0.000  0.0000   0.000  0.0000   0.000  0.0000  0.00012005
1086 4 100.00  10.30   2.86   2.86 20720. 115.92 0.0317  8.0191718.1610.240.000   0.000   0.000  0.0000   0.000  0.0000   0.000  0.0000   0.000  0.0000   0.000  0.0000   0.000  0.0000   0.000  0.0000  0.00014506
1085 4 100.00  10.28   2.86   2.86 20620. 115.98 0.0282  7.9541718.1610.220.000   0.000   0.000  0.0000   0.000  0.0000   0.000  0.0000   0.000  0.0000   0.000  0.0000   0.000  0.0000   0.000  0.0000  0.00008335
1084 4 100.00   9.60   2.86   2.86 20520. 116.48 0.0312  7.4521718.16 9.560.000   0.000   0.000  0.0000   0.000  0.0000   0.000  0.0000   0.000  0.0000   0.000  0.0000   0.000  0.0000   0.000  0.0000  0.00009670
1083 4 100.00  10.83   2.86   2.86 20420. 115.43 0.0312  8.4841718.1610.680.000   0.000   0.000  0.0000   0.000  0.0000   0.000  0.0000   0.000  0.0000   0.000  0.0000   0.000  0.0000   0.000  0.0000  0.00011333
1082 4 100.00  10.29   2.86   2.86 20320. 115.75 0.0307  8.1551718.1610.170.000   0.000   0.000  0.0000   0.000  0.0000   0.000  0.0000   0.000  0.0000   0.000  0.0000   0.000  0.0000   0.000  0.0000  0.00010001
1081 4 100.00  10.28   2.86   2.86 20220. 115.77 0.0323  8.1281718.1610.250.000   0.000   0.000  0.0000   0.000  0.0000   0.000  0.0000   0.000  0.0000   0.000  0.0000   0.000  0.0000   0.000  0.0000  0.00010994
1080 4 100.00  10.63   2.86   2.86 20120. 115.49 0.0302  8.3941718.1610.480.000   0.000   0.000  0.0000   0.000  0.0000   0.000  0.0000   0.000  0.0000   0.000  0.0000   0.000  0.0000   0.000  0.0000  0.00009331
1079 4 100.00   9.97   2.86   2.86 20020. 116.02 0.0273  7.8521718.16 9.910.000   0.000   0.000  0.0000   0.000  0.0000   0.000  0.0000   0.000  0.0000   0.000  0.0000   0.000  0.0000   0.000  0.0000  0.00006665
1078 4 100.00   9.98   2.86   2.86 19920. 115.94 0.0265  7.9301718.16 9.880.000   0.000   0.000  0.0000   0.000  0.0000   0.000  0.0000   0.000  0.0000   0.000  0.0000   0.000  0.0000   0.000  0.0000  0.00005000
1077 4 100.00  10.08   2.86   2.86 19820. 115.73 0.0292  8.1341718.16 9.990.000   0.000   0.000  0.0000   0.000  0.0000   0.000  0.0000   0.000  0.0000   0.000  0.0000   0.000  0.0000   0.000  0.0000  0.00006669
1076 4 100.00   9.72   2.86   2.86 19720. 116.05 0.0286  7.8071718.16 9.670.000   0.000   0.000  0.0000   0.000  0.0000   0.000  0.0000   0.000  0.0000   0.000  0.0000   0.000  0.0000   0.000  0.0000  0.00006335
1075 4 100.00  10.50   2.86   2.86 19620. 115.29 0.0309  8.5601718.1610.440.000   0.000   0.000  0.0000   0.000  0.0000   0.000  0.0000   0.000  0.0000   0.000  0.0000   0.000  0.0000   0.000  0.0000  0.00008670
1074 4 100.00  10.30   2.86   2.86 19520. 115.33 0.0309  8.5151718.1610.190.000   0.000   0.000  0.0000   0.000  0.0000   0.000  0.0000   0.000  0.0000   0.000  0.0000   0.000  0.0000   0.000  0.0000  0.00007997
1073 4 100.00  10.85   2.86   2.86 19420. 114.87 0.0310  8.9611718.1610.800.000   0.000   0.000  0.0000   0.000  0.0000   0.000  0.0000   0.000  0.0000   0.000  0.0000   0.000  0.0000   0.000  0.0000  0.00009665
1072 4 100.00  11.37   2.86   2.86 19320. 114.21 0.0301  9.6161718.1611.240.000   0.000   0.000  0.0000   0.000  0.0000   0.000  0.0000   0.000  0.0000   0.000  0.0000   0.000  0.0000   0.000  0.0000  0.00007668
1071 4 100.00  11.64   2.86   2.86 19220. 114.01 0.0310  9.8061718.1611.470.000   0.000   0.000  0.0000   0.000  0.0000   0.000  0.0000   0.000  0.0000   0.000  0.0000   0.000  0.0000   0.000  0.0000  0.00009005
1070 4 100.00  11.64   2.86   2.86 19120. 114.01 0.0275  9.8021718.1611.470.000   0.000   0.000  0.0000   0.000  0.0000   0.000  0.0000   0.000  0.0000   0.000  0.0000   0.000  0.0000   0.000  0.0000  0.00005666
1069 4 100.00  11.15   2.86   2.86 19020. 114.35 0.0306  9.4621718.1611.100.000   0.000   0.000  0.0000   0.000  0.0000   0.000  0.0000   0.000  0.0000   0.000  0.0000   0.000  0.0000   0.000  0.0000  0.00006668
1068 4 100.00  12.66   2.86   2.86 18920. 112.85 0.0311 10.9491718.1612.620.000   0.000   0.000  0.0000   0.000  0.0000   0.000  0.0000   0.000  0.0000   0.000  0.0000   0.000  0.0000   0.000  0.0000  0.00007999
1067 4 100.00  12.93   2.86   2.86 18820. 112.59 0.0264 11.2021718.1612.790.000   0.000   0.000  0.0000   0.000  0.0000   0.000  0.0000   0.000  0.0000   0.000  0.0000   0.000  0.0000   0.000  0.0000  0.00004334
1066 4 100.00  12.13   2.86   2.86 18720. 113.36 0.0273 10.4281718.1611.940.000   0.000   0.000  0.0000   0.000  0.0000   0.000  0.0000   0.000  0.0000   0.000  0.0000   0.000  0.0000   0.000  0.0000  0.00004333
1065 4 100.00  12.08   2.86   2.86 18620. 113.38 0.0273 10.4061718.1612.000.000   0.000   0.000  0.0000   0.000  0.0000   0.000  0.0000   0.000  0.0000   0.000  0.0000   0.000  0.0000   0.000  0.0000  0.00003666
1064 4 100.00  11.72   2.86   2.86 18520. 113.61 0.0281 10.1691718.1611.660.000   0.000   0.000  0.0000   0.000  0.0000   0.000  0.0000   0.000  0.0000   0.000  0.0000   0.000  0.0000   0.000  0.0000  0.00004334
1063 4 100.00  12.23   2.86   2.86 18420. 113.22 0.0280 10.5571718.1612.110.000   0.000   0.000  0.0000   0.000  0.0000   0.000  0.0000   0.000  0.0000   0.000  0.0000   0.000  0.0000   0.000  0.0000  0.00003669
1062 4 100.00  12.19   2.86   2.86 18320. 113.18 0.0332 10.5931718.1612.000.000   0.000   0.000  0.0000   0.000  0.0000   0.000  0.0000   0.000  0.0000   0.000  0.0000   0.000  0.0000   0.000  0.0000  0.00006665
1061 4 100.00  12.19   2.86   2.86 18220. 113.18 0.0336 10.5881718.1612.000.000   0.000   0.000  0.0000   0.000  0.0000   0.000  0.0000   0.000  0.0000   0.000  0.0000   0.000  0.0000   0.000  0.0000  0.00007000
1060 4 100.00  12.03   2.86   2.86 18120. 113.45 0.0321 10.3071718.1611.860.000   0.000   0.000  0.0000   0.000  0.0000   0.000  0.0000   0.000  0.0000   0.000  0.0000   0.000  0.0000   0.000  0.0000  0.00006996
1059 4 100.00  11.12   2.86   2.86 18020. 114.17 0.0303  9.5821718.1611.020.000   0.000   0.000  0.0000   0.000  0.0000   0.000  0.0000   0.000  0.0000   0.000  0.0000   0.000  0.0000   0.000  0.0000  0.00005336
1058 4 100.00  10.98   2.86   2.86 17920. 114.31 0.0315  9.4371718.1610.880.000   0.000   0.000  0.0000   0.000  0.0000   0.000  0.0000   0.000  0.0000   0.000  0.0000   0.000  0.0000   0.000  0.0000  0.00006000
1057 4 100.00  10.86   2.86   2.86 17820. 114.40 0.0319  9.3411718.1610.730.000   0.000   0.000  0.0000   0.000  0.0000   0.000  0.0000   0.000  0.0000   0.000  0.0000   0.000  0.0000   0.000  0.0000  0.00006332
1056 4 100.00  10.46   2.86   2.86 17720. 114.70 0.0302  9.0341718.1610.410.000   0.000   0.000  0.0000   0.000  0.0000   0.000  0.0000   0.000  0.0000   0.000  0.0000   0.000  0.0000   0.000  0.0000  0.00005329
1055 4 100.00  10.56   2.86   2.86 17620. 114.66 0.0303  9.0681718.1610.360.000   0.000   0.000  0.0000   0.000  0.0000   0.000  0.0000   0.000  0.0000   0.000  0.0000   0.000  0.0000   0.000  0.0000  0.00005330
1054 4 100.00  10.70   2.86   2.86 17520. 114.50 0.0306  9.2251718.1610.630.000   0.000   0.000  0.0000   0.000  0.0000   0.000  0.0000   0.000  0.0000   0.000  0.0000   0.000  0.0000   0.000  0.0000  0.00005002
1053 4 100.00  10.53   2.86   2.86 17420. 114.60 0.0316  9.1181718.1610.490.000   0.000   0.000  0.0000   0.000  0.0000   0.000  0.0000   0.000  0.0000   0.000  0.0000   0.000  0.0000   0.000  0.0000  0.00006002
1052 4 100.00  10.68   2.86   2.86 17320. 114.52 0.0309  9.1931718.1610.610.000   0.000   0.000  0.0000   0.000  0.0000   0.000  0.0000   0.000  0.0000   0.000  0.0000   0.000  0.0000   0.000  0.0000  0.00005335
1051 4 100.00  10.80   2.86   2.86 17220. 114.47 0.0297  9.2371718.1610.670.000   0.000   0.000  0.0000   0.000  0.0000   0.000  0.0000   0.000  0.0000   0.000  0.0000   0.000  0.0000   0.000  0.0000  0.00004668
1050 4 100.00  10.57   2.86   2.86 17120. 114.62 0.0306  9.0821718.1610.420.000   0.000   0.000  0.0000   0.000  0.0000   0.000  0.0000   0.000  0.0000   0.000  0.0000   0.000  0.0000   0.000  0.0000  0.00005001
1049 4 100.00  10.43   2.86   2.86 17020. 114.74 0.0306  8.9591718.1610.320.000   0.000   0.000  0.0000   0.000  0.0000   0.000  0.0000   0.000  0.0000   0.000  0.0000   0.000  0.0000   0.000  0.0000  0.00004665
1048 4 100.00  10.87   2.86   2.86 16920. 114.27 0.0317  9.4221718.1610.760.000   0.000   0.000  0.0000   0.000  0.0000   0.000  0.0000   0.000  0.0000   0.000  0.0000   0.000  0.0000   0.000  0.0000  0.00005665
1047 4 100.00  11.17   2.86   2.86 16820. 113.87 0.0305  9.8181718.1611.100.000   0.000   0.000  0.0000   0.000  0.0000   0.000  0.0000   0.000  0.0000   0.000  0.0000   0.000  0.0000   0.000  0.0000  0.00004665
1046 4 100.00  11.30   2.86   2.86 16720. 113.97 0.0304  9.7121718.1611.230.000   0.000   0.000  0.0000   0.000  0.0000   0.000  0.0000   0.000  0.0000   0.000  0.0000   0.000  0.0000   0.000  0.0000  0.00004666
1045 4 100.00  11.18   2.86   2.86 16620. 114.02 0.0300  9.6581718.1611.090.000   0.000   0.000  0.0000   0.000  0.0000   0.000  0.0000   0.000  0.0000   0.000  0.0000   0.000  0.0000   0.000  0.0000  0.00004331
1044 4 100.00  11.50   2.86   2.86 16520. 113.63 0.0304 10.0441718.1611.470.000   0.000   0.000  0.0000   0.000  0.0000   0.000  0.0000   0.000  0.0000   0.000  0.0000   0.000  0.0000   0.000  0.0000  0.00004336
1043 4 100.00  10.66   2.86   2.86 16420. 114.37 0.0290  9.2991718.1610.620.000   0.000   0.000  0.0000   0.000  0.0000   0.000  0.0000   0.000  0.0000   0.000  0.0000   0.000  0.0000   0.000  0.0000  0.00003670
1042 4 100.00  10.71   2.86   2.86 16320. 114.41 0.0279  9.2551718.1610.540.000   0.000   0.000  0.0000   0.000  0.0000   0.000  0.0000   0.000  0.0000   0.000  0.0000   0.000  0.0000   0.000  0.0000  0.00002998
1041 4 100.00  10.93   2.86   2.86 16220. 114.28 0.0287  9.3831718.1610.900.000   0.000   0.000  0.0000   0.000  0.0000   0.000  0.0000   0.000  0.0000   0.000  0.0000   0.000  0.0000   0.000  0.0000  0.00003000
1040 4 100.00  10.81   2.86   2.86 16120. 114.34 0.0311  9.3201718.1610.760.000   0.000   0.000  0.0000   0.000  0.0000   0.000  0.0000   0.000  0.0000   0.000  0.0000   0.000  0.0000   0.000  0.0000  0.00003999
1039 4 100.00  11.16   2.86   2.86 16020. 114.06 0.0318  9.5961718.1610.950.000   0.000   0.000  0.0000   0.000  0.0000   0.000  0.0000   0.000  0.0000   0.000  0.0000   0.000  0.0000   0.000  0.0000  0.00004337
1038 4 100.00  11.52   2.86   2.86 15920. 113.54 0.0301 10.1111718.1611.360.000   0.000   0.000  0.0000   0.000  0.0000   0.000  0.0000   0.000  0.0000   0.000  0.0000   0.000  0.0000   0.000  0.0000  0.00003668
1037 4 100.00  11.88   2.86   2.86 15820. 113.32 0.0287 10.3271718.1611.750.000   0.000   0.000  0.0000   0.000  0.0000   0.000  0.0000   0.000  0.0000   0.000  0.0000   0.000  0.0000   0.000  0.0000  0.00003000
1036 4 100.00  11.76   2.86   2.86 15720. 113.28 0.0309 10.3651718.1611.620.000   0.000   0.000  0.0000   0.000  0.0000   0.000  0.0000   0.000  0.0000   0.000  0.0000   0.000  0.0000   0.000  0.0000  0.00003667
1035 4 100.00  12.56   2.86   2.86 15620. 112.56 0.0316 11.0821718.1612.370.000   0.000   0.000  0.0000   0.000  0.0000   0.000  0.0000   0.000  0.0000   0.000  0.0000   0.000  0.0000   0.000  0.0000  0.00003998
1034 4 100.00  12.43   2.86   2.86 15520. 112.79 0.0322 10.8461718.1512.260.000   0.000   0.000  0.0000   0.000  0.0000   0.000  0.0000   0.000  0.0000   0.000  0.0000   0.000  0.0000   0.000  0.0000  0.00004668
1033 4 100.00  13.19   2.86   2.86 15420. 111.87 0.0316 11.7631718.1513.100.000   0.000   0.000  0.0000   0.000  0.0000   0.000  0.0000   0.000  0.0000   0.000  0.0000   0.000  0.0000   0.000  0.0000  0.00004002
1032 4 100.00  12.95   2.86   2.86 15320. 112.18 0.0299 11.4481718.1512.850.000   0.000   0.000  0.0000   0.000  0.0000   0.000  0.0000   0.000  0.0000   0.000  0.0000   0.000  0.0000   0.000  0.0000  0.00003332
1031 4 100.00  13.38   2.86   2.86 15220. 111.62 0.0290 12.0041718.1513.310.000   0.000   0.000  0.0000   0.000  0.0000   0.000  0.0000   0.000  0.0000   0.000  0.0000   0.000  0.0000   0.000  0.0000  0.00002997
1030 4 100.00  14.22   2.86   2.86 15120. 110.83 0.0281 12.7931718.1514.150.000   0.000   0.000  0.0000   0.000  0.0000   0.000  0.0000   0.000  0.0000   0.000  0.0000   0.000  0.0000   0.000  0.0000  0.00002335
1029 4 100.00  13.46   2.86   2.86 15020. 111.64 0.0280 11.9791718.1513.290.000   0.000   0.000  0.0000   0.000  0.0000   0.000  0.0000   0.000  0.0000   0.000  0.0000   0.000  0.0000   0.000  0.0000  0.00002336
1028 4 100.00  13.56   2.86   2.86 14920. 111.52 0.0296 12.0971718.1513.310.000   0.000   0.000  0.0000   0.000  0.0000   0.000  0.0000   0.000  0.0000   0.000  0.0000   0.000  0.0000   0.000  0.0000  0.00002668
1027 4 100.00  13.53   2.86   2.86 14820. 111.63 0.0291 11.9861718.1513.140.000   0.000   0.000  0.0000   0.000  0.0000   0.000  0.0000   0.000  0.0000   0.000  0.0000   0.000  0.0000   0.000  0.0000  0.00002332
1026 4 100.00  12.75   2.86   2.86 14720. 112.27 0.0306 11.3411718.1512.460.000   0.000   0.000  0.0000   0.000  0.0000   0.000  0.0000   0.000  0.0000   0.000  0.0000   0.000  0.0000   0.000  0.0000  0.00002998
1025 4 100.00  12.38   2.86   2.86 14620. 112.68 0.0295 10.9301718.1512.330.000   0.000   0.000  0.0000   0.000  0.0000   0.000  0.0000   0.000  0.0000   0.000  0.0000   0.000  0.0000   0.000  0.0000  0.00002335
1024 4 100.00  12.38   2.86   2.86 14520. 112.68 0.0323 10.9271718.1512.330.000   0.000   0.000  0.0000   0.000  0.0000   0.000  0.0000   0.000  0.0000   0.000  0.0000   0.000  0.0000   0.000  0.0000  0.00003334
1023 4 100.00  12.22   2.86   2.86 14420. 112.93 0.0316 10.6741718.1512.000.000   0.000   0.000  0.0000   0.000  0.0000   0.000  0.0000   0.000  0.0000   0.000  0.0000   0.000  0.0000   0.000  0.0000  0.00003001
1022 4 100.00  11.62   2.86   2.86 14320. 113.52 0.0309 10.0801718.1511.580.000   0.000   0.000  0.0000   0.000  0.0000   0.000  0.0000   0.000  0.0000   0.000  0.0000   0.000  0.0000   0.000  0.0000  0.00002999
1021 4 100.00  11.36   2.86   2.86 14220. 113.65 0.0306  9.9481718.1511.260.000   0.000   0.000  0.0000   0.000  0.0000   0.000  0.0000   0.000  0.0000   0.000  0.0000   0.000  0.0000   0.000  0.0000  0.00002664
1020 4 100.00  11.48   2.86   2.86 14120. 113.62 0.0312  9.9751718.1511.340.000   0.000   0.000  0.0000   0.000  0.0000   0.000  0.0000   0.000  0.0000   0.000  0.0000   0.000  0.0000   0.000  0.0000  0.00003002
1019 4 100.00  11.45   2.86   2.86 14020. 113.54 0.0303 10.0521718.1511.380.000   0.000   0.000  0.0000   0.000  0.0000   0.000  0.0000   0.000  0.0000   0.000  0.0000   0.000  0.0000   0.000  0.0000  0.00002668
1018 4 100.00  11.66   2.86   2.86 13920. 113.47 0.0303 10.1191718.1511.520.000   0.000   0.000  0.0000   0.000  0.0000   0.000  0.0000   0.000  0.0000   0.000  0.0000   0.000  0.0000   0.000  0.0000  0.00002666
1017 4 100.00  11.94   2.86   2.86 13820. 113.17 0.0298 10.4171718.1511.790.000   0.000   0.000  0.0000   0.000  0.0000   0.000  0.0000   0.000  0.0000   0.000  0.0000   0.000  0.0000   0.000  0.0000  0.00002331
1016 4 100.00  12.03   2.86   2.86 13720. 113.01 0.0306 10.5741718.1511.970.000   0.000   0.000  0.0000   0.000  0.0000   0.000  0.0000   0.000  0.0000   0.000  0.0000   0.000  0.0000   0.000  0.0000  0.00002664
1015 4 100.00  12.11   2.86   2.86 13620. 112.91 0.0290 10.6721718.1511.980.000   0.000   0.000  0.0000   0.000  0.0000   0.000  0.0000   0.000  0.0000   0.000  0.0000   0.000  0.0000   0.000  0.0000  0.00001999
1014 4 100.00  13.12   2.86   2.86 13520. 111.98 0.0287 11.5991718.1512.970.000   0.000   0.000  0.0000   0.000  0.0000   0.000  0.0000   0.000  0.0000   0.000  0.0000   0.000  0.0000   0.000  0.0000  0.00001997
1013 4 100.00  13.42   2.86   2.86 13420. 111.72 0.0272 11.8591718.1513.350.000   0.000   0.000  0.0000   0.000  0.0000   0.000  0.0000   0.000  0.0000   0.000  0.0000   0.000  0.0000   0.000  0.0000  0.00001447
1012 4 100.00  14.54   2.86   2.86 13320. 110.39 0.0362 13.1891718.1514.370.000   0.000   0.000  0.0000   0.000  0.0000   0.000  0.0000   0.000  0.0000   0.000  0.0000   0.000  0.0000   0.000  0.0000  0.00003998
1011 4 100.00  13.45   2.86   2.86 13220. 111.71 0.0344 11.8651718.1513.230.000   0.000   0.000  0.0000   0.000  0.0000   0.000  0.0000   0.000  0.0000   0.000  0.0000   0.000  0.0000   0.000  0.0000  0.00003334
1010 4 100.00  12.89   2.86   2.86 13120. 112.08 0.0306 11.4911718.1512.840.000   0.000   0.000  0.0000   0.000  0.0000   0.000  0.0000   0.000  0.0000   0.000  0.0000   0.000  0.0000   0.000  0.0000  0.00002329
1009 4 100.00  12.54   2.86   2.86 13020. 112.44 0.0297 11.1291718.1512.420.000   0.000   0.000  0.0000   0.000  0.0000   0.000  0.0000   0.000  0.0000   0.000  0.0000   0.000  0.0000   0.000  0.0000  0.00002001
1008 4 100.00  12.59   2.86   2.86 12920. 112.50 0.0305 11.0681718.1512.420.000   0.000   0.000  0.0000   0.000  0.0000   0.000  0.0000   0.000  0.0000   0.000  0.0000   0.000  0.0000   0.000  0.0000  0.00001994
1007 4 100.00  13.74   2.86   2.86 12820. 111.26 0.0323 12.3051718.1513.640.000   0.000   0.000  0.0000   0.000  0.0000   0.000  0.0000   0.000  0.0000   0.000  0.0000   0.000  0.0000   0.000  0.0000  0.00002670
1006 4 100.00  14.53   2.86   2.86 12720. 110.51 0.0309 13.0531718.1614.450.000   0.000   0.000  0.0000   0.000  0.0000   0.000  0.0000   0.000  0.0000   0.000  0.0000   0.000  0.0000   0.000  0.0000  0.00002335
1005 4 100.00  14.73   2.86   2.86 12620. 110.26 0.0310 13.3001718.1614.620.000   0.000   0.000  0.0000   0.000  0.0000   0.000  0.0000   0.000  0.0000   0.000  0.0000   0.000  0.0000   0.000  0.0000  0.00002337
1004 4 100.00  15.36   2.86   2.86 12520. 109.74 0.0309 13.8181718.1615.280.000   0.000   0.000  0.0000   0.000  0.0000   0.000  0.0000   0.000  0.0000   0.000  0.0000   0.000  0.0000   0.000  0.0000  0.00002333
1003 4 100.00  15.64   2.86   2.86 12420. 109.35 0.0300 14.2061718.1615.600.000   0.000   0.000  0.0000   0.000  0.0000   0.000  0.0000   0.000  0.0000   0.000  0.0000   0.000  0.0000   0.000  0.0000  0.00001997
1002 4 100.00  15.59   2.86   2.86 12320. 109.53 0.0299 14.0231718.1615.450.000   0.000   0.000  0.0000   0.000  0.0000   0.000  0.0000   0.000  0.0000   0.000  0.0000   0.000  0.0000   0.000  0.0000  0.00002001
1001 4 100.00  15.20   2.86   2.86 12220. 109.68 0.0287 13.8721718.1615.080.000   0.000   0.000  0.0000   0.000  0.0000   0.000  0.0000   0.000  0.0000   0.000  0.0000   0.000  0.0000   0.000  0.0000  0.00001498
1000 4 100.00  14.32   2.86   2.86 12120. 110.76 0.0269 12.7911718.1614.160.000   0.000   0.000  0.0000   0.000  0.0000   0.000  0.0000   0.000  0.0000   0.000  0.0000   0.000  0.0000   0.000  0.0000  0.00001224
 999 4 100.00  16.04   2.86   2.86 12020. 108.91 0.0347 14.6421718.1615.870.000   0.000   0.000  0.0000   0.000  0.0000   0.000  0.0000   0.000  0.0000   0.000  0.0000   0.000  0.0000   0.000  0.0000  0.00002508
 998 4 100.00  13.97   2.86   2.86 11920. 110.87 0.0319 12.6791718.1613.930.000   0.000   0.000  0.0000   0.000  0.0000   0.000  0.0000   0.000  0.0000   0.000  0.0000   0.000  0.0000   0.000  0.0000  0.00002004
 997 4 100.00  14.02   2.86   2.86 11820. 111.62 0.0318 11.9271718.1613.990.000   0.000   0.000  0.0000   0.000  0.0000   0.000  0.0000   0.000  0.0000   0.000  0.0000   0.000  0.0000   0.000  0.0000  0.00002001
 996 4 100.00  12.92   2.86   2.86 11720. 112.03 0.0322 11.5161718.1612.890.000   0.000   0.000  0.0000   0.000  0.0000   0.000  0.0000   0.000  0.0000   0.000  0.0000   0.000  0.0000   0.000  0.0000  0.00001999
 995 4 100.00  12.54   2.86   2.86 11620. 112.49 0.0327 11.0531718.1612.510.000   0.000   0.000  0.0000   0.000  0.0000   0.000  0.0000   0.000  0.0000   0.000  0.0000   0.000  0.0000   0.000  0.0000  0.00002334
 994 4 100.00  13.04   2.86   2.86 11520. 111.94 0.0313 11.6011718.1613.010.000   0.000   0.000  0.0000   0.000  0.0000   0.000  0.0000   0.000  0.0000   0.000  0.0000   0.000  0.0000   0.000  0.0000  0.00001999
 993 4 100.00  13.04   2.86   2.86 11420. 111.94 0.0313 11.6001718.1613.010.000   0.000   0.000  0.0000   0.000  0.0000   0.000  0.0000   0.000  0.0000   0.000  0.0000   0.000  0.0000   0.000  0.0000  0.00002000
 992 4 100.00  13.43   2.86   2.86 11320. 111.59 0.0335 11.9491718.1613.400.000   0.000   0.000  0.0000   0.000  0.0000   0.000  0.0000   0.000  0.0000   0.000  0.0000   0.000  0.0000   0.000  0.0000  0.00002224
 991 4 100.00  13.03   2.86   2.86 11220. 112.00 0.0327 11.5351718.1512.850.000   0.000   0.000  0.0000   0.000  0.0000   0.000  0.0000   0.000  0.0000   0.000  0.0000   0.000  0.0000   0.000  0.0000  0.00002336
 990 4 100.00  13.07   2.86   2.86 11120. 111.83 0.0301 11.7031718.1513.040.000   0.000   0.000  0.0000   0.000  0.0000   0.000  0.0000   0.000  0.0000   0.000  0.0000   0.000  0.0000   0.000  0.0000  0.00001666
 989 4 100.00  13.47   2.86   2.86 11020. 111.37 0.0303 12.1621718.1613.400.000   0.000   0.000  0.0000   0.000  0.0000   0.000  0.0000   0.000  0.0000   0.000  0.0000   0.000  0.0000   0.000  0.0000  0.00001667
 988 4 100.00  13.61   2.86   2.86 10920. 111.43 0.0319 12.1001718.1513.440.000   0.000   0.000  0.0000   0.000  0.0000   0.000  0.0000   0.000  0.0000   0.000  0.0000   0.000  0.0000   0.000  0.0000  0.00001998
 987 4 100.00  13.86   2.86   2.86 10820. 111.10 0.0306 12.4291718.1513.710.000   0.000   0.000  0.0000   0.000  0.0000   0.000  0.0000   0.000  0.0000   0.000  0.0000   0.000  0.0000   0.000  0.0000  0.00001665
 986 4 100.00  13.62   2.86   2.86 10720. 111.37 0.0306 12.1591718.1513.480.000   0.000   0.000  0.0000   0.000  0.0000   0.000  0.0000   0.000  0.0000   0.000  0.0000   0.000  0.0000   0.000  0.0000  0.00001666
 985 4 100.00  13.40   2.86   2.86 10620. 111.53 0.0332 11.9951718.1513.360.000   0.000   0.000  0.0000   0.000  0.0000   0.000  0.0000   0.000  0.0000   0.000  0.0000   0.000  0.0000   0.000  0.0000  0.00002330
 984 4 100.00  13.48   2.86   2.86 10520. 111.35 0.0313 12.1741718.1513.440.000   0.000   0.000  0.0000   0.000  0.0000   0.000  0.0000   0.000  0.0000   0.000  0.0000   0.000  0.0000   0.000  0.0000  0.00001670
 983 4 100.00  14.22   2.86   2.86 10420. 110.67 0.0326 12.8521718.1514.140.000   0.000   0.000  0.0000   0.000  0.0000   0.000  0.0000   0.000  0.0000   0.000  0.0000   0.000  0.0000   0.000  0.0000  0.00002002
 982 4 100.00  15.00   2.86   2.86 10320. 110.07 0.0322 13.4501718.1614.920.000   0.000   0.000  0.0000   0.000  0.0000   0.000  0.0000   0.000  0.0000   0.000  0.0000   0.000  0.0000   0.000  0.0000  0.00002003
 981 4 100.00  15.27   2.86   2.86 10220. 109.78 0.0321 13.7381718.1615.080.000   0.000   0.000  0.0000   0.000  0.0000   0.000  0.0000   0.000  0.0000   0.000  0.0000   0.000  0.0000   0.000  0.0000  0.00001997
 980 4 100.00  15.56   2.86   2.86 10120. 109.37 0.0307 14.1461718.1615.500.000   0.000   0.000  0.0000   0.000  0.0000   0.000  0.0000   0.000  0.0000   0.000  0.0000   0.000  0.0000   0.000  0.0000  0.00001666
 979 4 100.00  15.65   2.86   2.86 10020. 109.27 0.0307 14.2441718.1615.540.000   0.000   0.000  0.0000   0.000  0.0000   0.000  0.0000   0.000  0.0000   0.000  0.0000   0.000  0.0000   0.000  0.0000  0.00001664
 978 4 100.00  16.32   2.86   2.86  9920. 108.63 0.0300 14.8831718.1616.250.000   0.000   0.000  0.0000   0.000  0.0000   0.000  0.0000   0.000  0.0000   0.000  0.0000   0.000  0.0000   0.000  0.0000  0.00001500
 977 4 100.00  15.46   2.86   2.86  9820. 109.38 0.0292 14.1321718.1615.370.000   0.000   0.000  0.0000   0.000  0.0000   0.000  0.0000   0.000  0.0000   0.000  0.0000   0.000  0.0000   0.000  0.0000  0.00001331
 976 4 100.00  16.46   2.86   2.86  9720. 108.64 0.0294 14.8711718.1616.350.000   0.000   0.000  0.0000   0.000  0.0000   0.000  0.0000   0.000  0.0000   0.000  0.0000   0.000  0.0000   0.000  0.0000  0.00001224
 975 4 100.00  15.36   2.86   2.86  9620. 109.64 0.0319 13.8691718.1615.160.000   0.000   0.000  0.0000   0.000  0.0000   0.000  0.0000   0.000  0.0000   0.000  0.0000   0.000  0.0000   0.000  0.0000  0.00001669
 974 4 100.00  14.83   2.86   2.86  9520. 110.08 0.0301 13.4281718.1614.700.000   0.000   0.000  0.0000   0.000  0.0000   0.000  0.0000   0.000  0.0000   0.000  0.0000   0.000  0.0000   0.000  0.0000  0.00001336
 973 4 100.00  14.26   2.86   2.86  9420. 110.69 0.0318 12.8161718.1614.030.000   0.000   0.000  0.0000   0.000  0.0000   0.000  0.0000   0.000  0.0000   0.000  0.0000   0.000  0.0000   0.000  0.0000  0.00001669
 972 4 100.00  14.93   2.86   2.86  9320. 110.14 0.0317 13.3651718.1514.890.000   0.000   0.000  0.0000   0.000  0.0000   0.000  0.0000   0.000  0.0000   0.000  0.0000   0.000  0.0000   0.000  0.0000  0.00001666
 971 4 100.00  13.81   2.86   2.86  9220. 111.13 0.0315 12.3731718.1513.740.000   0.000   0.000  0.0000   0.000  0.0000   0.000  0.0000   0.000  0.0000   0.000  0.0000   0.000  0.0000   0.000  0.0000  0.00001666
 970 4 100.00  13.51   2.86   2.86  9120. 111.48 0.0325 12.0211718.1513.390.000   0.000   0.000  0.0000   0.000  0.0000   0.000  0.0000   0.000  0.0000   0.000  0.0000   0.000  0.0000   0.000  0.0000  0.00001998
 969 4 100.00  13.53   2.86   2.86  9020. 111.43 0.0316 12.0701718.1513.400.000   0.000   0.000  0.0000   0.000  0.0000   0.000  0.0000   0.000  0.0000   0.000  0.0000   0.000  0.0000   0.000  0.0000  0.00001667
 968 4 100.00  13.77   2.86   2.86  8920. 111.20 0.0310 12.2971718.1513.680.000   0.000   0.000  0.0000   0.000  0.0000   0.000  0.0000   0.000  0.0000   0.000  0.0000   0.000  0.0000   0.000  0.0000  0.00001667
 967 4 100.00  14.07   2.86   2.86  8820. 110.88 0.0276 12.6161718.1513.880.000   0.000   0.000  0.0000   0.000  0.0000   0.000  0.0000   0.000  0.0000   0.000  0.0000   0.000  0.0000   0.000  0.0000  0.00001000
 966 4 100.00  14.51   2.86   2.86  8720. 110.52 0.0276 12.9751718.1514.330.000   0.000   0.000  0.0000   0.000  0.0000   0.000  0.0000   0.000  0.0000   0.000  0.0000   0.000  0.0000   0.000  0.0000  0.00001002
 965 4 100.00  14.68   2.86   2.86  8620. 110.16 0.0231 13.3341718.1514.630.000   0.000   0.000  0.0000   0.000  0.0000   0.000  0.0000   0.000  0.0000   0.000  0.0000   0.000  0.0000   0.000  0.0000  0.00000499
 964 4 100.00  14.70   2.86   2.86  8520. 110.23 0.0161 13.2641718.1514.550.000   0.000   0.000  0.0000   0.000  0.0000   0.000  0.0000   0.000  0.0000   0.000  0.0000   0.000  0.0000   0.000  0.0000  0.00000166
 963 4 100.00  14.76   2.86   2.86  8420. 110.22 0.0245 13.2741718.1514.680.000   0.000   0.000  0.0000   0.000  0.0000   0.000  0.0000   0.000  0.0000   0.000  0.0000   0.000  0.0000   0.000  0.0000  0.00000506
 962 4 100.00  14.25   2.86   2.86  8320. 110.56 0.0436 12.9351718.1514.190.000   0.000   0.000  0.0000   0.000  0.0000   0.000  0.0000   0.000  0.0000   0.000  0.0000   0.000  0.0000   0.000  0.0000  0.00005510
 961 4 100.00  15.12   2.86   2.86  8220. 109.94 0.0438 13.5541718.1514.830.000   0.000   0.000  0.0000   0.000  0.0000   0.000  0.0000   0.000  0.0000   0.000  0.0000   0.000  0.0000   0.000  0.0000  0.00005510
 960 4 100.00  15.83   2.86   2.86  8140. 109.19 0.0382 14.2961718.1515.660.000   0.000   0.000  0.0000   0.000  0.0000   0.000  0.0000   0.000  0.0000   0.000  0.0000   0.000  0.0000   0.000  0.0000  0.00004335
 959 4 100.00  15.83   2.86   2.86  8120. 109.19 0.0340 14.2961718.1515.660.000   0.000   0.000  0.0000   0.000  0.0000   0.000  0.0000   0.000  0.0000   0.000  0.0000   0.000  0.0000   0.000  0.0000  0.00002497
 958 4 100.00  16.22   2.86   2.86  8020. 108.98 0.0364 14.5031718.1515.880.000   0.000   0.000  0.0000   0.000  0.0000   0.000  0.0000   0.000  0.0000   0.000  0.0000   0.000  0.0000   0.000  0.0000  0.00003665
 957 4 100.00  16.51   2.86   2.86  7920. 108.69 0.0359 14.7911718.1516.090.000   0.000   0.000  0.0000   0.000  0.0000   0.000  0.0000   0.000  0.0000   0.000  0.0000   0.000  0.0000   0.000  0.0000  0.00003667
 956 4 100.00  17.19   2.86   2.86  7820. 108.49 0.0369 14.9851718.1516.340.000   0.000   0.000  0.0000   0.000  0.0000   0.000  0.0000   0.000  0.0000   0.000  0.0000   0.000  0.0000   0.000  0.0000  0.00005336
 955 4 100.00  16.55   2.86   2.86  7720. 108.58 0.0361 14.8921718.1516.480.000   0.000   0.000  0.0000   0.000  0.0000   0.000  0.0000   0.000  0.0000   0.000  0.0000   0.000  0.0000   0.000  0.0000  0.00005000
 954 4 100.00  16.11   2.86   2.86  7620. 108.90 0.0359 14.5651718.1516.000.000   0.000   0.000  0.0000   0.000  0.0000   0.000  0.0000   0.000  0.0000   0.000  0.0000   0.000  0.0000   0.000  0.0000  0.00006332
 953 4 100.00  15.82   2.86   2.86  7520. 109.38 0.0338 14.0801718.1515.560.000   0.000   0.000  0.0000   0.000  0.0000   0.000  0.0000   0.000  0.0000   0.000  0.0000   0.000  0.0000   0.000  0.0000  0.00005250
 952 4 100.00  15.52   2.86   2.86  7420. 109.68 0.0326 13.7731718.1515.220.000   0.000   0.000  0.0000   0.000  0.0000   0.000  0.0000   0.000  0.0000   0.000  0.0000   0.000  0.0000   0.000  0.0000  0.00005253
 951 4 100.00  15.80   2.86   2.86  7340. 109.37 0.0321 14.0801718.1515.550.000   0.000   0.000  0.0000   0.000  0.0000   0.000  0.0000   0.000  0.0000   0.000  0.0000   0.000  0.0000   0.000  0.0000  0.00004918
 950 4 100.00  15.80   2.86   2.86  7320. 109.37 0.0330 14.0791718.1515.550.000   0.000   0.000  0.0000   0.000  0.0000   0.000  0.0000   0.000  0.0000   0.000  0.0000   0.000  0.0000   0.000  0.0000  0.00005498
 949 4 100.00  14.69   2.86   2.86  7220. 110.52 0.0269 12.9261718.1514.350.000   0.000   0.000  0.0000   0.000  0.0000   0.000  0.0000   0.000  0.0000   0.000  0.0000   0.000  0.0000   0.000  0.0000  0.00002778
 948 4 100.00  14.30   2.86   2.86  7180. 110.76 0.0273 12.6851718.1514.200.000   0.000   0.000  0.0000   0.000  0.0000   0.000  0.0000   0.000  0.0000   0.000  0.0000   0.000  0.0000   0.000  0.0000  0.00002503
 947 4 100.00  14.30   2.86   2.86  7120. 110.76 0.0128 12.6851718.1514.200.000   0.000   0.000  0.0000   0.000  0.0000   0.000  0.0000   0.000  0.0000   0.000  0.0000   0.000  0.0000   0.000  0.0000  0.00000276
 946 4 100.00  14.34   2.86   2.86  7020. 110.79 0.0125 12.6571718.1514.100.000   0.000   0.000  0.0000   0.000  0.0000   0.000  0.0000   0.000  0.0000   0.000  0.0000   0.000  0.0000   0.000  0.0000  0.00000001
 945 4 100.00  13.71   2.86   2.86  6920. 111.22 0.0125 12.2301638.9013.650.000   0.000   0.000  0.0000   0.000  0.0000   0.000  0.0000   0.000  0.0000   0.000  0.0000   0.000  0.0000   0.000  0.0000  0.00000001
 944 4 100.00  13.59   2.86   2.86  6820. 111.41 0.0410 12.0431559.6513.400.000   0.000   0.000  0.0000   0.000  0.0000   0.000  0.0000   0.000  0.0000   0.000  0.0000   0.000  0.0000   0.000  0.0000  0.00006499
 943 4 100.00  12.94   2.86   2.86  6720. 111.96 0.0468 11.4961480.4012.860.000   0.000   0.000  0.0000   0.000  0.0000   0.000  0.0000   0.000  0.0000   0.000  0.0000   0.000  0.0000   0.000  0.0000  0.00012996
 942 4 100.00  10.62   2.86   2.86  6620. 114.39 0.0328  9.0591401.1510.570.000   0.000   0.000  0.0000   0.000  0.0000   0.000  0.0000   0.000  0.0000   0.000  0.0000   0.000  0.0000   0.000  0.0000  0.00004946
 941 4 100.00  10.62   2.86   2.86  6580. 114.39 0.0316  9.0571321.9010.570.000   0.000   0.000  0.0000   0.000  0.0000   0.000  0.0000   0.000  0.0000   0.000  0.0000   0.000  0.0000   0.000  0.0000  0.00003755
 940 4 100.00  12.08   2.86   2.86  6520. 112.87 0.0125 10.5771242.6512.030.000   0.000   0.000  0.0000   0.000  0.0000   0.000  0.0000   0.000  0.0000   0.000  0.0000   0.000  0.0000   0.000  0.0000  0.00000001
 939 4 100.00  12.79   2.86   2.86  6420. 112.25 0.0125 11.2001163.4012.720.000   0.000   0.000  0.0000   0.000  0.0000   0.000  0.0000   0.000  0.0000   0.000  0.0000   0.000  0.0000   0.000  0.0000  0.00000001
 938 4 100.00  14.01   2.86   2.86  6340. 111.00 0.0342 12.4531084.1513.970.000   0.000   0.000  0.0000   0.000  0.0000   0.000  0.0000   0.000  0.0000   0.000  0.0000   0.000  0.0000   0.000  0.0000  0.00003003
 937 4 100.00  14.01   2.86   2.86  6320. 111.00 0.0405 12.4561004.9013.970.000   0.000   0.000  0.0000   0.000  0.0000   0.000  0.0000   0.000  0.0000   0.000  0.0000   0.000  0.0000   0.000  0.0000  0.00006004
 936 2 120.00  13.55   2.86   2.86  6220. 110.50 0.0312 12.950 925.6513.550.000   0.000   0.000  0.0000   0.000  0.0000   0.000  0.0000   0.000  0.0000   0.000  0.0000   0.000  0.0000   0.000  0.0000  0.00006005
