"IAB","ITYPE","WIDTH","HEIT","ZTR","ZTL","XL","ZO","RNI","DZERO","HZERO","QZERO","ZS","CKS","HR0","HR1","RNV1","HR2","RNV2","HR3","RNV3","HR4","RNV4","HR5","RNV5","HR6","RNV6","HR7","RNV7","SF","X","Y","ID","ZSHIFT"                                                                                     
1223,4,0.00,17.52,0.00,0.00,2369.0,115.36,0.0125,9.405,124.765,1500.000,16.58,0.000,0.000,0.000,0.0000,0.000,0.0000,0.000,0.0000,0.000,0.0000,0.000,0.0000,0.000,0.0000,0.000,0.0000,0.00000001,3420147.43,5394754.61,21384,0.00
1222,4,0.00,14.00,0.00,0.00,2300.0,117.72,0.0249,7.385,125.105,1500.000,13.85,0.000,0.000,0.000,0.0000,0.000,0.0000,0.000,0.0000,0.000,0.0000,0.000,0.0000,0.000,0.0000,0.000,0.0000,0.00008829,3420191.13,5394808.00,21384,0.00
1221,4,0.00,20.88,0.00,0.00,2200.0,110.77,0.0420,14.540,125.310,1500.000,19.44,0.000,0.000,0.000,0.0000,0.000,0.0000,0.000,0.0000,0.000,0.0000,0.000,0.0000,0.000,0.0000,0.000,0.0000,0.00017732,3420254.48,5394885.38,21384,0.00
1220,4,0.00,14.91,0.00,0.00,2098.0,116.61,0.0353,8.682,125.292,1500.000,13.72,0.000,0.000,0.000,0.0000,0.000,0.0000,0.000,0.0000,0.000,0.0000,0.000,0.0000,0.000,0.0000,0.000,0.0000,0.00013492,3420319.09,5394964.31,21384,0.00
1219,4,0.00,13.44,0.00,0.00,1997.0,118.07,0.0308,7.204,125.274,1500.000,12.14,0.000,0.000,0.000,0.0000,0.000,0.0000,0.000,0.0000,0.000,0.0000,0.000,0.0000,0.000,0.0000,0.000,0.0000,0.00011410,3420383.55,5395042.07,21384,0.00
1218,4,0.00,13.57,0.00,0.00,1897.0,117.96,0.0227,7.311,125.271,1500.000,12.32,0.000,0.000,0.000,0.0000,0.000,0.0000,0.000,0.0000,0.000,0.0000,0.000,0.0000,0.000,0.0000,0.000,0.0000,0.00003334,3420447.58,5395118.88,21384,0.00
1217,4,0.00,14.17,0.00,0.00,1796.0,117.06,0.0254,8.210,125.270,1500.000,13.19,0.000,0.000,0.000,0.0000,0.000,0.0000,0.000,0.0000,0.000,0.0000,0.000,0.0000,0.000,0.0000,0.000,0.0000,0.00003497,3420511.60,5395196.99,21384,0.00
1216,4,0.00,13.91,0.00,0.00,1696.0,117.28,0.0229,7.986,125.266,1500.000,13.06,0.000,0.000,0.000,0.0000,0.000,0.0000,0.000,0.0000,0.000,0.0000,0.000,0.0000,0.000,0.0000,0.000,0.0000,0.00002492,3420574.73,5395274.55,21384,0.00
1215,4,0.00,13.80,0.00,0.00,1595.0,117.22,0.0206,8.046,125.266,1500.000,13.08,0.000,0.000,0.000,0.0000,0.000,0.0000,0.000,0.0000,0.000,0.0000,0.000,0.0000,0.000,0.0000,0.000,0.0000,0.00001573,3420638.49,5395352.87,21384,0.00
1214,4,0.00,14.86,0.00,0.00,1485.0,116.29,0.0334,8.977,125.267,1500.000,13.98,0.000,0.000,0.000,0.0000,0.000,0.0000,0.000,0.0000,0.000,0.0000,0.000,0.0000,0.000,0.0000,0.000,0.0000,0.00006500,3420675.76,5395455.40,21384,0.00
1213,4,0.00,14.38,0.00,0.00,1374.0,116.47,0.0351,8.792,125.262,1500.000,13.80,0.000,0.000,0.000,0.0000,0.000,0.0000,0.000,0.0000,0.000,0.0000,0.000,0.0000,0.000,0.0000,0.000,0.0000,0.00008800,3420708.51,5395561.46,21384,0.00
1212,4,0.00,13.47,0.00,0.00,1268.0,116.96,0.0371,8.293,125.253,1500.000,13.28,0.000,0.000,0.000,0.0000,0.000,0.0000,0.000,0.0000,0.000,0.0000,0.000,0.0000,0.000,0.0000,0.000,0.0000,0.00014742,3420748.57,5395658.86,21384,0.00
1211,4,0.00,17.21,0.00,0.00,1171.0,116.74,0.0368,8.500,125.240,1500.000,13.37,0.000,0.000,0.000,0.0000,0.000,0.0000,0.000,0.0000,0.000,0.0000,0.000,0.0000,0.000,0.0000,0.000,0.0000,0.00017970,3420797.92,5395742.37,21384,0.00
1210,4,0.00,19.17,0.00,0.00,1068.0,117.56,0.0358,7.657,125.217,1500.000,12.40,0.000,0.000,0.000,0.0000,0.000,0.0000,0.000,0.0000,0.000,0.0000,0.000,0.0000,0.000,0.0000,0.000,0.0000,0.00023635,3420850.32,5395831.04,21384,0.00
1209,4,0.00,18.96,0.00,0.00,958.0,117.63,0.0353,7.567,125.197,1500.000,12.50,0.000,0.000,0.000,0.0000,0.000,0.0000,0.000,0.0000,0.000,0.0000,0.000,0.0000,0.000,0.0000,0.000,0.0000,0.00025015,3420911.29,5395921.83,21384,0.00
1208,4,0.00,18.43,0.00,0.00,856.0,117.12,0.0317,8.046,125.166,1500.000,13.03,0.000,0.000,0.000,0.0000,0.000,0.0000,0.000,0.0000,0.000,0.0000,0.000,0.0000,0.000,0.0000,0.000,0.0000,0.00020176,3420983.92,5395993.45,21384,0.00
1207,4,0.00,17.48,0.00,0.00,754.0,117.71,0.0286,7.429,125.139,1500.000,12.41,0.000,0.000,0.000,0.0000,0.000,0.0000,0.000,0.0000,0.000,0.0000,0.000,0.0000,0.000,0.0000,0.000,0.0000,0.00015379,3421056.55,5396065.07,21384,0.00
1206,4,0.00,13.64,0.00,0.00,645.0,116.40,0.0304,8.735,125.135,1500.000,13.54,0.000,0.000,0.000,0.0000,0.000,0.0000,0.000,0.0000,0.000,0.0000,0.000,0.0000,0.000,0.0000,0.000,0.0000,0.00015834,3421134.16,5396141.60,21384,0.00
1205,4,0.00,14.85,0.00,0.00,545.0,116.12,0.0324,8.999,125.119,1500.000,13.73,0.000,0.000,0.000,0.0000,0.000,0.0000,0.000,0.0000,0.000,0.0000,0.000,0.0000,0.000,0.0000,0.000,0.0000,0.00021918,3421209.40,5396207.39,21384,0.00
1204,4,0.00,13.51,0.00,0.00,448.0,117.32,0.0253,7.782,125.102,1500.000,12.46,0.000,0.000,0.000,0.0000,0.000,0.0000,0.000,0.0000,0.000,0.0000,0.000,0.0000,0.000,0.0000,0.000,0.0000,0.00009453,3421283.51,5396269.98,21384,0.00
1203,4,0.00,13.64,0.00,0.00,343.0,116.73,0.0227,8.365,125.095,1500.000,12.84,0.000,0.000,0.000,0.0000,0.000,0.0000,0.000,0.0000,0.000,0.0000,0.000,0.0000,0.000,0.0000,0.000,0.0000,0.00005420,3421363.72,5396337.73,21384,0.00
1202,4,0.00,14.17,0.00,0.00,247.0,116.17,0.0125,8.924,125.094,1500.000,11.30,0.000,0.000,0.000,0.0000,0.000,0.0000,0.000,0.0000,0.000,0.0000,0.000,0.0000,0.000,0.0000,0.000,0.0000,0.00000538,3421440.74,5396394.80,21384,0.00
1201,4,0.00,10.47,0.00,0.00,138.0,116.83,0.0125,8.288,125.118,1500.000,10.37,0.000,0.000,0.000,0.0000,0.000,0.0000,0.000,0.0000,0.000,0.0000,0.000,0.0000,0.000,0.0000,0.000,0.0000,0.00000150,3421534.28,5396450.70,21384,0.00
1190,4,0.00,17.06,0.00,0.00,31096.0,121.11,0.0125,4.040,125.150,218.160,16.90,0.000,0.000,413.117,0.0270,415.578,0.0260,0.000,0.0000,0.000,0.0000,0.000,0.0000,0.000,0.0000,0.000,0.0000,0.00000053,3420368.74,5394657.82,96187,0.00
1189,4,0.00,14.38,0.00,0.00,30995.0,117.72,0.0307,7.444,125.164,218.160,0.24,0.000,0.000,413.134,0.0270,415.594,0.0260,0.000,0.0000,0.000,0.0000,0.000,0.0000,0.000,0.0000,0.000,0.0000,0.00001497,3420368.74,5394657.82,96187,0.00
1188,4,0.00,21.30,0.00,0.00,30895.0,110.79,0.0503,14.382,125.172,218.160,0.03,0.000,0.000,413.143,0.0270,415.604,0.0260,0.000,0.0000,0.000,0.0000,0.000,0.0000,0.000,0.0000,0.000,0.0000,0.00002983,3420432.93,5394734.50,96187,0.00
1187,4,0.00,15.61,0.00,0.00,30795.0,116.58,0.0366,8.589,125.169,218.160,0.24,0.000,0.000,413.134,0.0270,415.594,0.0260,0.000,0.0000,0.000,0.0000,0.000,0.0000,0.000,0.0000,0.000,0.0000,0.00002654,3420497.04,5394811.25,96187,0.00
1186,4,0.00,11.60,0.00,0.00,30694.0,120.50,0.0284,4.666,125.166,218.160,1.16,0.000,0.000,413.124,0.0270,415.585,0.0260,0.000,0.0000,0.000,0.0000,0.000,0.0000,0.000,0.0000,0.000,0.0000,0.00001985,3420561.79,5394888.76,96187,0.00
1185,4,0.00,11.54,0.00,0.00,30594.0,120.23,0.0312,4.934,125.164,218.160,11.28,0.000,0.000,413.117,0.0270,415.578,0.0260,0.000,0.0000,0.000,0.0000,0.000,0.0000,0.000,0.0000,0.000,0.0000,0.00001663,3420625.72,5394965.65,96187,0.00
1184,4,0.00,12.28,0.00,0.00,30493.0,119.25,0.0310,5.913,125.163,218.160,12.04,0.000,0.000,413.114,0.0270,415.575,0.0260,0.000,0.0000,0.000,0.0000,0.000,0.0000,0.000,0.0000,0.000,0.0000,0.00001497,3420690.50,5395043.14,96187,0.00
1183,4,0.00,14.30,0.00,0.00,30393.0,117.17,0.0296,7.992,125.162,218.160,14.03,0.000,0.000,413.107,0.0270,415.568,0.0260,0.000,0.0000,0.000,0.0000,0.000,0.0000,0.000,0.0000,0.000,0.0000,0.00001003,3420754.63,5395119.87,96187,0.00
1182,4,0.00,15.41,0.00,0.00,30293.0,115.88,0.0275,9.281,125.161,218.160,15.21,0.000,0.000,413.107,0.0270,415.568,0.0260,0.000,0.0000,0.000,0.0000,0.000,0.0000,0.000,0.0000,0.000,0.0000,0.00000555,3420818.77,5395196.59,96187,0.00
1181,4,0.00,13.78,0.00,0.00,30193.0,117.47,0.0309,7.691,125.161,218.160,13.65,0.000,0.000,413.107,0.0270,415.568,0.0260,0.000,0.0000,0.000,0.0000,0.000,0.0000,0.000,0.0000,0.000,0.0000,0.00000741,3420882.93,5395273.30,96187,0.00
1180,4,0.00,11.84,0.00,0.00,30093.0,119.15,0.0357,6.010,125.160,218.160,11.70,0.000,0.000,413.104,0.0270,415.565,0.0260,0.000,0.0000,0.000,0.0000,0.000,0.0000,0.000,0.0000,0.000,0.0000,0.00001706,3420947.09,5395350.00,96187,0.00
1179,4,0.00,10.85,0.00,0.00,29992.0,120.20,0.0342,4.959,125.159,218.160,7.60,0.000,0.000,413.101,0.0270,415.562,0.0260,0.000,0.0000,0.000,0.0000,0.000,0.0000,0.000,0.0000,0.000,0.0000,0.00001707,3421011.82,5395427.53,96187,0.00
1178,4,0.00,10.70,0.00,0.00,29896.0,120.14,0.0319,5.016,125.156,218.160,7.48,0.000,0.000,413.091,0.0270,415.552,0.0260,0.000,0.0000,0.000,0.0000,0.000,0.0000,0.000,0.0000,0.000,0.0000,0.00002040,3421073.35,5395501.22,96187,0.00
1177,4,0.00,10.28,0.00,0.00,29796.0,120.39,0.0288,4.765,125.155,218.160,7.05,0.000,0.000,413.088,0.0270,415.548,0.0260,0.000,0.0000,0.000,0.0000,0.000,0.0000,0.000,0.0000,0.000,0.0000,0.00001330,3421137.45,5395577.98,96187,0.00
1176,4,0.00,10.02,0.00,0.00,29696.0,120.59,0.0297,4.563,125.153,218.160,6.48,0.000,0.000,413.081,0.0270,415.542,0.0260,0.000,0.0000,0.000,0.0000,0.000,0.0000,0.000,0.0000,0.000,0.0000,0.00001654,3421201.54,5395654.74,96187,0.00
1175,4,0.00,9.79,0.00,0.00,29595.0,120.73,0.0301,4.422,125.152,218.160,6.27,0.000,0.000,413.078,0.0270,415.539,0.0260,0.000,0.0000,0.000,0.0000,0.000,0.0000,0.000,0.0000,0.000,0.0000,0.00001650,3421266.27,5395732.27,96187,0.00
1174,4,0.00,10.05,0.00,0.00,29494.0,120.30,0.0292,4.850,125.150,218.160,6.56,0.000,0.000,413.071,0.0270,415.532,0.0260,0.000,0.0000,0.000,0.0000,0.000,0.0000,0.000,0.0000,0.000,0.0000,0.00001642,3421331.00,5395809.79,96187,0.00
1173,4,0.00,9.81,0.00,0.00,29393.0,120.44,0.0291,4.708,125.148,218.160,6.71,0.000,0.000,413.065,0.0270,415.525,0.0260,0.000,0.0000,0.000,0.0000,0.000,0.0000,0.000,0.0000,0.000,0.0000,0.00001666,3421395.95,5395887.15,96187,0.00
1172,4,0.00,9.92,0.00,0.00,29290.0,120.35,0.0285,4.797,125.147,218.160,6.89,0.000,0.000,413.061,0.0270,415.522,0.0260,0.000,0.0000,0.000,0.0000,0.000,0.0000,0.000,0.0000,0.000,0.0000,0.00001341,3421462.47,5395965.78,96187,0.00
1171,4,0.00,9.90,0.00,0.00,29192.0,120.33,0.0296,4.815,125.145,218.160,6.83,0.000,0.000,413.055,0.0270,415.516,0.0260,0.000,0.0000,0.000,0.0000,0.000,0.0000,0.000,0.0000,0.000,0.0000,0.00001349,3421525.77,5396040.60,96187,0.00
1170,4,0.00,9.66,0.00,0.00,29092.0,120.48,0.0289,4.664,125.144,218.160,6.81,0.000,0.000,413.052,0.0270,415.512,0.0260,0.000,0.0000,0.000,0.0000,0.000,0.0000,0.000,0.0000,0.000,0.0000,0.00001334,3421590.36,5396116.94,96187,0.00
1169,4,0.00,9.72,0.00,0.00,28992.0,120.22,0.0306,4.923,125.143,218.160,6.80,0.000,0.000,413.048,0.0270,415.509,0.0260,0.000,0.0000,0.000,0.0000,0.000,0.0000,0.000,0.0000,0.000,0.0000,0.00001499,3421654.95,5396193.29,96187,0.00
1168,4,0.00,9.99,0.00,0.00,28892.0,119.98,0.0462,5.162,125.142,218.160,7.18,0.000,0.000,413.042,0.0270,415.503,0.0260,0.000,0.0000,0.000,0.0000,0.000,0.0000,0.000,0.0000,0.000,0.0000,0.00016045,3421719.45,5396269.70,96187,0.00
1167,4,0.00,13.17,0.00,0.00,28776.0,116.71,0.0563,8.433,125.143,218.160,12.66,0.000,0.000,413.048,0.0270,415.509,0.0260,0.000,0.0000,0.000,0.0000,0.000,0.0000,0.000,0.0000,0.000,0.0000,0.00036235,3421793.69,5396358.83,96187,0.00
1166,4,0.00,13.62,0.00,0.00,28677.0,116.28,0.0378,8.816,125.096,1718.160,12.97,0.000,0.000,412.894,0.0270,415.355,0.0260,0.000,0.0000,0.000,0.0000,0.000,0.0000,0.000,0.0000,0.000,0.0000,0.00030619,3421857.11,5396434.85,96187,0.00
1165,4,0.00,12.16,0.00,0.00,28577.0,117.67,0.0323,7.401,125.071,1718.159,11.55,0.000,0.000,412.812,0.0270,415.273,0.0260,0.000,0.0000,0.000,0.0000,0.000,0.0000,0.000,0.0000,0.000,0.0000,0.00021743,3421921.18,5396511.63,96187,0.00
1164,4,0.00,12.37,0.00,0.00,28479.0,117.28,0.0317,7.772,125.052,1718.160,11.99,0.000,0.000,412.750,0.0270,415.211,0.0260,0.000,0.0000,0.000,0.0000,0.000,0.0000,0.000,0.0000,0.000,0.0000,0.00020352,3421983.96,5396586.88,96187,0.00
1163,4,0.00,11.43,0.00,0.00,28383.0,118.18,0.0316,6.852,125.032,1718.160,11.03,0.000,0.000,412.684,0.0270,415.145,0.0260,0.000,0.0000,0.000,0.0000,0.000,0.0000,0.000,0.0000,0.000,0.0000,0.00020983,3422045.42,5396660.63,96187,0.00
1162,4,0.00,11.65,0.00,0.00,28287.0,117.97,0.0310,7.042,125.012,1718.160,11.19,0.000,0.000,412.619,0.0270,415.079,0.0260,0.000,0.0000,0.000,0.0000,0.000,0.0000,0.000,0.0000,0.000,0.0000,0.00019820,3422106.85,5396734.40,96187,0.00
1161,4,0.00,11.08,0.00,0.00,28193.0,118.38,0.0286,6.612,124.992,1718.160,10.67,0.000,0.000,412.553,0.0270,415.014,0.0260,0.000,0.0000,0.000,0.0000,0.000,0.0000,0.000,0.0000,0.000,0.0000,0.00014209,3422167.01,5396806.63,96187,0.00
1160,4,0.00,11.45,0.00,0.00,28095.0,117.93,0.0278,7.045,124.975,1718.160,11.21,0.000,0.000,412.497,0.0270,414.958,0.0260,0.000,0.0000,0.000,0.0000,0.000,0.0000,0.000,0.0000,0.000,0.0000,0.00012778,3422229.73,5396881.93,96187,0.00
1159,4,0.00,12.20,0.00,0.00,27995.0,117.19,0.0277,7.781,124.971,1718.160,11.90,0.000,0.000,412.484,0.0270,414.945,0.0260,0.000,0.0000,0.000,0.0000,0.000,0.0000,0.000,0.0000,0.000,0.0000,0.00010490,3422293.73,5396958.77,96187,0.00
1158,4,0.00,11.59,0.00,0.00,27895.0,117.70,0.0297,7.261,124.961,1718.160,11.39,0.000,0.000,412.428,0.0270,414.889,0.0260,0.000,0.0000,0.000,0.0000,0.000,0.0000,0.000,0.0000,0.000,0.0000,0.00015342,3422358.41,5397035.03,96187,0.00
1157,4,0.00,10.94,0.00,0.00,27796.0,118.13,0.0313,6.828,124.958,1718.160,10.87,0.000,0.000,412.441,0.0270,414.902,0.0260,0.000,0.0000,0.000,0.0000,0.000,0.0000,0.000,0.0000,0.000,0.0000,0.00016633,3422422.45,5397110.53,96187,0.00
1156,4,0.00,11.08,0.00,0.00,27696.0,118.08,0.0313,6.845,124.925,1718.160,10.97,0.000,0.000,412.333,0.0270,414.794,0.0260,0.000,0.0000,0.000,0.0000,0.000,0.0000,0.000,0.0000,0.000,0.0000,0.00021289,3422487.13,5397186.80,96187,0.00
1155,4,0.00,11.07,0.00,0.00,27595.0,118.00,0.0298,6.911,124.911,1718.160,10.95,0.000,0.000,412.287,0.0270,414.748,0.0260,0.000,0.0000,0.000,0.0000,0.000,0.0000,0.000,0.0000,0.000,0.0000,0.00016560,3422552.45,5397263.83,96187,0.00
1154,4,0.00,10.91,0.00,0.00,27495.0,118.19,0.0297,6.704,124.894,1718.160,10.73,0.000,0.000,412.231,0.0270,414.692,0.0260,0.000,0.0000,0.000,0.0000,0.000,0.0000,0.000,0.0000,0.000,0.0000,0.00016938,3422617.11,5397340.11,96187,0.00
1153,4,0.00,10.66,0.00,0.00,27394.0,118.43,0.0284,6.445,124.875,1718.160,10.50,0.000,0.000,412.169,0.0270,414.630,0.0260,0.000,0.0000,0.000,0.0000,0.000,0.0000,0.000,0.0000,0.000,0.0000,0.00015270,3422682.43,5397417.15,96187,0.00
1152,4,0.00,10.49,0.00,0.00,27294.0,118.52,0.0289,6.340,124.860,1718.160,10.39,0.000,0.000,412.120,0.0270,414.581,0.0260,0.000,0.0000,0.000,0.0000,0.000,0.0000,0.000,0.0000,0.000,0.0000,0.00016262,3422747.09,5397493.43,96187,0.00
1151,4,0.00,10.86,0.00,0.00,27194.0,118.08,0.0289,6.768,124.848,1718.160,10.82,0.000,0.000,412.080,0.0270,414.541,0.0260,0.000,0.0000,0.000,0.0000,0.000,0.0000,0.000,0.0000,0.000,0.0000,0.00015261,3422811.76,5397569.70,96187,0.00
1150,4,0.00,10.61,0.00,0.00,27093.0,118.51,0.0289,6.316,124.826,1718.160,10.36,0.000,0.000,412.008,0.0270,414.469,0.0260,0.000,0.0000,0.000,0.0000,0.000,0.0000,0.000,0.0000,0.000,0.0000,0.00017260,3422877.08,5397646.74,96187,0.00
1149,4,0.00,10.56,0.00,0.00,26993.0,118.43,0.0276,6.384,124.814,1718.160,10.47,0.000,0.000,411.969,0.0270,414.430,0.0260,0.000,0.0000,0.000,0.0000,0.000,0.0000,0.000,0.0000,0.000,0.0000,0.00013265,3422941.75,5397723.02,96187,0.00
1148,4,0.00,10.49,0.00,0.00,26893.0,118.46,0.0280,6.336,124.796,1718.160,10.42,0.000,0.000,411.910,0.0270,414.371,0.0260,0.000,0.0000,0.000,0.0000,0.000,0.0000,0.000,0.0000,0.000,0.0000,0.00014710,3423006.41,5397799.29,96187,0.00
1147,4,0.00,10.39,0.00,0.00,26791.0,118.61,0.0285,6.176,124.786,1718.160,10.21,0.000,0.000,411.877,0.0270,414.338,0.0260,0.000,0.0000,0.000,0.0000,0.000,0.0000,0.000,0.0000,0.000,0.0000,0.00014100,3423072.38,5397877.10,96187,0.00
1146,4,0.00,10.20,0.00,0.00,26693.0,118.70,0.0294,6.070,124.770,1718.160,10.10,0.000,0.000,411.825,0.0270,414.285,0.0260,0.000,0.0000,0.000,0.0000,0.000,0.0000,0.000,0.0000,0.000,0.0000,0.00016803,3423135.76,5397951.84,96187,0.00
1145,4,0.00,9.92,0.00,0.00,26594.0,118.82,0.0302,5.934,124.754,1718.160,6.58,0.000,0.000,411.772,0.0270,414.233,0.0260,0.000,0.0000,0.000,0.0000,0.000,0.0000,0.000,0.0000,0.000,0.0000,0.00019435,3423199.79,5398027.34,96187,0.00
1144,4,0.00,9.78,0.00,0.00,26488.0,119.12,0.0294,5.615,124.735,1718.160,9.57,0.000,0.000,411.710,0.0270,414.170,0.0260,0.000,0.0000,0.000,0.0000,0.000,0.0000,0.000,0.0000,0.000,0.0000,0.00018711,3423267.81,5398108.64,96187,0.00
1143,4,0.00,9.95,0.00,0.00,26393.0,118.85,0.0287,5.862,124.712,1718.160,9.76,0.000,0.000,411.634,0.0270,414.095,0.0260,0.000,0.0000,0.000,0.0000,0.000,0.0000,0.000,0.0000,0.000,0.0000,0.00017739,3423328.65,5398181.60,96187,0.00
1142,4,0.00,10.47,0.00,0.00,26293.0,118.21,0.0282,6.488,124.698,1718.160,10.39,0.000,0.000,411.588,0.0270,414.049,0.0260,0.000,0.0000,0.000,0.0000,0.000,0.0000,0.000,0.0000,0.000,0.0000,0.00015849,3423392.69,5398258.40,96187,0.00
1141,4,0.00,10.50,0.00,0.00,26193.0,118.08,0.0285,6.603,124.683,1718.160,10.41,0.000,0.000,411.539,0.0270,414.000,0.0260,0.000,0.0000,0.000,0.0000,0.000,0.0000,0.000,0.0000,0.000,0.0000,0.00016044,3423456.73,5398335.21,96187,0.00
1140,4,0.00,10.18,0.00,0.00,26096.0,118.36,0.0286,6.305,124.665,1718.160,10.09,0.000,0.000,411.480,0.0270,413.941,0.0260,0.000,0.0000,0.000,0.0000,0.000,0.0000,0.000,0.0000,0.000,0.0000,0.00016887,3423518.98,5398409.60,96187,0.00
1139,4,0.00,10.10,0.00,0.00,26000.0,118.46,0.0290,6.191,124.651,1718.160,10.00,0.000,0.000,411.434,0.0270,413.895,0.0260,0.000,0.0000,0.000,0.0000,0.000,0.0000,0.000,0.0000,0.000,0.0000,0.00017233,3423581.09,5398482.80,96187,0.00
1138,4,0.00,9.82,0.00,0.00,25903.0,118.65,0.0296,5.984,124.634,1718.160,9.73,0.000,0.000,411.378,0.0270,413.839,0.0260,0.000,0.0000,0.000,0.0000,0.000,0.0000,0.000,0.0000,0.000,0.0000,0.00018971,3423643.87,5398556.74,96187,0.00
1137,4,0.00,9.63,0.00,0.00,25806.0,118.78,0.0298,5.835,124.615,1718.160,9.60,0.000,0.000,411.316,0.0270,413.777,0.0260,0.000,0.0000,0.000,0.0000,0.000,0.0000,0.000,0.0000,0.000,0.0000,0.00020690,3423706.65,5398630.68,96187,0.00
1136,4,0.00,9.86,0.00,0.00,25710.0,118.61,0.0299,5.986,124.596,1718.160,9.75,0.000,0.000,411.254,0.0270,413.714,0.0260,0.000,0.0000,0.000,0.0000,0.000,0.0000,0.000,0.0000,0.000,0.0000,0.00021683,3423768.34,5398704.24,96187,0.00
1135,4,0.00,9.42,0.00,0.00,25613.0,118.98,0.0272,5.594,124.574,1718.160,9.36,0.000,0.000,411.181,0.0270,413.642,0.0260,0.000,0.0000,0.000,0.0000,0.000,0.0000,0.000,0.0000,0.000,0.0000,0.00015751,3423827.99,5398780.70,96187,0.00
1134,4,0.00,9.68,0.00,0.00,25520.0,118.65,0.0260,5.903,124.553,1718.160,6.96,0.000,0.000,411.113,0.0270,413.573,0.0260,0.000,0.0000,0.000,0.0000,0.000,0.0000,0.000,0.0000,0.000,0.0000,0.00013859,3423879.54,5398858.05,96187,0.00
1133,4,100.00,11.36,2.86,2.86,25420.0,116.97,0.0262,7.581,124.551,1718.159,11.28,0.000,0.000,411.106,0.0270,413.567,0.0260,0.000,0.0000,0.000,0.0000,0.000,0.0000,0.000,0.0000,0.000,0.0000,0.00011003,3423928.91,5398944.97,96187,0.00
1132,4,100.00,11.61,2.86,2.86,25320.0,116.71,0.0277,7.824,124.534,1718.159,11.48,0.000,0.000,411.050,0.0270,413.511,0.0260,0.000,0.0000,0.000,0.0000,0.000,0.0000,0.000,0.0000,0.000,0.0000,0.00014335,3423971.15,5399035.50,96187,0.00
1131,4,100.00,11.96,2.86,2.86,25220.0,116.30,0.0272,8.220,124.520,1718.159,11.82,0.000,0.000,408.478,0.0270,413.465,0.0260,0.000,0.0000,0.000,0.0000,0.000,0.0000,0.000,0.0000,0.000,0.0000,0.00013330,3424009.57,5399127.82,96187,0.00
5130,5,100.00,11.81,2.86,2.86,25170.0,116.51,0.0267,8.004,124.514,1718.159,11.43,0.000,0.000,408.478,0.0270,413.445,0.0260,0.000,0.0000,0.000,0.0000,0.000,0.0000,0.000,0.0000,0.000,0.0000,0.00012995,3424027.89,5399174.34,96187,0.00
1130,4,100.00,11.65,2.86,2.86,25120.0,116.72,0.0267,7.787,124.507,1718.159,11.43,0.000,0.000,408.478,0.0270,413.422,0.0260,0.000,0.0000,0.000,0.0000,0.000,0.0000,0.000,0.0000,0.000,0.0000,0.00012996,3424045.68,5399221.04,96187,0.00
1129,4,100.00,12.44,2.86,2.86,25020.0,115.69,0.0264,8.804,124.494,1718.159,12.34,0.000,0.000,408.478,0.0270,413.380,0.0260,0.000,0.0000,0.000,0.0000,0.000,0.0000,0.000,0.0000,0.000,0.0000,0.00012498,3424075.59,5399316.46,96187,0.00
1128,4,100.00,11.48,2.86,2.86,24920.0,116.73,0.0252,7.757,124.487,1718.159,11.31,0.000,0.000,408.478,0.0270,413.340,0.0260,0.000,0.0000,0.000,0.0000,0.000,0.0000,0.000,0.0000,0.000,0.0000,0.00010002,3424097.97,5399413.92,96187,0.00
1127,4,100.00,14.65,2.86,2.86,24820.0,113.55,0.0281,10.936,124.486,1718.159,14.44,0.000,0.000,408.478,0.0270,413.353,0.0260,0.000,0.0000,0.000,0.0000,0.000,0.0000,0.000,0.0000,0.000,0.0000,0.00011113,3424117.36,5399512.00,96187,0.00
1126,4,100.00,11.25,2.86,2.86,24720.0,116.87,0.0284,7.594,124.464,1718.159,11.11,0.000,0.000,408.478,0.0270,413.281,0.0260,0.000,0.0000,0.000,0.0000,0.000,0.0000,0.000,0.0000,0.000,0.0000,0.00014665,3424129.26,5399611.23,96187,0.00
1125,4,100.00,12.27,2.86,2.86,24620.0,115.88,0.0299,8.574,124.454,1718.159,12.16,0.000,0.000,408.478,0.0270,413.249,0.0260,0.000,0.0000,0.000,0.0000,0.000,0.0000,0.000,0.0000,0.000,0.0000,0.00017327,3424132.83,5399711.15,96187,0.00
1124,4,100.00,10.98,2.86,2.86,24520.0,117.16,0.0285,7.282,124.442,1718.159,10.80,0.000,0.000,408.478,0.0270,413.209,0.0260,0.000,0.0000,0.000,0.0000,0.000,0.0000,0.000,0.0000,0.000,0.0000,0.00014332,3424133.42,5399811.14,96187,0.00
1123,4,100.00,10.38,2.86,2.86,24420.0,117.65,0.0250,6.762,124.412,1718.159,10.24,0.000,0.000,408.478,0.0270,413.111,0.0260,0.000,0.0000,0.000,0.0000,0.000,0.0000,0.000,0.0000,0.000,0.0000,0.00011335,3424131.20,5399911.11,96187,0.00
1122,4,100.00,11.43,2.86,2.86,24320.0,116.53,0.0231,7.881,124.411,1718.158,11.39,0.000,0.000,408.478,0.0270,413.107,0.0260,0.000,0.0000,0.000,0.0000,0.000,0.0000,0.000,0.0000,0.000,0.0000,0.00006672,3424129.21,5400011.09,96187,0.00
1121,4,100.00,12.29,2.86,2.86,24220.0,115.64,0.0286,8.768,124.408,1718.158,12.23,0.000,0.000,408.478,0.0270,413.098,0.0260,0.000,0.0000,0.000,0.0000,0.000,0.0000,0.000,0.0000,0.000,0.0000,0.00012334,3424128.01,5400111.08,96187,0.00
1120,4,100.00,11.98,2.86,2.86,24120.0,115.84,0.0290,8.552,124.392,1718.158,11.92,0.000,0.000,408.478,0.0270,413.045,0.0260,0.000,0.0000,0.000,0.0000,0.000,0.0000,0.000,0.0000,0.000,0.0000,0.00014666,3424126.80,5400211.08,96187,0.00
1119,4,100.00,9.93,2.86,2.86,24020.0,118.00,0.0272,6.374,124.374,1718.158,9.78,0.000,0.000,408.478,0.0270,412.986,0.0260,0.000,0.0000,0.000,0.0000,0.000,0.0000,0.000,0.0000,0.000,0.0000,0.00012661,3424124.53,5400311.04,96187,0.00
1118,4,100.00,10.10,2.86,2.86,23920.0,117.69,0.0294,6.674,124.364,1718.158,9.95,0.000,0.000,408.478,0.0270,412.953,0.0260,0.000,0.0000,0.000,0.0000,0.000,0.0000,0.000,0.0000,0.000,0.0000,0.00016663,3424120.20,5400410.95,96187,0.00
5117,5,100.00,10.18,2.86,2.86,23875.0,117.60,0.0295,6.755,124.360,1718.158,10.08,0.000,0.000,408.478,0.0270,412.924,0.0260,0.000,0.0000,0.000,0.0000,0.000,0.0000,0.000,0.0000,0.000,0.0000,0.00017662,3424118.26,5400455.90,96187,0.00
1117,4,100.00,10.28,2.86,2.86,23820.0,117.50,0.0282,6.843,124.343,1718.158,10.23,0.000,0.000,408.478,0.0270,412.884,0.0260,0.000,0.0000,0.000,0.0000,0.000,0.0000,0.000,0.0000,0.000,0.0000,0.00015331,3424115.88,5400510.85,96187,0.00
1116,4,100.00,10.26,2.86,2.86,23720.0,117.39,0.0272,6.940,124.330,1718.158,10.12,0.000,0.000,408.478,0.0270,412.842,0.0260,0.000,0.0000,0.000,0.0000,0.000,0.0000,0.000,0.0000,0.000,0.0000,0.00013000,3424111.55,5400610.76,96187,0.00
1115,4,100.00,11.74,2.86,2.86,23620.0,115.97,0.0282,8.357,124.327,1718.158,11.65,0.000,0.000,408.478,0.0270,412.832,0.0260,0.000,0.0000,0.000,0.0000,0.000,0.0000,0.000,0.0000,0.000,0.0000,0.00012335,3424107.23,5400710.67,96187,0.00
1114,4,100.00,10.52,2.86,2.86,23520.0,117.10,0.0288,7.204,124.304,1718.159,10.48,0.000,0.000,408.478,0.0270,412.756,0.0260,0.000,0.0000,0.000,0.0000,0.000,0.0000,0.000,0.0000,0.000,0.0000,0.00016339,3424102.91,5400810.57,96187,0.00
1113,4,100.00,10.04,2.86,2.86,23420.0,117.45,0.0285,6.843,124.293,1718.159,9.99,0.000,0.000,408.478,0.0270,412.720,0.0260,0.000,0.0000,0.000,0.0000,0.000,0.0000,0.000,0.0000,0.000,0.0000,0.00014667,3424098.58,5400910.48,96187,0.00
1112,4,100.00,10.05,2.86,2.86,23320.0,117.40,0.0273,6.878,124.278,1718.159,9.96,0.000,0.000,408.478,0.0270,412.671,0.0260,0.000,0.0000,0.000,0.0000,0.000,0.0000,0.000,0.0000,0.000,0.0000,0.00012668,3424094.52,5401010.39,96187,0.00
1111,4,100.00,9.46,2.86,2.86,23220.0,118.08,0.0278,6.180,124.260,1718.159,9.40,0.000,0.000,408.478,0.0270,412.612,0.0260,0.000,0.0000,0.000,0.0000,0.000,0.0000,0.000,0.0000,0.000,0.0000,0.00014331,3424092.46,5401110.37,96187,0.00
1110,4,100.00,10.01,2.86,2.86,23120.0,117.35,0.0285,6.905,124.255,1718.159,9.87,0.000,0.000,408.478,0.0270,412.596,0.0260,0.000,0.0000,0.000,0.0000,0.000,0.0000,0.000,0.0000,0.000,0.0000,0.00013332,3424092.68,5401210.34,96187,0.00
1109,4,100.00,9.94,2.86,2.86,23020.0,117.54,0.0290,6.695,124.235,1718.159,9.80,0.000,0.000,408.478,0.0270,412.530,0.0260,0.000,0.0000,0.000,0.0000,0.000,0.0000,0.000,0.0000,0.000,0.0000,0.00016330,3424096.17,5401310.27,96187,0.00
1108,4,100.00,9.94,2.86,2.86,22920.0,117.54,0.0272,6.680,124.220,1718.159,9.80,0.000,0.000,408.478,0.0270,412.481,0.0260,0.000,0.0000,0.000,0.0000,0.000,0.0000,0.000,0.0000,0.000,0.0000,0.00012669,3424104.81,5401409.75,96187,0.00
1107,4,100.00,10.28,2.86,2.86,22820.0,116.99,0.0253,7.216,124.206,1718.159,10.21,0.000,0.000,408.478,0.0270,412.435,0.0260,0.000,0.0000,0.000,0.0000,0.000,0.0000,0.000,0.0000,0.000,0.0000,0.00009997,3424119.07,5401508.73,96187,0.00
1106,4,100.00,11.36,2.86,2.86,22720.0,115.95,0.0258,8.247,124.197,1718.159,11.23,0.000,0.000,408.478,0.0270,412.405,0.0260,0.000,0.0000,0.000,0.0000,0.000,0.0000,0.000,0.0000,0.000,0.0000,0.00009330,3424133.33,5401607.71,96187,0.00
1105,4,100.00,11.24,2.86,2.86,22620.0,116.05,0.0284,8.140,124.190,1718.159,11.14,0.000,0.000,408.478,0.0270,412.382,0.0260,0.000,0.0000,0.000,0.0000,0.000,0.0000,0.000,0.0000,0.000,0.0000,0.00011665,3424147.59,5401706.69,96187,0.00
1104,4,100.00,11.24,2.86,2.86,22520.0,116.05,0.0286,8.128,124.178,1718.159,11.14,0.000,0.000,408.478,0.0270,412.343,0.0260,0.000,0.0000,0.000,0.0000,0.000,0.0000,0.000,0.0000,0.000,0.0000,0.00012006,3424161.85,5401805.66,96187,0.00
1103,4,100.00,9.71,2.86,2.86,22420.0,117.34,0.0271,6.822,124.162,1718.159,9.65,0.000,0.000,408.478,0.0270,412.290,0.0260,0.000,0.0000,0.000,0.0000,0.000,0.0000,0.000,0.0000,0.000,0.0000,0.00010669,3424177.20,5401904.45,96187,0.00
1102,4,100.00,10.23,2.86,2.86,22320.0,116.96,0.0278,7.194,124.154,1718.159,9.97,0.000,0.000,408.478,0.0270,412.264,0.0260,0.000,0.0000,0.000,0.0000,0.000,0.0000,0.000,0.0000,0.000,0.0000,0.00009996,3424198.67,5402002.11,96187,0.00
1101,4,100.00,9.85,2.86,2.86,22220.0,117.15,0.0302,6.996,124.146,1718.159,9.81,0.000,0.000,408.478,0.0270,412.238,0.0260,0.000,0.0000,0.000,0.0000,0.000,0.0000,0.000,0.0000,0.000,0.0000,0.00012662,3424214.42,5402100.86,96187,0.00
1100,4,100.00,10.62,2.86,2.86,22120.0,116.31,0.0287,7.822,124.132,1718.159,10.58,0.000,0.000,408.478,0.0270,412.192,0.0260,0.000,0.0000,0.000,0.0000,0.000,0.0000,0.000,0.0000,0.000,0.0000,0.00010337,3424231.63,5402199.36,96187,0.00
1099,4,100.00,11.16,2.86,2.86,22020.0,115.81,0.0295,8.306,124.116,1718.159,11.09,0.000,0.000,408.478,0.0270,412.140,0.0260,0.000,0.0000,0.000,0.0000,0.000,0.0000,0.000,0.0000,0.000,0.0000,0.00012670,3424252.50,5402297.15,96187,0.00
1098,4,100.00,11.21,2.86,2.86,21920.0,115.64,0.0311,8.475,124.115,1718.159,11.07,0.000,0.000,408.478,0.0270,412.136,0.0260,0.000,0.0000,0.000,0.0000,0.000,0.0000,0.000,0.0000,0.000,0.0000,0.00012336,3424281.23,5402392.83,96187,0.00
1097,4,100.00,13.20,2.86,2.86,21820.0,113.58,0.0333,10.514,124.094,1718.159,13.07,0.000,0.000,408.478,0.0270,412.067,0.0260,0.000,0.0000,0.000,0.0000,0.000,0.0000,0.000,0.0000,0.000,0.0000,0.00018333,3424316.86,5402486.22,96187,0.00
1096,4,100.00,11.71,2.86,2.86,21720.0,115.06,0.0316,9.019,124.079,1718.159,11.65,0.000,0.000,408.478,0.0270,412.018,0.0260,0.000,0.0000,0.000,0.0000,0.000,0.0000,0.000,0.0000,0.000,0.0000,0.00016002,3424361.09,5402575.87,96187,0.00
1095,4,100.00,11.16,2.86,2.86,21620.0,115.64,0.0313,8.420,124.060,1718.159,11.05,0.000,0.000,408.478,0.0270,411.956,0.0260,0.000,0.0000,0.000,0.0000,0.000,0.0000,0.000,0.0000,0.000,0.0000,0.00016667,3424410.49,5402662.78,96187,0.00
1094,4,100.00,11.47,2.86,2.86,21520.0,115.16,0.0313,8.886,124.046,1718.159,11.41,0.000,0.000,408.478,0.0270,411.910,0.0260,0.000,0.0000,0.000,0.0000,0.000,0.0000,0.000,0.0000,0.000,0.0000,0.00015998,3424468.52,5402743.75,96187,0.00
1093,4,100.00,11.69,2.86,2.86,21420.0,114.90,0.0311,9.129,124.029,1718.159,11.66,0.000,0.000,408.478,0.0270,411.854,0.0260,0.000,0.0000,0.000,0.0000,0.000,0.0000,0.000,0.0000,0.000,0.0000,0.00015667,3424535.18,5402818.13,96187,0.00
1092,4,100.00,11.64,2.86,2.86,21320.0,114.90,0.0295,9.112,124.012,1718.159,11.58,0.000,0.000,408.478,0.0270,411.798,0.0260,0.000,0.0000,0.000,0.0000,0.000,0.0000,0.000,0.0000,0.000,0.0000,0.00013002,3424612.66,5402881.09,96187,0.00
1091,4,100.00,12.62,2.86,2.86,21220.0,114.01,0.0285,9.989,123.999,1718.158,12.49,0.000,0.000,408.478,0.0270,411.756,0.0260,0.000,0.0000,0.000,0.0000,0.000,0.0000,0.000,0.0000,0.000,0.0000,0.00010667,3424698.46,5402932.38,96187,0.00
1090,4,100.00,11.44,2.86,2.86,21120.0,115.04,0.0294,8.950,123.990,1718.158,11.41,0.000,0.000,408.478,0.0270,411.726,0.0260,0.000,0.0000,0.000,0.0000,0.000,0.0000,0.000,0.0000,0.000,0.0000,0.00010662,3424788.51,5402975.65,96187,0.00
1089,4,100.00,11.77,2.86,2.86,21020.0,114.70,0.0294,9.280,123.980,1718.158,11.58,0.000,0.000,408.478,0.0270,411.693,0.0260,0.000,0.0000,0.000,0.0000,0.000,0.0000,0.000,0.0000,0.000,0.0000,0.00009995,3424880.56,5403014.58,96187,0.00
1088,4,100.00,10.40,2.86,2.86,20920.0,116.05,0.0319,7.917,123.967,1718.159,10.29,0.000,0.000,408.478,0.0270,411.651,0.0260,0.000,0.0000,0.000,0.0000,0.000,0.0000,0.000,0.0000,0.000,0.0000,0.00013665,3424976.30,5403043.44,96187,0.00
1087,4,100.00,10.51,2.86,2.86,20820.0,115.81,0.0318,8.150,123.960,1718.159,10.47,0.000,0.000,408.478,0.0270,411.628,0.0260,0.000,0.0000,0.000,0.0000,0.000,0.0000,0.000,0.0000,0.000,0.0000,0.00012005,3425072.81,5403069.51,96187,0.00
1086,4,100.00,10.30,2.86,2.86,20720.0,115.92,0.0317,8.019,123.939,1718.159,10.24,0.000,0.000,408.478,0.0270,411.559,0.0260,0.000,0.0000,0.000,0.0000,0.000,0.0000,0.000,0.0000,0.000,0.0000,0.00014506,3425170.85,5403089.15,96187,0.00
1085,4,100.00,10.28,2.86,2.86,20620.0,115.98,0.0282,7.954,123.934,1718.159,10.22,0.000,0.000,408.478,0.0270,411.533,0.0260,0.000,0.0000,0.000,0.0000,0.000,0.0000,0.000,0.0000,0.000,0.0000,0.00008335,3425269.96,5403102.03,96187,0.00
1084,4,100.00,9.60,2.86,2.86,20520.0,116.48,0.0312,7.452,123.932,1718.159,9.56,0.000,0.000,408.478,0.0270,411.536,0.0260,0.000,0.0000,0.000,0.0000,0.000,0.0000,0.000,0.0000,0.000,0.0000,0.00009670,3425369.75,5403107.90,96187,0.00
1083,4,100.00,10.83,2.86,2.86,20420.0,115.43,0.0312,8.484,123.914,1718.158,10.68,0.000,0.000,408.478,0.0270,411.477,0.0260,0.000,0.0000,0.000,0.0000,0.000,0.0000,0.000,0.0000,0.000,0.0000,0.00011333,3425469.74,5403106.08,96187,0.00
1082,4,100.00,10.29,2.86,2.86,20320.0,115.75,0.0307,8.155,123.905,1718.159,10.17,0.000,0.000,408.478,0.0270,411.447,0.0260,0.000,0.0000,0.000,0.0000,0.000,0.0000,0.000,0.0000,0.000,0.0000,0.00010001,3425568.78,5403092.51,96187,0.00
1081,4,100.00,10.28,2.86,2.86,20220.0,115.77,0.0323,8.128,123.898,1718.158,10.25,0.000,0.000,408.478,0.0270,411.424,0.0260,0.000,0.0000,0.000,0.0000,0.000,0.0000,0.000,0.0000,0.000,0.0000,0.00010994,3425666.91,5403073.55,96187,0.00
1080,4,100.00,10.63,2.86,2.86,20120.0,115.49,0.0302,8.394,123.884,1718.158,10.48,0.000,0.000,408.478,0.0270,411.378,0.0260,0.000,0.0000,0.000,0.0000,0.000,0.0000,0.000,0.0000,0.000,0.0000,0.00009331,3425763.27,5403046.89,96187,0.00
1079,4,100.00,9.97,2.86,2.86,20020.0,116.02,0.0273,7.852,123.872,1718.159,9.91,0.000,0.000,408.478,0.0270,411.339,0.0260,0.000,0.0000,0.000,0.0000,0.000,0.0000,0.000,0.0000,0.000,0.0000,0.00006665,3425859.60,5403020.06,96187,0.00
1078,4,100.00,9.98,2.86,2.86,19920.0,115.94,0.0265,7.930,123.870,1718.159,9.88,0.000,0.000,408.478,0.0270,411.332,0.0260,0.000,0.0000,0.000,0.0000,0.000,0.0000,0.000,0.0000,0.000,0.0000,0.00005000,3425956.07,5402993.75,96187,0.00
1077,4,100.00,10.08,2.86,2.86,19820.0,115.73,0.0292,8.134,123.864,1718.159,9.99,0.000,0.000,407.658,0.0238,0.000,0.0000,0.000,0.0000,0.000,0.0000,0.000,0.0000,0.000,0.0000,0.000,0.0000,0.00006669,3426052.17,5402966.11,96187,0.00
1076,4,100.00,9.72,2.86,2.86,19720.0,116.05,0.0286,7.807,123.857,1718.158,9.67,0.000,0.000,407.658,0.0238,0.000,0.0000,0.000,0.0000,0.000,0.0000,0.000,0.0000,0.000,0.0000,0.000,0.0000,0.00006335,3426148.27,5402938.50,96187,0.00
1075,4,100.00,10.50,2.86,2.86,19620.0,115.29,0.0309,8.560,123.850,1718.158,10.44,0.000,0.000,407.658,0.0238,0.000,0.0000,0.000,0.0000,0.000,0.0000,0.000,0.0000,0.000,0.0000,0.000,0.0000,0.00008670,3426244.68,5402911.92,96187,0.00
1074,4,100.00,10.30,2.86,2.86,19520.0,115.33,0.0309,8.515,123.845,1718.158,10.19,0.000,0.000,407.658,0.0238,0.000,0.0000,0.000,0.0000,0.000,0.0000,0.000,0.0000,0.000,0.0000,0.000,0.0000,0.00007997,3426341.27,5402886.06,96187,0.00
1073,4,100.00,10.85,2.86,2.86,19420.0,114.87,0.0310,8.961,123.831,1718.158,10.80,0.000,0.000,407.658,0.0238,0.000,0.0000,0.000,0.0000,0.000,0.0000,0.000,0.0000,0.000,0.0000,0.000,0.0000,0.00009665,3426439.79,5402868.96,96187,0.00
1072,4,100.00,11.37,2.86,2.86,19320.0,114.21,0.0301,9.616,123.826,1718.158,11.24,0.000,0.000,407.658,0.0238,0.000,0.0000,0.000,0.0000,0.000,0.0000,0.000,0.0000,0.000,0.0000,0.000,0.0000,0.00007668,3426539.02,5402856.80,96187,0.00
1071,4,100.00,11.64,2.86,2.86,19220.0,114.01,0.0310,9.806,123.816,1718.158,11.47,0.000,0.000,407.658,0.0238,0.000,0.0000,0.000,0.0000,0.000,0.0000,0.000,0.0000,0.000,0.0000,0.000,0.0000,0.00009005,3426638.55,5402847.35,96187,0.00
1070,4,100.00,11.64,2.86,2.86,19120.0,114.01,0.0275,9.802,123.812,1718.158,11.47,0.000,0.000,407.658,0.0238,0.000,0.0000,0.000,0.0000,0.000,0.0000,0.000,0.0000,0.000,0.0000,0.000,0.0000,0.00005666,3426738.36,5402841.38,96187,0.00
1069,4,100.00,11.15,2.86,2.86,19020.0,114.35,0.0306,9.462,123.812,1718.158,11.10,0.000,0.000,407.658,0.0238,0.000,0.0000,0.000,0.0000,0.000,0.0000,0.000,0.0000,0.000,0.0000,0.000,0.0000,0.00006668,3426838.32,5402841.21,96187,0.00
1068,4,100.00,12.66,2.86,2.86,18920.0,112.85,0.0311,10.949,123.799,1718.158,12.62,0.000,0.000,407.658,0.0238,0.000,0.0000,0.000,0.0000,0.000,0.0000,0.000,0.0000,0.000,0.0000,0.000,0.0000,0.00007999,3426938.18,5402845.91,96187,0.00
1067,4,100.00,12.93,2.86,2.86,18820.0,112.59,0.0264,11.202,123.792,1718.158,12.79,0.000,0.000,407.658,0.0238,0.000,0.0000,0.000,0.0000,0.000,0.0000,0.000,0.0000,0.000,0.0000,0.000,0.0000,0.00004334,3427037.56,5402856.91,96187,0.00
1066,4,100.00,12.13,2.86,2.86,18720.0,113.36,0.0273,10.428,123.788,1718.158,11.94,0.000,0.000,407.658,0.0238,0.000,0.0000,0.000,0.0000,0.000,0.0000,0.000,0.0000,0.000,0.0000,0.000,0.0000,0.00004333,3427136.16,5402873.51,96187,0.00
1065,4,100.00,12.08,2.86,2.86,18620.0,113.38,0.0273,10.406,123.786,1718.158,12.00,0.000,0.000,407.658,0.0238,0.000,0.0000,0.000,0.0000,0.000,0.0000,0.000,0.0000,0.000,0.0000,0.000,0.0000,0.00003666,3427233.85,5402894.74,96187,0.00
1064,4,100.00,11.72,2.86,2.86,18520.0,113.61,0.0281,10.169,123.779,1718.158,11.66,0.000,0.000,407.658,0.0238,0.000,0.0000,0.000,0.0000,0.000,0.0000,0.000,0.0000,0.000,0.0000,0.000,0.0000,0.00004334,3427329.47,5402923.89,96187,0.00
1063,4,100.00,12.23,2.86,2.86,18420.0,113.22,0.0280,10.557,123.777,1718.158,12.11,0.000,0.000,407.658,0.0238,0.000,0.0000,0.000,0.0000,0.000,0.0000,0.000,0.0000,0.000,0.0000,0.000,0.0000,0.00003669,3427422.56,5402960.23,96187,0.00
1062,4,100.00,12.19,2.86,2.86,18320.0,113.18,0.0332,10.593,123.773,1718.158,12.00,0.000,0.000,407.658,0.0238,0.000,0.0000,0.000,0.0000,0.000,0.0000,0.000,0.0000,0.000,0.0000,0.000,0.0000,0.00006665,3427511.99,5403004.89,96187,0.00
1061,4,100.00,12.19,2.86,2.86,18220.0,113.18,0.0336,10.588,123.768,1718.158,12.00,0.000,0.000,407.658,0.0238,0.000,0.0000,0.000,0.0000,0.000,0.0000,0.000,0.0000,0.000,0.0000,0.000,0.0000,0.00007000,3427598.25,5403055.44,96187,0.00
1060,4,100.00,12.03,2.86,2.86,18120.0,113.45,0.0321,10.307,123.757,1718.158,11.86,0.000,0.000,407.658,0.0238,0.000,0.0000,0.000,0.0000,0.000,0.0000,0.000,0.0000,0.000,0.0000,0.000,0.0000,0.00006996,3427681.13,5403111.30,96187,0.00
1059,4,100.00,11.12,2.86,2.86,18020.0,114.17,0.0303,9.582,123.752,1718.158,11.02,0.000,0.000,407.658,0.0238,0.000,0.0000,0.000,0.0000,0.000,0.0000,0.000,0.0000,0.000,0.0000,0.000,0.0000,0.00005336,3427760.55,5403172.02,96187,0.00
1058,4,100.00,10.98,2.86,2.86,17920.0,114.31,0.0315,9.437,123.747,1718.158,10.88,0.000,0.000,407.658,0.0238,0.000,0.0000,0.000,0.0000,0.000,0.0000,0.000,0.0000,0.000,0.0000,0.000,0.0000,0.00006000,3427834.51,5403239.26,96187,0.00
1057,4,100.00,10.86,2.86,2.86,17820.0,114.40,0.0319,9.341,123.741,1718.158,10.73,0.000,0.000,407.658,0.0238,0.000,0.0000,0.000,0.0000,0.000,0.0000,0.000,0.0000,0.000,0.0000,0.000,0.0000,0.00006332,3427903.53,5403311.57,96187,0.00
1056,4,100.00,10.46,2.86,2.86,17720.0,114.70,0.0302,9.034,123.734,1718.158,10.41,0.000,0.000,407.658,0.0238,0.000,0.0000,0.000,0.0000,0.000,0.0000,0.000,0.0000,0.000,0.0000,0.000,0.0000,0.00005329,3427967.32,5403388.55,96187,0.00
1055,4,100.00,10.56,2.86,2.86,17620.0,114.66,0.0303,9.068,123.728,1718.158,10.36,0.000,0.000,407.658,0.0238,0.000,0.0000,0.000,0.0000,0.000,0.0000,0.000,0.0000,0.000,0.0000,0.000,0.0000,0.00005330,3428027.92,5403468.05,96187,0.00
1054,4,100.00,10.70,2.86,2.86,17520.0,114.50,0.0306,9.225,123.725,1718.157,10.63,0.000,0.000,407.658,0.0238,0.000,0.0000,0.000,0.0000,0.000,0.0000,0.000,0.0000,0.000,0.0000,0.000,0.0000,0.00005002,3428084.26,5403550.61,96187,0.00
1053,4,100.00,10.53,2.86,2.86,17420.0,114.60,0.0316,9.118,123.718,1718.158,10.49,0.000,0.000,407.658,0.0238,0.000,0.0000,0.000,0.0000,0.000,0.0000,0.000,0.0000,0.000,0.0000,0.000,0.0000,0.00006002,3428136.85,5403635.65,96187,0.00
1052,4,100.00,10.68,2.86,2.86,17320.0,114.52,0.0309,9.193,123.713,1718.157,10.61,0.000,0.000,407.658,0.0238,0.000,0.0000,0.000,0.0000,0.000,0.0000,0.000,0.0000,0.000,0.0000,0.000,0.0000,0.00005335,3428185.83,5403722.83,96187,0.00
1051,4,100.00,10.80,2.86,2.86,17220.0,114.47,0.0297,9.237,123.707,1718.158,10.67,0.000,0.000,407.658,0.0238,0.000,0.0000,0.000,0.0000,0.000,0.0000,0.000,0.0000,0.000,0.0000,0.000,0.0000,0.00004668,3428229.25,5403812.82,96187,0.00
1050,4,100.00,10.57,2.86,2.86,17120.0,114.62,0.0306,9.082,123.702,1718.157,10.42,0.000,0.000,407.658,0.0238,0.000,0.0000,0.000,0.0000,0.000,0.0000,0.000,0.0000,0.000,0.0000,0.000,0.0000,0.00005001,3428266.63,5403905.56,96187,0.00
1049,4,100.00,10.43,2.86,2.86,17020.0,114.74,0.0306,8.959,123.699,1718.158,10.32,0.000,0.000,407.658,0.0238,0.000,0.0000,0.000,0.0000,0.000,0.0000,0.000,0.0000,0.000,0.0000,0.000,0.0000,0.00004665,3428297.45,5404000.66,96187,0.00
1048,4,100.00,10.87,2.86,2.86,16920.0,114.27,0.0317,9.422,123.692,1718.158,10.76,0.000,0.000,407.658,0.0238,0.000,0.0000,0.000,0.0000,0.000,0.0000,0.000,0.0000,0.000,0.0000,0.000,0.0000,0.00005665,3428323.41,5404097.18,96187,0.00
1047,4,100.00,11.17,2.86,2.86,16820.0,113.87,0.0305,9.818,123.688,1718.157,11.10,0.000,0.000,407.658,0.0238,0.000,0.0000,0.000,0.0000,0.000,0.0000,0.000,0.0000,0.000,0.0000,0.000,0.0000,0.00004665,3428343.37,5404195.15,96187,0.00
1046,4,100.00,11.30,2.86,2.86,16720.0,113.97,0.0304,9.712,123.682,1718.157,11.23,0.000,0.000,407.658,0.0238,0.000,0.0000,0.000,0.0000,0.000,0.0000,0.000,0.0000,0.000,0.0000,0.000,0.0000,0.00004666,3428357.49,5404294.12,96187,0.00
1045,4,100.00,11.18,2.86,2.86,16620.0,114.02,0.0300,9.658,123.678,1718.157,11.09,0.000,0.000,407.658,0.0238,0.000,0.0000,0.000,0.0000,0.000,0.0000,0.000,0.0000,0.000,0.0000,0.000,0.0000,0.00004331,3428369.87,5404393.35,96187,0.00
1044,4,100.00,11.50,2.86,2.86,16520.0,113.63,0.0304,10.044,123.674,1718.156,11.47,0.000,0.000,407.658,0.0238,0.000,0.0000,0.000,0.0000,0.000,0.0000,0.000,0.0000,0.000,0.0000,0.000,0.0000,0.00004336,3428382.08,5404492.60,96187,0.00
1043,4,100.00,10.66,2.86,2.86,16420.0,114.37,0.0290,9.299,123.669,1718.156,10.62,0.000,0.000,407.658,0.0238,0.000,0.0000,0.000,0.0000,0.000,0.0000,0.000,0.0000,0.000,0.0000,0.000,0.0000,0.00003670,3428394.16,5404591.87,96187,0.00
1042,4,100.00,10.71,2.86,2.86,16320.0,114.41,0.0279,9.255,123.665,1718.156,10.54,0.000,0.000,407.658,0.0238,0.000,0.0000,0.000,0.0000,0.000,0.0000,0.000,0.0000,0.000,0.0000,0.000,0.0000,0.00002998,3428405.92,5404691.18,96187,0.00
1041,4,100.00,10.93,2.86,2.86,16220.0,114.28,0.0287,9.383,123.663,1718.156,10.90,0.000,0.000,407.658,0.0238,0.000,0.0000,0.000,0.0000,0.000,0.0000,0.000,0.0000,0.000,0.0000,0.000,0.0000,0.00003000,3428417.68,5404790.48,96187,0.00
1040,4,100.00,10.81,2.86,2.86,16120.0,114.34,0.0311,9.320,123.660,1718.155,10.76,0.000,0.000,407.658,0.0238,0.000,0.0000,0.000,0.0000,0.000,0.0000,0.000,0.0000,0.000,0.0000,0.000,0.0000,0.00003999,3428429.44,5404889.79,96187,0.00
1039,4,100.00,11.16,2.86,2.86,16020.0,114.06,0.0318,9.596,123.656,1718.155,10.95,0.000,0.000,407.658,0.0238,0.000,0.0000,0.000,0.0000,0.000,0.0000,0.000,0.0000,0.000,0.0000,0.000,0.0000,0.00004337,3428441.20,5404989.09,96187,0.00
1038,4,100.00,11.52,2.86,2.86,15920.0,113.54,0.0301,10.111,123.651,1718.155,11.36,0.000,0.000,407.658,0.0238,0.000,0.0000,0.000,0.0000,0.000,0.0000,0.000,0.0000,0.000,0.0000,0.000,0.0000,0.00003668,3428452.96,5405088.40,96187,0.00
1037,4,100.00,11.88,2.86,2.86,15820.0,113.32,0.0287,10.327,123.647,1718.155,11.75,0.000,0.000,407.658,0.0238,0.000,0.0000,0.000,0.0000,0.000,0.0000,0.000,0.0000,0.000,0.0000,0.000,0.0000,0.00003000,3428464.72,5405187.71,96187,0.00
1036,4,100.00,11.76,2.86,2.86,15720.0,113.28,0.0309,10.365,123.645,1718.155,11.62,0.000,0.000,407.658,0.0238,0.000,0.0000,0.000,0.0000,0.000,0.0000,0.000,0.0000,0.000,0.0000,0.000,0.0000,0.00003667,3428478.46,5405286.75,96187,0.00
1035,4,100.00,12.56,2.86,2.86,15620.0,112.56,0.0316,11.082,123.642,1718.155,12.37,0.000,0.000,407.658,0.0238,0.000,0.0000,0.000,0.0000,0.000,0.0000,0.000,0.0000,0.000,0.0000,0.000,0.0000,0.00003998,3428492.69,5405385.73,96187,0.00
1034,4,100.00,12.43,2.86,2.86,15520.0,112.79,0.0322,10.846,123.636,1718.154,12.26,0.000,0.000,407.658,0.0238,0.000,0.0000,0.000,0.0000,0.000,0.0000,0.000,0.0000,0.000,0.0000,0.000,0.0000,0.00004668,3428508.92,5405484.37,96187,0.00
1033,4,100.00,13.19,2.86,2.86,15420.0,111.87,0.0316,11.763,123.633,1718.154,13.10,0.000,0.000,407.658,0.0238,0.000,0.0000,0.000,0.0000,0.000,0.0000,0.000,0.0000,0.000,0.0000,0.000,0.0000,0.00004002,3428536.41,5405580.36,96187,0.00
1032,4,100.00,12.95,2.86,2.86,15320.0,112.18,0.0299,11.448,123.628,1718.153,12.85,0.000,0.000,407.658,0.0238,0.000,0.0000,0.000,0.0000,0.000,0.0000,0.000,0.0000,0.000,0.0000,0.000,0.0000,0.00003332,3428575.15,5405672.53,96187,0.00
1031,4,100.00,13.38,2.86,2.86,15220.0,111.62,0.0290,12.004,123.624,1718.153,13.31,0.000,0.000,407.658,0.0238,0.000,0.0000,0.000,0.0000,0.000,0.0000,0.000,0.0000,0.000,0.0000,0.000,0.0000,0.00002997,3428626.17,5405758.40,96187,0.00
1030,4,100.00,14.22,2.86,2.86,15120.0,110.83,0.0281,12.793,123.623,1718.153,14.15,0.000,0.000,407.658,0.0238,0.000,0.0000,0.000,0.0000,0.000,0.0000,0.000,0.0000,0.000,0.0000,0.000,0.0000,0.00002335,3428685.97,5405838.44,96187,0.00
1029,4,100.00,13.46,2.86,2.86,15020.0,111.64,0.0280,11.979,123.619,1718.153,13.29,0.000,0.000,407.658,0.0238,0.000,0.0000,0.000,0.0000,0.000,0.0000,0.000,0.0000,0.000,0.0000,0.000,0.0000,0.00002336,3428752.07,5405913.36,96187,0.00
1028,4,100.00,13.56,2.86,2.86,14920.0,111.52,0.0296,12.097,123.617,1718.153,13.31,0.000,0.000,407.658,0.0238,0.000,0.0000,0.000,0.0000,0.000,0.0000,0.000,0.0000,0.000,0.0000,0.000,0.0000,0.00002668,3428823.71,5405983.08,96187,0.00
1027,4,100.00,13.53,2.86,2.86,14820.0,111.63,0.0291,11.986,123.616,1718.153,13.14,0.000,0.000,407.658,0.0238,0.000,0.0000,0.000,0.0000,0.000,0.0000,0.000,0.0000,0.000,0.0000,0.000,0.0000,0.00002332,3428902.38,5406044.71,96187,0.00
1026,4,100.00,12.75,2.86,2.86,14720.0,112.27,0.0306,11.341,123.611,1718.153,12.46,0.000,0.000,407.658,0.0238,0.000,0.0000,0.000,0.0000,0.000,0.0000,0.000,0.0000,0.000,0.0000,0.000,0.0000,0.00002998,3428983.93,5406102.52,96187,0.00
1025,4,100.00,12.38,2.86,2.86,14620.0,112.68,0.0295,10.930,123.610,1718.153,12.33,0.000,0.000,407.658,0.0238,0.000,0.0000,0.000,0.0000,0.000,0.0000,0.000,0.0000,0.000,0.0000,0.000,0.0000,0.00002335,3429069.41,5406154.40,96187,0.00
1024,4,100.00,12.38,2.86,2.86,14520.0,112.68,0.0323,10.927,123.607,1718.153,12.33,0.000,0.000,407.658,0.0238,0.000,0.0000,0.000,0.0000,0.000,0.0000,0.000,0.0000,0.000,0.0000,0.000,0.0000,0.00003334,3429158.27,5406200.21,96187,0.00
1023,4,100.00,12.22,2.86,2.86,14420.0,112.93,0.0316,10.674,123.604,1718.153,12.00,0.000,0.000,407.658,0.0238,0.000,0.0000,0.000,0.0000,0.000,0.0000,0.000,0.0000,0.000,0.0000,0.000,0.0000,0.00003001,3429248.11,5406244.08,96187,0.00
1022,4,100.00,11.62,2.86,2.86,14320.0,113.52,0.0309,10.080,123.600,1718.153,11.58,0.000,0.000,407.658,0.0238,0.000,0.0000,0.000,0.0000,0.000,0.0000,0.000,0.0000,0.000,0.0000,0.000,0.0000,0.00002999,3429340.83,5406280.94,96187,0.00
1021,4,100.00,11.36,2.86,2.86,14220.0,113.65,0.0306,9.948,123.598,1718.153,11.26,0.000,0.000,407.658,0.0238,0.000,0.0000,0.000,0.0000,0.000,0.0000,0.000,0.0000,0.000,0.0000,0.000,0.0000,0.00002664,3429436.64,5406309.55,96187,0.00
1020,4,100.00,11.48,2.86,2.86,14120.0,113.62,0.0312,9.975,123.595,1718.153,11.34,0.000,0.000,407.658,0.0238,0.000,0.0000,0.000,0.0000,0.000,0.0000,0.000,0.0000,0.000,0.0000,0.000,0.0000,0.00003002,3429534.00,5406332.19,96187,0.00
1019,4,100.00,11.45,2.86,2.86,14020.0,113.54,0.0303,10.052,123.592,1718.153,11.38,0.000,0.000,407.658,0.0238,0.000,0.0000,0.000,0.0000,0.000,0.0000,0.000,0.0000,0.000,0.0000,0.000,0.0000,0.00002668,3429632.50,5406349.21,96187,0.00
1018,4,100.00,11.66,2.86,2.86,13920.0,113.47,0.0303,10.119,123.589,1718.153,11.52,0.000,0.000,407.658,0.0238,0.000,0.0000,0.000,0.0000,0.000,0.0000,0.000,0.0000,0.000,0.0000,0.000,0.0000,0.00002666,3429731.62,5406361.32,96187,0.00
1017,4,100.00,11.94,2.86,2.86,13820.0,113.17,0.0298,10.417,123.587,1718.153,11.79,0.000,0.000,407.658,0.0238,0.000,0.0000,0.000,0.0000,0.000,0.0000,0.000,0.0000,0.000,0.0000,0.000,0.0000,0.00002331,3429831.43,5406367.45,96187,0.00
1016,4,100.00,12.03,2.86,2.86,13720.0,113.01,0.0306,10.574,123.584,1718.152,11.97,0.000,0.000,407.658,0.0238,0.000,0.0000,0.000,0.0000,0.000,0.0000,0.000,0.0000,0.000,0.0000,0.000,0.0000,0.00002664,3429931.38,5406364.64,96187,0.00
1015,4,100.00,12.11,2.86,2.86,13620.0,112.91,0.0290,10.672,123.582,1718.153,11.98,0.000,0.000,407.658,0.0238,0.000,0.0000,0.000,0.0000,0.000,0.0000,0.000,0.0000,0.000,0.0000,0.000,0.0000,0.00001999,3430030.86,5406354.67,96187,0.00
1014,4,100.00,13.12,2.86,2.86,13520.0,111.98,0.0287,11.599,123.579,1718.153,12.97,0.000,0.000,407.658,0.0238,0.000,0.0000,0.000,0.0000,0.000,0.0000,0.000,0.0000,0.000,0.0000,0.000,0.0000,0.00001997,3430129.90,5406341.19,96187,0.00
1013,4,100.00,13.42,2.86,2.86,13420.0,111.72,0.0272,11.859,123.579,1718.153,13.35,0.000,0.000,406.181,0.0238,0.000,0.0000,0.000,0.0000,0.000,0.0000,0.000,0.0000,0.000,0.0000,0.000,0.0000,0.00001447,3430227.54,5406319.64,96187,0.00
1012,4,100.00,14.54,2.86,2.86,13320.0,110.39,0.0362,13.189,123.579,1718.154,14.37,0.000,0.000,406.181,0.0238,0.000,0.0000,0.000,0.0000,0.000,0.0000,0.000,0.0000,0.000,0.0000,0.000,0.0000,0.00003998,3430323.19,5406290.60,96187,0.00
1011,4,100.00,13.45,2.86,2.86,13220.0,111.71,0.0344,11.865,123.575,1718.154,13.23,0.000,0.000,406.181,0.0238,0.000,0.0000,0.000,0.0000,0.000,0.0000,0.000,0.0000,0.000,0.0000,0.000,0.0000,0.00003334,3430417.05,5406256.18,96187,0.00
1010,4,100.00,12.89,2.86,2.86,13120.0,112.08,0.0306,11.491,123.571,1718.154,12.84,0.000,0.000,406.181,0.0238,0.000,0.0000,0.000,0.0000,0.000,0.0000,0.000,0.0000,0.000,0.0000,0.000,0.0000,0.00002329,3430511.04,5406222.05,96187,0.00
1009,4,100.00,12.54,2.86,2.86,13020.0,112.44,0.0297,11.129,123.569,1718.154,12.42,0.000,0.000,406.181,0.0238,0.000,0.0000,0.000,0.0000,0.000,0.0000,0.000,0.0000,0.000,0.0000,0.000,0.0000,0.00002001,3430605.46,5406189.13,96187,0.00
1008,4,100.00,12.59,2.86,2.86,12920.0,112.50,0.0305,11.068,123.568,1718.154,12.42,0.000,0.000,406.181,0.0238,0.000,0.0000,0.000,0.0000,0.000,0.0000,0.000,0.0000,0.000,0.0000,0.000,0.0000,0.00001994,3430701.46,5406161.34,96187,0.00
1007,4,100.00,13.74,2.86,2.86,12820.0,111.26,0.0323,12.305,123.565,1718.154,13.64,0.000,0.000,406.181,0.0238,0.000,0.0000,0.000,0.0000,0.000,0.0000,0.000,0.0000,0.000,0.0000,0.000,0.0000,0.00002670,3430799.82,5406143.84,96187,0.00
1006,4,100.00,14.53,2.86,2.86,12720.0,110.51,0.0309,13.053,123.563,1718.155,14.45,0.000,0.000,406.181,0.0238,0.000,0.0000,0.000,0.0000,0.000,0.0000,0.000,0.0000,0.000,0.0000,0.000,0.0000,0.00002335,3430899.61,5406137.58,96187,0.00
1005,4,100.00,14.73,2.86,2.86,12620.0,110.26,0.0310,13.300,123.560,1718.155,14.62,0.000,0.000,406.181,0.0238,0.000,0.0000,0.000,0.0000,0.000,0.0000,0.000,0.0000,0.000,0.0000,0.000,0.0000,0.00002337,3430999.49,5406140.09,96187,0.00
1004,4,100.00,15.36,2.86,2.86,12520.0,109.74,0.0309,13.818,123.558,1718.155,15.28,0.000,0.000,406.181,0.0238,0.000,0.0000,0.000,0.0000,0.000,0.0000,0.000,0.0000,0.000,0.0000,0.000,0.0000,0.00002333,3431098.36,5406154.93,96187,0.00
1003,4,100.00,15.64,2.86,2.86,12420.0,109.35,0.0300,14.206,123.556,1718.155,15.60,0.000,0.000,406.181,0.0238,0.000,0.0000,0.000,0.0000,0.000,0.0000,0.000,0.0000,0.000,0.0000,0.000,0.0000,0.00001997,3431195.97,5406176.25,96187,0.00
1002,4,100.00,15.59,2.86,2.86,12320.0,109.53,0.0299,14.023,123.553,1718.155,15.45,0.000,0.000,406.181,0.0238,0.000,0.0000,0.000,0.0000,0.000,0.0000,0.000,0.0000,0.000,0.0000,0.000,0.0000,0.00002001,3431292.44,5406202.48,96187,0.00
1001,4,100.00,15.20,2.86,2.86,12220.0,109.68,0.0287,13.872,123.552,1718.155,15.08,0.000,0.000,406.181,0.0238,0.000,0.0000,0.000,0.0000,0.000,0.0000,0.000,0.0000,0.000,0.0000,0.000,0.0000,0.00001498,3431387.27,5406234.05,96187,0.00
1000,4,100.00,14.32,2.86,2.86,12120.0,110.76,0.0269,12.791,123.551,1718.155,14.16,0.000,0.000,406.181,0.0238,0.000,0.0000,0.000,0.0000,0.000,0.0000,0.000,0.0000,0.000,0.0000,0.000,0.0000,0.00001224,3431480.50,5406270.21,96187,0.00
999,4,100.00,16.04,2.86,2.86,12020.0,108.91,0.0347,14.642,123.552,1718.156,15.87,0.000,0.000,406.181,0.0238,0.000,0.0000,0.000,0.0000,0.000,0.0000,0.000,0.0000,0.000,0.0000,0.000,0.0000,0.00002508,3431574.42,5406304.55,96187,0.00
998,4,100.00,13.97,2.86,2.86,11920.0,110.87,0.0319,12.679,123.549,1718.156,13.93,0.000,0.000,406.181,0.0238,0.000,0.0000,0.000,0.0000,0.000,0.0000,0.000,0.0000,0.000,0.0000,0.000,0.0000,0.00002004,3431665.22,5406346.36,96187,0.00
997,4,100.00,14.02,2.86,2.86,11820.0,111.62,0.0318,11.927,123.547,1718.156,13.99,0.000,0.000,406.181,0.0238,0.000,0.0000,0.000,0.0000,0.000,0.0000,0.000,0.0000,0.000,0.0000,0.000,0.0000,0.00002001,3431752.99,5406394.18,96187,0.00
996,4,100.00,12.92,2.86,2.86,11720.0,112.03,0.0322,11.516,123.546,1718.155,12.89,0.000,0.000,406.181,0.0238,0.000,0.0000,0.000,0.0000,0.000,0.0000,0.000,0.0000,0.000,0.0000,0.000,0.0000,0.00001999,3431837.04,5406448.34,96187,0.00
995,4,100.00,12.54,2.86,2.86,11620.0,112.49,0.0327,11.053,123.543,1718.155,12.51,0.000,0.000,406.181,0.0238,0.000,0.0000,0.000,0.0000,0.000,0.0000,0.000,0.0000,0.000,0.0000,0.000,0.0000,0.00002334,3431918.69,5406505.96,96187,0.00
994,4,100.00,13.04,2.86,2.86,11520.0,111.94,0.0313,11.601,123.541,1718.155,13.01,0.000,0.000,406.181,0.0238,0.000,0.0000,0.000,0.0000,0.000,0.0000,0.000,0.0000,0.000,0.0000,0.000,0.0000,0.00001999,3431996.10,5406569.25,96187,0.00
993,4,100.00,13.04,2.86,2.86,11420.0,111.94,0.0313,11.600,123.540,1718.155,13.01,0.000,0.000,406.181,0.0238,0.000,0.0000,0.000,0.0000,0.000,0.0000,0.000,0.0000,0.000,0.0000,0.000,0.0000,0.00002000,3432071.12,5406635.36,96187,0.00
992,4,100.00,13.43,2.86,2.86,11320.0,111.59,0.0335,11.949,123.539,1718.155,13.40,0.000,0.000,406.181,0.0238,0.000,0.0000,0.000,0.0000,0.000,0.0000,0.000,0.0000,0.000,0.0000,0.000,0.0000,0.00002224,3432147.24,5406700.22,96187,0.00
991,4,100.00,13.03,2.86,2.86,11220.0,112.00,0.0327,11.535,123.535,1718.154,12.85,0.000,0.000,406.181,0.0238,0.000,0.0000,0.000,0.0000,0.000,0.0000,0.000,0.0000,0.000,0.0000,0.000,0.0000,0.00002336,3432223.36,5406765.07,96187,0.00
990,4,100.00,13.07,2.86,2.86,11120.0,111.83,0.0301,11.703,123.533,1718.154,13.04,0.000,0.000,406.181,0.0238,0.000,0.0000,0.000,0.0000,0.000,0.0000,0.000,0.0000,0.000,0.0000,0.000,0.0000,0.00001666,3432297.45,5406832.16,96187,0.00
989,4,100.00,13.47,2.86,2.86,11020.0,111.37,0.0303,12.162,123.532,1718.155,13.40,0.000,0.000,406.181,0.0238,0.000,0.0000,0.000,0.0000,0.000,0.0000,0.000,0.0000,0.000,0.0000,0.000,0.0000,0.00001667,3432369.91,5406901.08,96187,0.00
988,4,100.00,13.61,2.86,2.86,10920.0,111.43,0.0319,12.100,123.530,1718.154,13.44,0.000,0.000,406.181,0.0238,0.000,0.0000,0.000,0.0000,0.000,0.0000,0.000,0.0000,0.000,0.0000,0.000,0.0000,0.00001998,3432442.39,5406969.98,96187,0.00
987,4,100.00,13.86,2.86,2.86,10820.0,111.10,0.0306,12.429,123.529,1718.154,13.71,0.000,0.000,406.181,0.0238,0.000,0.0000,0.000,0.0000,0.000,0.0000,0.000,0.0000,0.000,0.0000,0.000,0.0000,0.00001665,3432514.87,5407038.87,96187,0.00
986,4,100.00,13.62,2.86,2.86,10720.0,111.37,0.0306,12.159,123.529,1718.154,13.48,0.000,0.000,406.181,0.0238,0.000,0.0000,0.000,0.0000,0.000,0.0000,0.000,0.0000,0.000,0.0000,0.000,0.0000,0.00001666,3432587.35,5407107.77,96187,0.00
985,4,100.00,13.40,2.86,2.86,10620.0,111.53,0.0332,11.995,123.525,1718.154,13.36,0.000,0.000,406.181,0.0238,0.000,0.0000,0.000,0.0000,0.000,0.0000,0.000,0.0000,0.000,0.0000,0.000,0.0000,0.00002330,3432659.83,5407176.67,96187,0.00
984,4,100.00,13.48,2.86,2.86,10520.0,111.35,0.0313,12.174,123.524,1718.154,13.44,0.000,0.000,406.181,0.0238,0.000,0.0000,0.000,0.0000,0.000,0.0000,0.000,0.0000,0.000,0.0000,0.000,0.0000,0.00001670,3432728.30,5407249.18,96187,0.00
983,4,100.00,14.22,2.86,2.86,10420.0,110.67,0.0326,12.852,123.522,1718.154,14.14,0.000,0.000,406.181,0.0238,0.000,0.0000,0.000,0.0000,0.000,0.0000,0.000,0.0000,0.000,0.0000,0.000,0.0000,0.00002002,3432789.90,5407327.95,96187,0.00
982,4,100.00,15.00,2.86,2.86,10320.0,110.07,0.0322,13.450,123.520,1718.155,14.92,0.000,0.000,406.181,0.0238,0.000,0.0000,0.000,0.0000,0.000,0.0000,0.000,0.0000,0.000,0.0000,0.000,0.0000,0.00002003,3432855.06,5407403.79,96187,0.00
981,4,100.00,15.27,2.86,2.86,10220.0,109.78,0.0321,13.738,123.518,1718.155,15.08,0.000,0.000,406.181,0.0238,0.000,0.0000,0.000,0.0000,0.000,0.0000,0.000,0.0000,0.000,0.0000,0.000,0.0000,0.00001997,3432919.93,5407479.89,96187,0.00
980,4,100.00,15.56,2.86,2.86,10120.0,109.37,0.0307,14.146,123.516,1718.155,15.50,0.000,0.000,406.181,0.0238,0.000,0.0000,0.000,0.0000,0.000,0.0000,0.000,0.0000,0.000,0.0000,0.000,0.0000,0.00001666,3432984.80,5407556.00,96187,0.00
979,4,100.00,15.65,2.86,2.86,10020.0,109.27,0.0307,14.244,123.514,1718.156,15.54,0.000,0.000,406.181,0.0238,0.000,0.0000,0.000,0.0000,0.000,0.0000,0.000,0.0000,0.000,0.0000,0.000,0.0000,0.00001664,3433049.46,5407632.28,96187,0.00
978,4,100.00,16.32,2.86,2.86,9920.0,108.63,0.0300,14.883,123.513,1718.155,16.25,0.000,0.000,406.181,0.0238,0.000,0.0000,0.000,0.0000,0.000,0.0000,0.000,0.0000,0.000,0.0000,0.000,0.0000,0.00001500,3433113.93,5407708.72,96187,0.00
977,4,100.00,15.46,2.86,2.86,9820.0,109.38,0.0292,14.132,123.512,1718.156,15.37,0.000,0.000,406.181,0.0238,0.000,0.0000,0.000,0.0000,0.000,0.0000,0.000,0.0000,0.000,0.0000,0.000,0.0000,0.00001331,3433177.95,5407785.54,96187,0.00
976,4,100.00,16.46,2.86,2.86,9720.0,108.64,0.0294,14.871,123.511,1718.156,16.35,0.000,0.000,406.181,0.0238,0.000,0.0000,0.000,0.0000,0.000,0.0000,0.000,0.0000,0.000,0.0000,0.000,0.0000,0.00001224,3433242.09,5407862.26,96187,0.00
975,4,100.00,15.36,2.86,2.86,9620.0,109.64,0.0319,13.869,123.509,1718.156,15.16,0.000,0.000,406.181,0.0238,0.000,0.0000,0.000,0.0000,0.000,0.0000,0.000,0.0000,0.000,0.0000,0.000,0.0000,0.00001669,3433303.26,5407941.35,96187,0.00
974,4,100.00,14.83,2.86,2.86,9520.0,110.08,0.0301,13.428,123.508,1718.155,14.70,0.000,0.000,406.181,0.0238,0.000,0.0000,0.000,0.0000,0.000,0.0000,0.000,0.0000,0.000,0.0000,0.000,0.0000,0.00001336,3433363.90,5408020.87,96187,0.00
973,4,100.00,14.26,2.86,2.86,9420.0,110.69,0.0318,12.816,123.506,1718.155,14.03,0.000,0.000,406.181,0.0238,0.000,0.0000,0.000,0.0000,0.000,0.0000,0.000,0.0000,0.000,0.0000,0.000,0.0000,0.00001669,3433424.55,5408100.38,96187,0.00
972,4,100.00,14.93,2.86,2.86,9320.0,110.14,0.0317,13.365,123.505,1718.154,14.89,0.000,0.000,406.181,0.0238,0.000,0.0000,0.000,0.0000,0.000,0.0000,0.000,0.0000,0.000,0.0000,0.000,0.0000,0.00001666,3433484.40,5408180.48,96187,0.00
971,4,100.00,13.81,2.86,2.86,9220.0,111.13,0.0315,12.373,123.503,1718.154,13.74,0.000,0.000,406.181,0.0238,0.000,0.0000,0.000,0.0000,0.000,0.0000,0.000,0.0000,0.000,0.0000,0.000,0.0000,0.00001666,3433542.60,5408261.80,96187,0.00
970,4,100.00,13.51,2.86,2.86,9120.0,111.48,0.0325,12.021,123.501,1718.154,13.39,0.000,0.000,406.181,0.0238,0.000,0.0000,0.000,0.0000,0.000,0.0000,0.000,0.0000,0.000,0.0000,0.000,0.0000,0.00001998,3433599.86,5408343.78,96187,0.00
969,4,100.00,13.53,2.86,2.86,9020.0,111.43,0.0316,12.070,123.500,1718.154,13.40,0.000,0.000,406.181,0.0238,0.000,0.0000,0.000,0.0000,0.000,0.0000,0.000,0.0000,0.000,0.0000,0.000,0.0000,0.00001667,3433655.27,5408427.02,96187,0.00
968,4,100.00,13.77,2.86,2.86,8920.0,111.20,0.0310,12.297,123.497,1718.153,13.68,0.000,0.000,406.181,0.0238,0.000,0.0000,0.000,0.0000,0.000,0.0000,0.000,0.0000,0.000,0.0000,0.000,0.0000,0.00001667,3433710.09,5408510.66,96187,0.00
967,4,100.00,14.07,2.86,2.86,8820.0,110.88,0.0276,12.616,123.496,1718.152,13.88,0.000,0.000,406.181,0.0238,0.000,0.0000,0.000,0.0000,0.000,0.0000,0.000,0.0000,0.000,0.0000,0.000,0.0000,0.00001000,3433764.50,5408594.56,96187,0.00
966,4,100.00,14.51,2.86,2.86,8720.0,110.52,0.0276,12.975,123.495,1718.153,14.33,0.000,0.000,406.181,0.0238,0.000,0.0000,0.000,0.0000,0.000,0.0000,0.000,0.0000,0.000,0.0000,0.000,0.0000,0.00001002,3433818.26,5408678.88,96187,0.00
965,4,100.00,14.68,2.86,2.86,8620.0,110.16,0.0231,13.334,123.494,1718.153,14.63,0.000,0.000,406.181,0.0238,0.000,0.0000,0.000,0.0000,0.000,0.0000,0.000,0.0000,0.000,0.0000,0.000,0.0000,0.00000499,3433871.69,5408763.41,96187,0.00
964,4,100.00,14.70,2.86,2.86,8520.0,110.23,0.0161,13.264,123.494,1718.153,14.55,0.000,0.000,406.181,0.0238,0.000,0.0000,0.000,0.0000,0.000,0.0000,0.000,0.0000,0.000,0.0000,0.000,0.0000,0.00000166,3433923.29,5408849.06,96187,0.00
963,4,100.00,14.76,2.86,2.86,8420.0,110.22,0.0245,13.274,123.494,1718.153,14.68,0.000,0.000,406.181,0.0238,0.000,0.0000,0.000,0.0000,0.000,0.0000,0.000,0.0000,0.000,0.0000,0.000,0.0000,0.00000506,3433973.70,5408935.43,96187,0.00
962,4,100.00,14.25,2.86,2.86,8320.0,110.56,0.0436,12.935,123.495,1718.153,14.19,0.000,0.000,406.181,0.0238,0.000,0.0000,0.000,0.0000,0.000,0.0000,0.000,0.0000,0.000,0.0000,0.000,0.0000,0.00005510,3434023.35,5409022.23,96187,0.00
961,4,100.00,15.12,2.86,2.86,8220.0,109.94,0.0438,13.554,123.494,1718.153,14.83,0.000,0.000,406.181,0.0238,0.000,0.0000,0.000,0.0000,0.000,0.0000,0.000,0.0000,0.000,0.0000,0.000,0.0000,0.00005510,3434071.39,5409109.92,96187,0.00
960,4,100.00,15.83,2.86,2.86,8140.0,109.19,0.0382,14.296,123.486,1718.154,15.66,0.000,0.000,406.181,0.0238,0.000,0.0000,0.000,0.0000,0.000,0.0000,0.000,0.0000,0.000,0.0000,0.000,0.0000,0.00004335,3434107.39,5409181.36,96187,0.00
959,4,100.00,15.83,2.86,2.86,8120.0,109.19,0.0340,14.296,123.486,1718.153,15.66,0.000,0.000,406.181,0.0238,0.000,0.0000,0.000,0.0000,0.000,0.0000,0.000,0.0000,0.000,0.0000,0.000,0.0000,0.00002497,3434116.25,5409199.29,96187,0.00
958,4,100.00,16.22,2.86,2.86,8020.0,108.98,0.0364,14.503,123.483,1718.154,15.88,0.000,0.000,406.181,0.0238,0.000,0.0000,0.000,0.0000,0.000,0.0000,0.000,0.0000,0.000,0.0000,0.000,0.0000,0.00003665,3434156.69,5409290.72,96187,0.00
957,4,100.00,16.51,2.86,2.86,7920.0,108.69,0.0359,14.791,123.481,1718.153,16.09,0.000,0.000,406.181,0.0238,0.000,0.0000,0.000,0.0000,0.000,0.0000,0.000,0.0000,0.000,0.0000,0.000,0.0000,0.00003667,3434193.73,5409383.58,96187,0.00
956,4,100.00,17.19,2.86,2.86,7820.0,108.49,0.0369,14.985,123.475,1718.153,16.34,0.000,0.000,406.181,0.0238,0.000,0.0000,0.000,0.0000,0.000,0.0000,0.000,0.0000,0.000,0.0000,0.000,0.0000,0.00005336,3434225.78,5409478.26,96187,0.00
955,4,100.00,16.55,2.86,2.86,7720.0,108.58,0.0361,14.892,123.472,1718.152,16.48,0.000,0.000,406.181,0.0238,0.000,0.0000,0.000,0.0000,0.000,0.0000,0.000,0.0000,0.000,0.0000,0.000,0.0000,0.00005000,3434254.22,5409574.14,96187,0.00
954,4,100.00,16.11,2.86,2.86,7620.0,108.90,0.0359,14.565,123.465,1718.153,16.00,0.000,0.000,406.181,0.0238,0.000,0.0000,0.000,0.0000,0.000,0.0000,0.000,0.0000,0.000,0.0000,0.000,0.0000,0.00006332,3434280.97,5409670.48,96187,0.00
953,4,100.00,15.82,2.86,2.86,7520.0,109.38,0.0338,14.080,123.460,1718.154,15.56,0.000,0.000,406.181,0.0238,0.000,0.0000,0.000,0.0000,0.000,0.0000,0.000,0.0000,0.000,0.0000,0.000,0.0000,0.00005250,3434306.85,5409767.08,96187,0.00
952,4,100.00,15.52,2.86,2.86,7420.0,109.68,0.0326,13.773,123.453,1718.153,15.22,0.000,0.000,406.181,0.0238,0.000,0.0000,0.000,0.0000,0.000,0.0000,0.000,0.0000,0.000,0.0000,0.000,0.0000,0.00005253,3434328.47,5409864.71,96187,0.00
951,4,100.00,15.80,2.86,2.86,7340.0,109.37,0.0321,14.080,123.450,1718.152,15.55,0.000,0.000,406.181,0.0238,0.000,0.0000,0.000,0.0000,0.000,0.0000,0.000,0.0000,0.000,0.0000,0.000,0.0000,0.00004918,3434343.24,5409943.33,96187,0.00
950,4,100.00,15.80,2.86,2.86,7320.0,109.37,0.0330,14.079,123.449,1718.153,15.55,0.000,0.000,406.181,0.0238,0.000,0.0000,0.000,0.0000,0.000,0.0000,0.000,0.0000,0.000,0.0000,0.000,0.0000,0.00005498,3434346.82,5409963.01,96187,0.00
949,4,100.00,14.69,2.86,2.86,7220.0,110.52,0.0269,12.926,123.446,1718.153,14.35,0.000,0.000,406.181,0.0238,0.000,0.0000,0.000,0.0000,0.000,0.0000,0.000,0.0000,0.000,0.0000,0.000,0.0000,0.00002778,3434365.53,5410061.24,96187,0.00
948,4,100.00,14.30,2.86,2.86,7180.0,110.76,0.0273,12.685,123.445,1718.153,14.20,0.000,0.000,406.181,0.0238,0.000,0.0000,0.000,0.0000,0.000,0.0000,0.000,0.0000,0.000,0.0000,0.000,0.0000,0.00002503,3434373.21,5410100.49,96187,0.00
947,4,100.00,14.30,2.86,2.86,7120.0,110.76,0.0128,12.685,123.445,1718.153,14.20,0.000,0.000,406.181,0.0238,0.000,0.0000,0.000,0.0000,0.000,0.0000,0.000,0.0000,0.000,0.0000,0.000,0.0000,0.00000276,3434384.76,5410159.37,96187,0.00
946,4,100.00,14.34,2.86,2.86,7020.0,110.79,0.0125,12.657,123.447,1718.153,14.10,0.000,0.000,406.181,0.0238,0.000,0.0000,0.000,0.0000,0.000,0.0000,0.000,0.0000,0.000,0.0000,0.000,0.0000,0.00000001,3434404.09,5410257.48,96187,0.00
945,4,100.00,13.71,2.86,2.86,6920.0,111.22,0.0125,12.230,123.450,1638.902,13.65,0.000,0.000,406.181,0.0238,0.000,0.0000,0.000,0.0000,0.000,0.0000,0.000,0.0000,0.000,0.0000,0.000,0.0000,0.00000001,3434423.15,5410355.65,96187,0.00
944,4,100.00,13.59,2.86,2.86,6820.0,111.41,0.0410,12.043,123.453,1559.653,13.40,0.000,0.000,406.181,0.0238,0.000,0.0000,0.000,0.0000,0.000,0.0000,0.000,0.0000,0.000,0.0000,0.000,0.0000,0.00006499,3434442.27,5410453.81,96187,0.00
943,4,100.00,12.94,2.86,2.86,6720.0,111.96,0.0468,11.496,123.456,1480.403,12.86,0.000,0.000,406.181,0.0238,0.000,0.0000,0.000,0.0000,0.000,0.0000,0.000,0.0000,0.000,0.0000,0.000,0.0000,0.00012996,3434461.64,5410551.91,96187,0.00
942,4,100.00,10.62,2.86,2.86,6620.0,114.39,0.0328,9.059,123.449,1401.154,10.57,0.000,0.000,406.181,0.0238,0.000,0.0000,0.000,0.0000,0.000,0.0000,0.000,0.0000,0.000,0.0000,0.000,0.0000,0.00004946,3434480.31,5410650.15,96187,0.00
941,4,100.00,10.62,2.86,2.86,6580.0,114.39,0.0316,9.057,123.447,1321.904,10.57,0.000,0.000,406.181,0.0238,0.000,0.0000,0.000,0.0000,0.000,0.0000,0.000,0.0000,0.000,0.0000,0.000,0.0000,0.00003755,3434487.97,5410689.41,96187,0.00
940,4,100.00,12.08,2.86,2.86,6520.0,112.87,0.0125,10.577,123.447,1242.654,12.03,0.000,0.000,406.181,0.0238,0.000,0.0000,0.000,0.0000,0.000,0.0000,0.000,0.0000,0.000,0.0000,0.000,0.0000,0.00000001,3434499.29,5410748.33,96187,0.00
939,4,100.00,12.79,2.86,2.86,6420.0,112.25,0.0125,11.200,123.450,1163.403,12.72,0.000,0.000,406.181,0.0238,0.000,0.0000,0.000,0.0000,0.000,0.0000,0.000,0.0000,0.000,0.0000,0.000,0.0000,0.00000001,3434518.64,5410846.45,96187,0.00
938,4,100.00,14.01,2.86,2.86,6340.0,111.00,0.0342,12.453,123.453,1084.154,13.97,0.000,0.000,406.181,0.0238,0.000,0.0000,0.000,0.0000,0.000,0.0000,0.000,0.0000,0.000,0.0000,0.000,0.0000,0.00003003,3434534.01,5410924.96,96187,0.00
937,4,100.00,14.01,2.86,2.86,6320.0,111.00,0.0405,12.456,123.456,1004.903,13.97,0.000,0.000,406.181,0.0238,0.000,0.0000,0.000,0.0000,0.000,0.0000,0.000,0.0000,0.000,0.0000,0.000,0.0000,0.00006004,3434537.80,5410944.59,96187,0.00
936,2,120.00,13.55,2.86,2.86,6220.0,110.50,0.0312,12.950,123.450,925.653,13.55,0.000,0.000,406.181,0.0238,0.000,0.0000,0.000,0.0000,0.000,0.0000,0.000,0.0000,0.000,0.0000,0.000,0.0000,0.00006005,3434557.17,5411042.70,96187,0.00
