Wasserstand OW Iffezheim gesamt 04.04.2016 12:00 - 29.08.2016 12.00 (3529 x 1h) gleitendes 5h-Mittel
3529  1.000
123.374
123.374
123.374
123.386
123.394
123.4
123.408
123.422
123.446
123.478
123.512
123.548
123.576
123.594
123.602
123.606
123.606
123.608
123.614
123.624
123.624
123.62
123.608
123.594
123.578
123.568
123.562
123.564
123.564
123.556
123.548
123.548
123.55
123.556
123.57
123.586
123.59
123.584
123.568
123.548
123.518
123.476
123.442
123.42
123.408
123.418
123.446
123.474
123.506
123.534
123.544
123.552
123.554
123.548
123.536
123.526
123.524
123.526
123.524
123.516
123.512
123.502
123.488
123.482
123.492
123.508
123.526
123.556
123.588
123.618
123.638
123.66
123.672
123.678
123.678
123.68
123.672
123.668
123.662
123.656
123.652
123.652
123.642
123.638
123.63
123.618
123.606
123.602
123.592
123.584
123.584
123.584
123.588
123.594
123.608
123.612
123.612
123.606
123.592
123.574
123.56
123.548
123.54
123.542
123.542
123.552
123.568
123.582
123.594
123.61
123.62
123.626
123.63
123.638
123.642
123.65
123.662
123.674
123.68
123.686
123.68
123.67
123.658
123.644
123.624
123.614
123.606
123.602
123.604
123.614
123.616
123.616
123.616
123.614
123.61
123.606
123.602
123.602
123.608
123.62
123.638
123.658
123.676
123.68
123.68
123.674
123.658
123.634
123.618
123.596
123.582
123.578
123.576
123.568
123.568
123.562
123.554
123.538
123.528
123.504
123.478
123.454
123.444
123.436
123.446
123.464
123.492
123.522
123.558
123.58
123.584
123.568
123.542
123.504
123.48
123.476
123.49
123.52
123.558
123.592
123.626
123.642
123.642
123.632
123.606
123.56
123.518
123.484
123.46
123.45
123.452
123.462
123.47
123.472
123.476
123.478
123.474
123.468
123.466
123.476
123.504
123.538
123.574
123.61
123.628
123.624
123.606
123.582
123.548
123.514
123.49
123.474
123.472
123.48
123.496
123.512
123.528
123.534
123.544
123.542
123.534
123.532
123.528
123.518
123.524
123.538
123.548
123.558
123.568
123.57
123.572
123.578
123.594
123.614
123.636
123.658
123.674
123.686
123.684
123.674
123.654
123.628
123.598
123.576
123.56
123.544
123.54
123.542
123.55
123.56
123.578
123.592
123.596
123.596
123.59
123.58
123.574
123.58
123.582
123.584
123.59
123.586
123.578
123.58
123.59
123.602
123.616
123.626
123.624
123.606
123.59
123.58
123.582
123.59
123.612
123.634
123.656
123.658
123.658
123.65
123.636
123.62
123.614
123.608
123.612
123.616
123.624
123.638
123.648
123.652
123.656
123.656
123.65
123.65
123.65
123.654
123.66
123.662
123.662
123.664
123.658
123.648
123.646
123.646
123.644
123.644
123.654
123.664
123.65
123.634
123.632
123.63
123.62
123.626
123.628
123.62
123.608
123.606
123.606
123.608
123.61
123.606
123.594
123.592
123.596
123.602
123.602
123.602
123.6
123.596
123.592
123.596
123.602
123.606
123.608
123.612
123.612
123.604
123.6
123.608
123.606
123.598
123.606
123.618
123.608
123.6
123.614
123.624
123.616
123.62
123.626
123.614
123.59
123.59
123.594
123.588
123.594
123.62
123.62
123.61
123.61
123.614
123.612
123.606
123.604
123.614
123.614
123.604
123.6
123.612
123.612
123.608
123.592
123.604
123.612
123.606
123.6
123.62
123.614
123.592
123.588
123.598
123.594
123.596
123.602
123.604
123.596
123.6
123.602
123.598
123.596
123.6
123.592
123.586
123.59
123.6
123.6
123.596
123.596
123.6
123.596
123.602
123.616
123.624
123.628
123.628
123.618
123.608
123.6
123.59
123.58
123.57
123.55
123.538
123.54
123.55
123.562
123.58
123.588
123.584
123.57
123.558
123.554
123.578
123.608
123.64
123.668
123.694
123.694
123.686
123.686
123.684
123.672
123.658
123.648
123.634
123.622
123.618
123.61
123.6
123.6
123.616
123.626
123.648
123.664
123.668
123.656
123.65
123.64
123.638
123.642
123.646
123.65
123.66
123.666
123.67
123.672
123.67
123.668
123.672
123.676
123.684
123.686
123.68
123.666
123.65
123.632
123.624
123.62
123.622
123.632
123.646
123.66
123.668
123.66
123.64
123.618
123.59
123.576
123.582
123.592
123.606
123.624
123.63
123.626
123.612
123.596
123.582
123.574
123.576
123.588
123.6
123.61
123.61
123.602
123.594
123.586
123.576
123.58
123.588
123.594
123.594
123.598
123.598
123.6
123.612
123.636
123.664
123.688
123.71
123.724
123.72
123.696
123.664
123.62
123.584
123.568
123.576
123.596
123.63
123.658
123.668
123.67
123.668
123.656
123.646
123.648
123.654
123.656
123.666
123.672
123.668
123.648
123.626
123.594
123.57
123.562
123.568
123.584
123.606
123.622
123.624
123.624
123.62
123.61
123.588
123.578
123.58
123.582
123.59
123.606
123.616
123.6
123.59
123.588
123.59
123.594
123.618
123.636
123.648
123.66
123.67
123.674
123.678
123.68
123.674
123.674
123.676
123.68
123.674
123.67
123.66
123.648
123.638
123.64
123.648
123.658
123.662
123.658
123.644
123.636
123.63
123.642
123.664
123.688
123.696
123.698
123.686
123.664
123.646
123.642
123.638
123.638
123.642
123.648
123.652
123.658
123.666
123.676
123.68
123.676
123.668
123.656
123.64
123.628
123.618
123.616
123.616
123.624
123.632
123.642
123.648
123.652
123.654
123.66
123.674
123.684
123.69
123.688
123.682
123.668
123.658
123.648
123.642
123.636
123.628
123.618
123.614
123.604
123.602
123.602
123.6
123.594
123.596
123.592
123.592
123.6
123.61
123.622
123.634
123.648
123.658
123.672
123.686
123.696
123.694
123.698
123.702
123.704
123.686
123.654
123.618
123.582
123.544
123.522
123.516
123.52
123.522
123.512
123.504
123.498
123.486
123.482
123.5
123.534
123.582
123.622
123.624
123.612
123.604
123.592
123.574
123.578
123.594
123.608
123.612
123.602
123.612
123.618
123.604
123.586
123.592
123.592
123.596
123.59
123.594
123.606
123.61
123.596
123.596
123.596
123.598
123.588
123.584
123.59
123.596
123.592
123.594
123.592
123.588
123.588
123.59
123.598
123.614
123.626
123.634
123.644
123.648
123.654
123.658
123.66
123.66
123.66
123.652
123.644
123.638
123.632
123.634
123.644
123.658
123.67
123.668
123.648
123.628
123.614
123.6
123.602
123.62
123.608
123.588
123.57
123.548
123.528
123.538
123.544
123.546
123.55
123.556
123.566
123.584
123.606
123.624
123.638
123.646
123.65
123.65
123.646
123.644
123.644
123.652
123.662
123.67
123.668
123.656
123.636
123.61
123.59
123.582
123.586
123.594
123.612
123.634
123.654
123.672
123.682
123.688
123.684
123.676
123.662
123.652
123.644
123.642
123.642
123.646
123.642
123.636
123.634
123.626
123.622
123.622
123.624
123.622
123.63
123.638
123.656
123.664
123.674
123.68
123.686
123.684
123.686
123.682
123.68
123.674
123.666
123.652
123.646
123.638
123.63
123.624
123.628
123.624
123.616
123.606
123.604
123.6
123.6
123.604
123.61
123.608
123.612
123.62
123.62
123.622
123.628
123.62
123.612
123.616
123.616
123.614
123.626
123.632
123.636
123.642
123.644
123.64
123.638
123.63
123.622
123.614
123.61
123.612
123.622
123.63
123.642
123.656
123.662
123.666
123.67
123.672
123.664
123.656
123.65
123.646
123.65
123.648
123.642
123.64
123.636
123.63
123.628
123.638
123.642
123.648
123.65
123.658
123.656
123.65
123.648
123.648
123.652
123.652
123.66
123.656
123.65
123.644
123.646
123.642
123.648
123.654
123.652
123.654
123.66
123.658
123.656
123.658
123.656
123.642
123.638
123.634
123.63
123.628
123.636
123.638
123.642
123.644
123.646
123.642
123.64
123.634
123.632
123.624
123.624
123.628
123.634
123.638
123.642
123.642
123.638
123.634
123.63
123.628
123.628
123.628
123.632
123.642
123.65
123.662
123.666
123.668
123.662
123.666
123.664
123.674
123.682
123.686
123.69
123.694
123.69
123.68
123.672
123.658
123.648
123.642
123.638
123.628
123.614
123.608
123.614
123.594
123.574
123.572
123.57
123.538
123.53
123.546
123.562
123.554
123.558
123.568
123.556
123.538
123.528
123.514
123.512
123.524
123.518
123.51
123.52
123.522
123.514
123.51
123.514
123.512
123.512
123.532
123.552
123.574
123.598
123.618
123.606
123.608
123.61
123.602
123.592
123.602
123.604
123.594
123.594
123.604
123.598
123.594
123.61
123.614
123.602
123.612
123.622
123.606
123.61
123.62
123.61
123.598
123.608
123.594
123.594
123.6
123.6
123.584
123.598
123.596
123.586
123.582
123.588
123.578
123.548
123.534
123.524
123.504
123.48
123.494
123.496
123.486
123.496
123.504
123.488
123.482
123.49
123.486
123.482
123.492
123.496
123.49
123.48
123.482
123.486
123.49
123.494
123.498
123.502
123.498
123.496
123.494
123.494
123.5
123.5
123.494
123.512
123.546
123.562
123.576
123.594
123.59
123.576
123.578
123.588
123.598
123.602
123.604
123.59
123.576
123.572
123.584
123.596
123.61
123.62
123.614
123.6
123.588
123.584
123.588
123.602
123.61
123.606
123.592
123.58
123.57
123.572
123.586
123.602
123.606
123.602
123.592
123.576
123.574
123.586
123.604
123.62
123.632
123.626
123.608
123.596
123.594
123.602
123.608
123.618
123.612
123.598
123.584
123.574
123.568
123.572
123.576
123.582
123.59
123.596
123.61
123.622
123.63
123.636
123.64
123.632
123.63
123.618
123.604
123.59
123.578
123.568
123.572
123.586
123.6
123.614
123.614
123.6
123.586
123.576
123.57
123.57
123.576
123.582
123.588
123.596
123.608
123.62
123.624
123.62
123.61
123.598
123.588
123.578
123.568
123.562
123.564
123.57
123.584
123.604
123.62
123.624
123.62
123.608
123.588
123.572
123.566
123.57
123.582
123.598
123.608
123.602
123.592
123.578
123.572
123.574
123.59
123.598
123.608
123.61
123.6
123.586
123.58
123.58
123.586
123.6
123.614
123.622
123.616
123.608
123.6
123.592
123.58
123.572
123.566
123.564
123.572
123.598
123.626
123.654
123.68
123.698
123.702
123.71
123.712
123.71
123.71
123.71
123.706
123.704
123.708
123.708
123.702
123.684
123.652
123.616
123.584
123.562
123.556
123.57
123.588
123.606
123.624
123.628
123.622
123.612
123.598
123.586
123.586
123.598
123.614
123.624
123.628
123.626
123.62
123.606
123.596
123.59
123.592
123.59
123.594
123.6
123.606
123.608
123.61
123.614
123.61
123.604
123.598
123.588
123.578
123.586
123.596
123.61
123.62
123.612
123.598
123.586
123.578
123.58
123.596
123.61
123.618
123.616
123.614
123.61
123.602
123.592
123.588
123.582
123.582
123.586
123.596
123.596
123.6
123.598
123.602
123.604
123.61
123.604
123.6
123.588
123.584
123.584
123.592
123.6
123.604
123.604
123.6
123.594
123.588
123.584
123.586
123.594
123.6
123.606
123.602
123.594
123.588
123.592
123.596
123.608
123.612
123.608
123.596
123.584
123.574
123.568
123.568
123.57
123.576
123.586
123.596
123.602
123.608
123.604
123.598
123.592
123.592
123.592
123.598
123.604
123.608
123.602
123.59
123.576
123.57
123.57
123.58
123.598
123.612
123.618
123.614
123.602
123.588
123.582
123.582
123.588
123.6
123.612
123.616
123.606
123.596
123.582
123.578
123.582
123.594
123.604
123.608
123.598
123.586
123.578
123.582
123.594
123.608
123.622
123.63
123.628
123.622
123.612
123.602
123.586
123.57
123.564
123.572
123.578
123.59
123.604
123.61
123.608
123.606
123.608
123.602
123.596
123.586
123.588
123.592
123.6
123.606
123.61
123.604
123.596
123.594
123.594
123.604
123.614
123.61
123.6
123.592
123.582
123.582
123.594
123.604
123.606
123.602
123.592
123.586
123.586
123.596
123.608
123.618
123.62
123.616
123.604
123.594
123.584
123.574
123.574
123.582
123.59
123.6
123.614
123.618
123.612
123.604
123.592
123.58
123.57
123.57
123.576
123.592
123.61
123.624
123.628
123.618
123.598
123.58
123.57
123.566
123.586
123.606
123.614
123.612
123.612
123.604
123.594
123.588
123.59
123.596
123.596
123.598
123.6
123.596
123.588
123.588
123.59
123.594
123.602
123.604
123.598
123.59
123.594
123.6
123.61
123.612
123.614
123.596
123.582
123.572
123.576
123.58
123.594
123.604
123.61
123.612
123.606
123.596
123.586
123.578
123.576
123.59
123.608
123.618
123.616
123.61
123.598
123.59
123.592
123.604
123.608
123.612
123.612
123.61
123.608
123.606
123.598
123.592
123.592
123.592
123.59
123.59
123.588
123.582
123.578
123.584
123.592
123.602
123.612
123.616
123.61
123.6
123.594
123.59
123.592
123.602
123.616
123.614
123.608
123.606
123.602
123.598
123.6
123.604
123.604
123.6
123.596
123.6
123.602
123.596
123.59
123.592
123.59
123.58
123.58
123.582
123.578
123.566
123.56
123.562
123.574
123.578
123.582
123.598
123.598
123.58
123.57
123.574
123.574
123.566
123.566
123.574
123.582
123.578
123.574
123.582
123.584
123.568
123.562
123.574
123.576
123.572
123.576
123.572
123.566
123.57
123.57
123.568
123.576
123.586
123.58
123.572
123.584
123.586
123.568
123.566
123.58
123.576
123.568
123.572
123.582
123.576
123.566
123.568
123.578
123.574
123.574
123.572
123.572
123.574
123.576
123.576
123.578
123.582
123.58
123.574
123.574
123.58
123.572
123.568
123.572
123.558
123.54
123.532
123.518
123.502
123.502
123.5
123.5
123.504
123.506
123.506
123.508
123.498
123.486
123.476
123.472
123.478
123.484
123.488
123.488
123.488
123.498
123.514
123.526
123.528
123.528
123.518
123.508
123.502
123.5
123.494
123.49
123.5
123.506
123.508
123.514
123.516
123.502
123.494
123.494
123.49
123.48
123.48
123.488
123.496
123.5
123.502
123.506
123.504
123.51
123.514
123.518
123.512
123.51
123.506
123.502
123.504
123.502
123.492
123.484
123.492
123.498
123.504
123.508
123.502
123.49
123.482
123.478
123.478
123.48
123.484
123.486
123.492
123.492
123.496
123.5
123.502
123.498
123.494
123.49
123.49
123.498
123.506
123.518
123.524
123.518
123.504
123.494
123.49
123.494
123.506
123.518
123.518
123.508
123.494
123.482
123.476
123.484
123.494
123.502
123.508
123.506
123.496
123.488
123.486
123.486
123.494
123.508
123.516
123.52
123.512
123.5
123.486
123.48
123.48
123.488
123.494
123.498
123.496
123.49
123.486
123.488
123.492
123.5
123.506
123.51
123.508
123.506
123.502
123.494
123.484
123.478
123.476
123.476
123.482
123.498
123.51
123.52
123.532
123.534
123.524
123.508
123.492
123.482
123.488
123.492
123.494
123.494
123.492
123.486
123.486
123.498
123.506
123.506
123.498
123.486
123.482
123.484
123.484
123.486
123.49
123.492
123.502
123.51
123.512
123.512
123.508
123.498
123.5
123.506
123.518
123.522
123.512
123.494
123.484
123.48
123.486
123.498
123.506
123.506
123.492
123.472
123.468
123.478
123.488
123.498
123.502
123.496
123.486
123.482
123.482
123.488
123.496
123.506
123.504
123.498
123.498
123.498
123.496
123.5
123.502
123.492
123.478
123.466
123.466
123.48
123.5
123.516
123.516
123.508
123.496
123.49
123.494
123.502
123.504
123.496
123.488
123.484
123.484
123.486
123.494
123.498
123.498
123.494
123.496
123.508
123.512
123.504
123.504
123.508
123.506
123.51
123.514
123.514
123.508
123.5
123.492
123.49
123.49
123.49
123.492
123.494
123.498
123.502
123.502
123.5
123.494
123.482
123.478
123.482
123.486
123.492
123.498
123.494
123.49
123.494
123.496
123.496
123.496
123.49
123.482
123.486
123.492
123.49
123.492
123.492
123.488
123.488
123.498
123.506
123.51
123.51
123.502
123.488
123.48
123.476
123.476
123.486
123.5
123.502
123.496
123.488
123.478
123.474
123.482
123.492
123.496
123.496
123.492
123.486
123.486
123.49
123.502
123.504
123.5
123.494
123.492
123.488
123.494
123.498
123.496
123.49
123.488
123.494
123.498
123.498
123.492
123.488
123.482
123.488
123.496
123.506
123.504
123.496
123.482
123.478
123.482
123.488
123.492
123.496
123.496
123.492
123.492
123.496
123.5
123.5
123.5
123.496
123.486
123.478
123.474
123.47
123.474
123.488
123.502
123.508
123.502
123.498
123.494
123.49
123.488
123.488
123.486
123.484
123.482
123.486
123.5
123.512
123.51
123.496
123.486
123.478
123.472
123.476
123.486
123.488
123.488
123.496
123.502
123.502
123.496
123.5
123.496
123.494
123.494
123.5
123.5
123.496
123.488
123.488
123.488
123.484
123.478
123.482
123.492
123.506
123.51
123.51
123.498
123.49
123.484
123.494
123.508
123.52
123.518
123.51
123.498
123.49
123.496
123.506
123.512
123.514
123.512
123.502
123.488
123.482
123.484
123.49
123.5
123.508
123.514
123.508
123.494
123.48
123.48
123.486
123.494
123.502
123.504
123.496
123.484
123.484
123.488
123.49
123.5
123.512
123.51
123.506
123.51
123.514
123.514
123.508
123.5
123.492
123.492
123.508
123.536
123.562
123.576
123.566
123.536
123.508
123.494
123.492
123.496
123.506
123.51
123.492
123.476
123.472
123.474
123.474
123.484
123.484
123.484
123.478
123.478
123.482
123.49
123.486
123.482
123.484
123.488
123.498
123.508
123.502
123.494
123.492
123.488
123.486
123.496
123.498
123.486
123.476
123.484
123.49
123.49
123.494
123.496
123.494
123.494
123.498
123.5
123.504
123.496
123.494
123.502
123.514
123.516
123.512
123.504
123.492
123.484
123.488
123.5
123.508
123.506
123.498
123.49
123.49
123.49
123.496
123.5
123.496
123.482
123.478
123.478
123.486
123.5
123.508
123.506
123.502
123.494
123.482
123.476
123.484
123.504
123.532
123.564
123.584
123.586
123.57
123.542
123.504
123.48
123.47
123.472
123.482
123.496
123.51
123.516
123.514
123.5
123.488
123.484
123.49
123.5
123.508
123.51
123.5
123.488
123.474
123.478
123.488
123.502
123.508
123.508
123.5
123.49
123.474
123.466
123.472
123.486
123.504
123.522
123.526
123.524
123.512
123.5
123.494
123.498
123.504
123.51
123.514
123.514
123.512
123.51
123.506
123.496
123.482
123.476
123.47
123.472
123.48
123.494
123.508
123.52
123.518
123.51
123.502
123.49
123.48
123.484
123.49
123.494
123.494
123.49
123.486
123.498
123.512
123.524
123.536
123.536
123.512
123.488
123.474
123.466
123.468
123.484
123.502
123.51
123.51
123.504
123.494
123.484
123.48
123.484
123.492
123.496
123.494
123.49
123.486
123.492
123.5
123.514
123.52
123.524
123.51
123.496
123.486
123.488
123.488
123.502
123.514
123.514
123.506
123.502
123.492
123.484
123.488
123.502
123.512
123.516
123.514
123.514
123.516
123.52
123.534
123.558
123.572
123.582
123.598
123.59
123.56
123.528
123.488
123.444
123.426
123.436
123.454
123.472
123.49
123.496
123.492
123.488
123.488
123.488
123.494
123.514
123.542
123.574
123.602
123.622
123.624
123.614
123.596
123.582
123.596
123.616
123.63
123.638
123.638
123.614
123.59
123.572
123.566
123.564
123.564
123.564
123.566
123.574
123.582
123.586
123.582
123.578
123.572
123.572
123.578
123.596
123.608
123.6
123.59
123.588
123.592
123.596
123.61
123.612
123.608
123.59
123.58
123.58
123.592
123.612
123.642
123.662
123.672
123.678
123.672
123.656
123.636
123.606
123.576
123.552
123.542
123.554
123.586
123.62
123.648
123.668
123.68
123.686
123.686
123.69
123.69
123.668
123.64
123.62
123.6
123.58
123.576
123.58
123.584
123.586
123.59
123.606
123.624
123.642
123.662
123.686
123.694
123.7
123.694
123.684
123.67
123.658
123.648
123.644
123.646
123.652
123.662
123.664
123.672
123.672
123.666
123.654
123.65
123.64
123.63
123.618
123.612
123.606
123.602
123.606
123.616
123.628
123.63
123.63
123.626
123.62
123.614
123.614
123.614
123.614
123.616
123.618
123.62
123.626
123.634
123.634
123.634
123.634
123.628
123.624
123.626
123.622
123.622
123.63
123.638
123.646
123.664
123.67
123.672
123.668
123.664
123.654
123.652
123.65
123.65
123.65
123.656
123.662
123.672
123.678
123.684
123.684
123.688
123.688
123.692
123.692
123.686
123.67
123.65
123.624
123.606
123.598
123.6
123.604
123.612
123.61
123.604
123.598
123.596
123.596
123.608
123.618
123.624
123.634
123.656
123.668
123.672
123.666
123.644
123.604
123.572
123.558
123.56
123.572
123.592
123.61
123.622
123.622
123.622
123.62
123.614
123.604
123.6
123.598
123.598
123.604
123.612
123.618
123.614
123.606
123.596
123.59
123.592
123.6
123.604
123.606
123.604
123.6
123.602
123.61
123.614
123.622
123.622
123.614
123.604
123.598
123.588
123.588
123.592
123.598
123.608
123.614
123.614
123.608
123.598
123.578
123.568
123.566
123.578
123.592
123.608
123.614
123.61
123.598
123.588
123.588
123.596
123.606
123.616
123.626
123.622
123.612
123.602
123.594
123.592
123.6
123.604
123.602
123.6
123.592
123.582
123.578
123.58
123.586
123.592
123.598
123.608
123.622
123.626
123.626
123.62
123.606
123.588
123.576
123.57
123.57
123.58
123.59
123.598
123.604
123.614
123.612
123.606
123.596
123.588
123.578
123.578
123.584
123.6
123.616
123.63
123.626
123.612
123.596
123.58
123.566
123.57
123.586
123.6
123.616
123.622
123.614
123.596
123.582
123.572
123.572
123.578
123.586
123.588
123.59
123.598
123.596
123.596
123.604
123.608
123.6
123.594
123.596
123.6
123.596
123.588
123.594
123.594
123.59
123.59
123.588
123.584
123.59
123.584
123.56
123.55
123.56
123.55
123.528
123.534
123.548
123.54
123.546
123.578
123.598
123.582
123.572
123.572
123.56
123.548
123.564
123.578
123.576
123.58
123.588
123.596
123.58
123.566
123.56
123.56
123.558
123.578
123.588
123.582
123.566
123.54
123.506
123.482
123.472
123.47
123.482
123.506
123.532
123.55
123.564
123.568
123.568
123.566
123.572
123.59
123.616
123.624
123.616
123.604
123.576
123.544
123.53
123.542
123.546
123.552
123.558
123.562
123.558
123.56
123.57
123.584
123.594
123.6
123.602
123.596
123.586
123.582
123.576
123.574
123.576
123.574
123.574
123.58
123.58
123.574
123.578
123.584
123.594
123.612
123.634
123.65
123.664
123.672
123.676
123.672
123.668
123.662
123.658
123.654
123.66
123.666
123.662
123.652
123.64
123.626
123.612
123.608
123.61
123.608
123.602
123.598
123.594
123.586
123.59
123.59
123.594
123.598
123.604
123.608
123.622
123.636
123.64
123.628
123.612
123.596
123.58
123.58
123.596
123.616
123.63
123.642
123.642
123.634
123.62
123.604
123.586
123.576
123.576
123.578
123.59
123.598
123.61
123.618
123.63
123.636
123.65
123.654
123.658
123.654
123.65
123.64
123.634
123.632
123.632
123.642
123.652
123.662
123.67
123.672
123.66
123.646
123.63
123.62
123.62
123.624
123.636
123.652
123.656
123.658
123.656
123.644
123.634
123.63
123.624
123.624
123.628
123.628
123.624
123.624
123.618
123.612
123.606
123.616
123.628
123.644
123.658
123.674
123.678
123.674
123.664
123.652
123.642
123.628
123.616
123.612
123.612
123.616
123.632
123.65
123.668
123.688
123.676
123.636
123.602
123.568
123.54
123.544
123.564
123.578
123.594
123.606
123.614
123.624
123.638
123.646
123.644
123.642
123.65
123.664
123.684
123.704
123.716
123.72
123.71
123.69
123.668
123.65
123.628
123.616
123.618
123.632
123.646
123.668
123.684
123.696
123.702
123.696
123.68
123.666
123.648
123.632
123.628
123.634
123.64
123.642
123.644
123.65
123.65
123.644
123.634
123.634
123.638
123.648
123.664
123.688
123.696
123.694
123.684
123.672
123.658
123.65
123.646
123.646
123.652
123.662
123.67
123.67
123.664
123.65
123.634
123.626
123.632
123.648
123.664
123.678
123.68
123.674
123.664
123.658
123.652
123.652
123.654
123.66
123.658
123.658
123.662
123.664
123.658
123.656
123.658
123.646
123.634
123.628
123.628
123.628
123.64
123.65
123.662
123.67
123.666
123.664
123.662
123.654
123.644
123.64
123.634
123.63
123.634
123.638
123.638
123.638
123.638
123.628
123.62
123.62
123.616
123.614
123.614
123.614
123.61
123.606
123.608
123.612
123.618
123.63
123.644
123.652
123.66
123.662
123.66
123.658
123.654
123.646
123.644
123.64
123.636
123.632
123.632
123.628
123.624
123.62
123.622
123.622
123.628
123.638
123.646
123.648
123.654
123.654
123.652
123.652
123.65
123.648
123.654
123.656
123.654
123.656
123.656
123.646
123.64
123.642
123.638
123.634
123.638
123.642
123.638
123.644
123.646
123.648
123.642
123.644
123.634
123.632
123.63
123.632
123.634
123.638
123.642
123.638
123.634
123.63
123.63
123.626
123.626
123.63
123.634
123.638
123.642
123.644
123.644
123.642
123.646
123.648
123.65
123.654
123.658
123.65
123.644
123.636
123.628
123.618
123.614
123.618
123.622
123.626
123.63
123.628
123.614
123.606
123.6
123.596
123.602
123.612
123.62
123.626
123.636
123.644
123.65
123.654
123.654
123.642
123.626
123.612
123.602
123.598
123.604
123.612
123.62
123.628
123.632
123.634
123.636
123.636
123.632
123.632
123.626
123.626
123.632
123.642
123.656
123.672
123.684
123.692
123.694
123.68
123.668
123.65
123.628
123.61
123.602
123.598
123.594
123.596
123.602
123.606
123.606
123.61
123.604
123.594
123.594
123.598
123.592
123.58
123.566
123.54
123.516
123.5
123.494
123.488
123.482
123.49
123.504
123.52
123.536
123.564
123.576
123.586
123.596
123.604
123.598
123.588
123.582
123.586
123.588
123.58
123.578
123.582
123.578
123.57
123.576
123.58
123.586
123.598
123.622
123.652
123.674
123.672
123.664
123.648
123.63
123.616
123.606
123.596
123.588
123.58
123.576
123.586
123.594
123.608
123.628
123.652
123.658
123.646
123.624
123.604
123.574
123.544
123.534
123.538
123.54
123.55
123.574
123.6
123.624
123.644
123.658
123.662
123.654
123.646
123.63
123.614
123.606
123.612
123.618
123.626
123.632
123.642
123.652
123.66
123.67
123.678
123.676
123.662
123.642
123.62
123.608
123.602
123.606
123.61
123.618
123.624
123.63
123.634
123.642
123.648
123.65
123.652
123.648
123.646
123.65
123.656
123.66
123.67
123.678
123.684
123.686
123.68
123.67
123.66
123.648
123.636
123.634
123.632
123.632
123.63
123.632
123.636
123.642
123.648
123.654
123.654
123.644
123.64
123.638
123.63
123.628
123.632
123.63
123.626
123.632
123.642
123.65
123.662
123.668
123.674
123.67
123.666
123.656
123.646
123.632
123.626
123.62
123.624
123.63
123.642
123.646
123.654
123.656
123.66
123.654
123.652
123.648
123.642
123.634
123.632
123.63
123.624
123.618
123.61
123.606
123.604
123.606
123.612
123.618
123.622
123.63
123.636
123.64
123.648
123.652
123.646
123.646
123.646
123.642
123.644
123.648
123.648
123.648
123.654
123.65
123.644
123.64
123.636
123.628
123.626
123.626
123.622
123.614
123.612
123.608
123.61
123.614
123.626
123.634
123.642
123.648
123.652
123.65
123.648
123.644
123.638
123.634
123.632
123.63
123.63
123.626
123.628
123.622
123.62
123.618
123.626
123.622
123.624
123.628
123.63
123.63
123.632
123.636
123.63
123.626
123.62
123.62
123.62
123.624
123.628
123.626
123.622
123.618
123.614
123.61
123.608
123.608
123.61
123.61
123.614
123.62
123.616
123.606
123.602
123.598
123.598
123.602
123.614
123.624
123.63
123.628
123.632
123.632
123.626
123.62
123.618
123.614
123.606
123.606
123.608
123.61
123.616
123.62
123.622
123.62
123.618
123.612
123.614
123.612
123.616
123.622
123.628
123.636
123.644
123.648
123.64
123.634
123.628
123.616
123.614
123.622
123.632
123.636
123.646
123.648
123.65
123.64
123.634
123.624
123.616
123.612
123.612
123.61
123.614
123.618
123.624
123.64
123.658
123.674
123.68
123.678
123.67
123.656
123.638
123.626
123.622
123.618
123.614
123.614
123.618
123.618
123.618
123.622
123.626
123.624
123.62
123.616
123.616
123.612
123.614
123.622
123.63
123.636
123.654
123.668
123.674
123.678
123.672
123.656
123.636
123.622
123.604
123.6
123.6
123.604
123.608
123.614
123.618
123.622
123.63
123.63
123.638
123.638
123.644
123.65
123.658
123.656
123.654
123.644
123.626
123.612
123.606
123.608
123.614
123.624
123.63
123.63
123.618
123.602
123.586
123.568
123.558
123.558
123.562
123.566
123.572
123.576
123.584
123.59
123.604
123.62
123.634
123.64
123.644
123.64
123.636
123.63
123.626
123.624
123.626
123.632
123.634
123.634
123.634
123.626
123.616
123.608
123.604
123.602
123.604
123.608
123.616
123.618
123.622
123.626
123.626
123.628
123.63
123.628
123.628
123.622
123.62
123.622
123.624
123.624
123.628
123.626
123.622
123.614
123.6
123.594
123.586
123.586
123.594
123.61
123.62
123.63
123.636
123.636
123.638
123.642
123.642
123.638
123.634
123.626
123.61
123.604
123.596
123.592
123.588
123.592
123.588
123.582
123.576
123.574
123.576
123.584
123.604
123.62
123.632
123.64
123.644
123.646
123.648
123.648
123.642
123.636
123.624
123.616
123.61
123.608
123.608
123.61
123.612
123.612
123.612
123.608
123.612
123.614
123.616
123.624
123.638
123.638
123.642
123.644
123.642
123.63
123.626
123.614
123.602
123.588
123.586
123.58
123.582
123.586
123.598
123.602
123.606
123.608
123.612
123.6
123.598
123.6
123.604
123.612
123.62
123.626
123.632
123.636
123.634
123.634
123.63
123.628
123.622
123.62
123.62
123.616
123.608
123.606
123.602
123.596
123.598
123.606
123.606
123.602
123.61
123.612
123.606
123.606
123.61
123.612
123.618
123.624
123.63
123.632
123.634
123.632
123.628
123.622
123.618
123.612
123.606
123.606
123.61
123.608
123.604
123.606
123.61
123.606
123.61
123.618
123.618
123.614
123.616
123.618
123.618
123.618
123.612
123.604
123.594
123.582
123.576
123.576
123.582
123.586
123.596
123.602
123.612
123.616
123.63
123.632
123.634
123.63
123.626
123.614
123.596
123.574
123.546
123.506
123.454
123.406
123.36
123.314
123.288
123.288
123.288
