Durchfluss Grauelsbaum 04.04.2016 12:00 - 29.08.2016 12.00 (3529 x 1h) (gleitendes 5h-Mittel von Q_Iffezheim)
3529  1.000
926.8
926.8
926.8
920.6
905.4
891.8
894.2
897.6
905.8
919.2
931.2
933
942.4
948.2
945.8
949.4
950.8
947.6
935.6
931.6
941
952.8
963.2
981.4
995.4
996.6
1002.2
996
1000.4
1001.2
1006.6
1001
1004.4
1002.4
1002
998.4
1004.2
1016.6
1019.6
1018.8
1024.4
1036
1046.6
1062.6
1084.2
1094.2
1102
1111.4
1108.4
1111.6
1116.4
1110.4
1107.4
1105.6
1100.8
1098
1089.6
1077.4
1078.6
1081
1081.2
1088.6
1092.2
1088
1070.8
1060.2
1056.8
1050.8
1044
1060.2
1064.6
1066
1070.2
1084.6
1082.4
1093.8
1095.8
1102.4
1104
1106.6
1106
1114.4
1118.6
1124.6
1133
1131.4
1120.4
1113.8
1110.2
1101.4
1099.6
1098
1100.8
1097.2
1087.2
1085.6
1091.6
1079
1074.8
1073.2
1072.4
1060.4
1061.6
1057.2
1052.6
1040.4
1039.6
1038.6
1037
1036.6
1032.4
1027.6
1023
1014.6
1014.6
1012.4
1018.2
1024.2
1035.8
1042.8
1055.4
1049
1046
1043.6
1042.4
1033.4
1030.2
1025.6
1017.6
1011.8
1015.6
1020
1018.8
1015.8
1013.8
1008.4
1002.8
998.8
999.8
998.4
996.4
995
991.4
990.8
982
982.4
974.4
973.4
966.8
969.2
954
952.6
955.8
951.4
948.4
953.4
956.4
945.6
938.6
943.2
946.8
950.2
952
953.4
941.2
936.2
938.4
942
954.8
967.8
970.6
964.4
964.4
956.8
938.2
929.2
928.2
912.4
909.2
918.8
924
922.2
932.8
933
936.2
950.8
965.6
981.4
990.6
998.6
991.6
997.2
995.4
1007
996.2
983.6
971.6
973
963
958.8
962.2
959.2
952
955
964.2
973
979.4
984
983.8
990.2
1010.6
1025.2
1039
1052.4
1065.4
1066.8
1068.4
1056
1047
1032
1015.4
1000
1008
1026.4
1053.4
1068.6
1085.4
1098.6
1107
1105.8
1106
1099.4
1093.4
1080
1074
1074
1082.4
1084.6
1095.2
1104
1116.4
1121
1127.4
1112.2
1100.6
1087.6
1076.4
1061.6
1056
1051.4
1050.6
1060.6
1067.8
1075.6
1083
1087.2
1073
1060
1063
1066.8
1072.2
1114.6
1154.8
1171.2
1172.4
1170
1142.4
1124.2
1122
1131.6
1142.2
1133.4
1122
1104
1092.2
1084.4
1097.8
1110.8
1122.8
1125
1133.8
1146
1157.4
1164
1174.2
1173
1164
1162.2
1170.8
1178.8
1189
1197.4
1201.8
1203.4
1205
1205.6
1209.8
1222.4
1233.4
1244.4
1272.6
1300.2
1318
1349.4
1380.6
1404.6
1430.4
1507.8
1572
1608.8
1638.6
1669
1687.4
1720
1777.8
1824.8
1871.2
1878.4
1879.6
1881.6
1891.4
1899.8
1906
1904.6
1905
1906.8
1923.8
1922.2
1910.6
1902.4
1893.6
1870.4
1873.2
1892.4
1916.8
1940.8
1985.6
2032.4
2027.4
2015.6
2035.2
2012.6
1967.4
1974
2017
2009.2
2015.6
2067.4
2119
2123
2146.2
2174.8
2163.8
2120
2113.6
2108.8
2062.6
2038.8
2084.6
2088.6
2055.8
2063.8
2099.4
2087.6
2046.4
2051.8
2083.2
2081.2
2074.2
2094.2
2109.4
2114.4
2103.2
2058.8
2072
2084.8
2050.8
2017
2040.8
1996.4
1932.2
1896.2
1891.8
1871.6
1876.8
1894
1900.4
1885.2
1892
1908.4
1876.6
1857
1840.8
1802.4
1728.2
1720.6
1731.2
1725.4
1713
1716.2
1703.2
1669.6
1647.4
1648.2
1660.4
1670
1672.8
1674.2
1659.2
1634.4
1611.2
1605.4
1579.2
1536.4
1500.6
1476.8
1447.6
1430.2
1436
1452.4
1481
1509.8
1549
1556.4
1576.8
1575.4
1567.6
1541
1539.6
1517.4
1493.6
1475.8
1473.8
1463.6
1443.6
1438.6
1417.8
1425.6
1432.4
1454
1454.8
1456.2
1451.2
1449.2
1428.2
1412.8
1402.8
1370.2
1344.2
1332.4
1320.6
1319
1319.8
1331.8
1343.4
1353
1394.2
1434.4
1449.8
1457.8
1482.2
1475
1466.8
1471.6
1482.8
1479.2
1468.4
1459.4
1451
1444.6
1456
1491.4
1527.6
1571
1627.2
1641.4
1638.8
1634
1615.4
1584.6
1593
1623
1653.8
1690.6
1733
1757.8
1747.6
1737.4
1711
1679.2
1650.8
1636.2
1621.8
1623.4
1623.2
1622.2
1621
1619.2
1609
1606
1603
1587.6
1564.4
1555.6
1535
1519.8
1518.8
1536.2
1548
1559.6
1582.4
1611.4
1634.6
1636
1631.2
1589.2
1541.2
1491.2
1464.6
1450.4
1473.4
1493.2
1509.4
1510.6
1497.8
1470.2
1443.8
1428.2
1425.8
1436.6
1445.8
1485.6
1522.8
1571.2
1617.6
1638.2
1629.6
1615.6
1592
1569.8
1574
1576.2
1577.4
1576.8
1575.4
1580.2
1554.8
1527.8
1505.2
1498
1483
1498.8
1511.8
1507
1491.2
1477
1470.6
1469.2
1486.8
1501.2
1515.6
1522.4
1528.6
1529.8
1530.8
1521
1511
1508.6
1514.6
1518.8
1531.8
1540.6
1552.2
1550.2
1535.8
1523.2
1515.4
1512.4
1510.6
1506.8
1507.4
1502.6
1473.8
1464
1469.6
1469.4
1464.2
1467.2
1454.6
1442.4
1432.2
1430.6
1429.8
1428.4
1424.8
1410.8
1403.6
1395
1393.4
1403.2
1421.4
1420.8
1420
1400.2
1371.2
1336.2
1302.6
1281.8
1263
1256
1255.8
1279.8
1291
1312.8
1320.8
1335.8
1343.8
1347.4
1354
1360.6
1360.2
1348.6
1342
1331.6
1324.8
1317.2
1315.2
1313.6
1313
1311.4
1304.6
1297.8
1288
1281.2
1274.8
1274.6
1287.4
1314.2
1362.8
1411.4
1460.4
1497.4
1524.4
1545.2
1557
1567.4
1570
1573.4
1559.4
1641.4
1649.2
1654.8
1665.8
1695
1645.6
1642.6
1641.6
1655.8
1651
1627
1624
1611.2
1582.2
1555.2
1540.8
1537
1613
1706.6
1736
1750
1788.8
1781.8
1734.8
1718
1733.4
1759
1764
1742.6
1768.4
1789.4
1763.8
1719.4
1719.6
1706.6
1724.2
1702
1704.8
1723.2
1746.2
1706.8
1698.8
1678.6
1684.4
1658
1642.2
1643.8
1656.2
1646.2
1654.4
1644
1620.2
1601.6
1562.4
1530.6
1519.4
1522.2
1530.8
1547.4
1564.2
1585.6
1606.2
1626
1646.4
1649.6
1644.6
1625.4
1596.8
1560.2
1528.6
1507.8
1511.6
1538.6
1571.4
1592.4
1613.2
1624.4
1611.8
1638.8
1678.2
1676.6
1665.6
1635.4
1554
1497
1478.2
1458.8
1456
1461.2
1453.2
1447.2
1450.4
1456.2
1457
1459.8
1453.6
1450.6
1451.4
1434.8
1426.8
1421.2
1419.4
1411.6
1418.4
1410.6
1399.2
1372
1348.6
1333.6
1326
1339.2
1357.4
1360.2
1362
1364
1353.6
1352.2
1361.2
1361.8
1364.6
1367.6
1361.4
1359.2
1363
1356.4
1343.6
1334.4
1318.8
1294.4
1266.2
1246.6
1227.4
1209.6
1202.8
1204.8
1204.6
1223.6
1244.6
1258
1277
1289.6
1282.8
1282.4
1287
1274.4
1268.2
1267.6
1261.8
1249.6
1252.4
1257.6
1246
1227.4
1213.8
1189.4
1154.8
1131.2
1124.6
1121.8
1122
1122
1134.8
1140.4
1145
1152.6
1136.6
1148
1147
1146.2
1146.2
1177.8
1170.4
1172.8
1175.6
1171.4
1160
1153.4
1148.6
1144.8
1140.4
1151.8
1158.4
1154.2
1151.6
1159.8
1159.6
1159.4
1165.2
1167.2
1170.2
1169.2
1170.2
1171.6
1172.4
1163.8
1159
1162.8
1161.8
1148.8
1148.8
1146.2
1134.4
1127.8
1135.6
1135.6
1133.8
1133.6
1137.2
1136.4
1138.2
1141.6
1149.6
1156.8
1157.2
1163.6
1157.4
1146.4
1132.4
1128.4
1121.2
1129.6
1136
1146.2
1151.2
1155
1154.4
1146.8
1141.4
1138
1122
1117.6
1116.8
1106
1109.2
1113.6
1118.6
1121.2
1128.4
1134.4
1139.8
1135.2
1142.4
1150.6
1147.6
1147.6
1150.4
1145.8
1134
1124.6
1118.6
1118.4
1114
1120.4
1124.2
1139.2
1140.8
1156.6
1169
1179.8
1183.8
1195
1208.2
1222.6
1254.4
1284
1313.8
1330.8
1347
1359.2
1385.6
1422.2
1458.4
1480.6
1493
1517.8
1557.4
1603.4
1629.2
1649.6
1688
1749
1766.4
1785
1831
1881.2
1809.6
1764.8
1782.8
1861.4
1871.4
1990.6
2130.6
2228.6
2271.6
2313.6
2311
2347.4
2402.8
2411.4
2428.6
2484.8
2502.6
2512.2
2539.2
2578
2598.2
2611.6
2635.2
2669.2
2702
2752.6
2799.8
2795.4
2803.2
2775.6
2745.2
2705
2717.8
2720.8
2742.8
2729.4
2772.6
2764
2754.4
2800.4
2835
2821.2
2893.6
2957.6
2949
3021
3081.2
3087.6
3080.6
3133
3081.6
3080.4
3091.2
3109.4
3056.2
3080.2
3054.4
3006
2940.8
2913
2891.4
2825.2
2800.2
2794
2769.2
2697.8
2732.2
2693.2
2657.4
2660.4
2669.2
2602.2
2564.6
2575.6
2536.4
2499.6
2489.8
2502.2
2443
2403.6
2364.4
2355
2344.4
2338.8
2343.2
2346.4
2321.2
2313.4
2272.8
2275.2
2276.2
2250
2180.2
2192.8
2185.8
2178.4
2197
2227
2212.2
2176.6
2159.6
2142
2139.2
2147.2
2161.2
2149.2
2124.2
2102.8
2088.8
2075.6
2084.6
2105.4
2113.6
2104
2096.2
2080.6
2077.8
2094.4
2128
2137.4
2142.2
2115.6
2081.4
2046.4
2034.2
2019.8
2024.8
2028
2004.2
1983
1966
1963.6
1970.2
1996.4
2018.4
2021.8
2005
1988.4
1984.2
1988.4
2007.8
2032.4
2032.8
2023.8
2007.2
1992.2
1979
1981.6
1972.6
1964
1940.6
1919.2
1897
1894
1897.2
1923.6
1947.6
1982.2
2006.2
2022
2018
2006.8
1982.6
1961.6
1943.2
1935
1947.2
1981.2
2000.8
1996.6
1993.4
1978.4
1943.8
1922
1914.4
1907
1906.8
1917.2
1936.6
1964.6
1990.4
2008
2015.4
2014
2012.2
1987
1963
1923
1885.4
1849.8
1848.6
1853
1872.8
1888.8
1895.4
1890.4
1867.4
1825.8
1793.2
1778
1764.4
1771.8
1787.6
1789.6
1767
1746.2
1717.2
1699.8
1695.6
1709.6
1720.6
1728.6
1729.4
1713.8
1707.8
1693.6
1681.8
1676.2
1679.4
1665.2
1660.2
1654.8
1659.2
1662.8
1655
1648.2
1628.6
1588.6
1555.8
1548.6
1542
1539.8
1549.2
1552.6
1556.2
1558
1559.8
1559.4
1573
1577.6
1583
1597.2
1631.2
1671.4
1707.2
1730.4
1731.4
1715
1678.6
1647.6
1629.8
1642
1661.4
1690.8
1731.8
1759
1777.2
1787
1774.8
1750
1739.8
1744.4
1767.4
1808.4
1847.8
1904.2
1945
1962
1976.2
1992.4
1990.2
1995.2
2024.4
2061.6
2097.6
2133.6
2164.4
2175.2
2173.6
2165.2
2156.4
2139.6
2126.4
2115.6
2124.4
2144.4
2167
2161
2154.6
2111.8
2067.6
2037.6
2034.2
2029.8
2048.4
2057
2056
2054.4
2051.8
2050.8
2043.8
2024.4
2006.8
1990.6
1973
1950
1939.8
1915.4
1912.4
1909.8
1917
1911.8
1920
1907.4
1896.2
1887
1889.6
1891.2
1892
1891.6
1890.2
1888.6
1887.2
1880.8
1876.2
1883
1904.6
1906.4
1905.6
1905
1895.4
1872.2
1879.4
1892.4
1903.8
1912.8
1920.6
1903
1887.4
1872.4
1858.2
1845
1848
1850.8
1853
1855.4
1873.4
1873
1872.6
1874
1875.4
1860.6
1863
1865.4
1864.6
1862.8
1860
1841.6
1821.6
1804.8
1790.4
1786
1803.8
1821.6
1836.6
1831
1817.8
1799.2
1782.8
1779.8
1806.2
1840
1870.2
1895
1907.2
1893.4
1882.6
1884.4
1890.8
1895.6
1914.8
1915.4
1907
1887.4
1883.6
1881
1885
1887.8
1901.8
1901.2
1899.2
1897.4
1899
1892.4
1871.2
1871.6
1871.4
1877.2
1891.6
1921
1937.4
1964
1981.2
2003.4
2045.2
2079
2099
2127.2
2158.4
2177.6
2196
2202
2200.2
2172.2
2137
2104.4
2095
2102.4
2120
2137.6
2155.8
2175.8
2179.4
2199.4
2217.2
2231.8
2225
2208.2
2183.8
2168.6
2154.6
2154.2
2162.6
2168.8
2166.2
2146.2
2126
2095.8
2056.8
2020.4
2002
1984.4
1989
2012.4
2033.6
2054.4
2073.4
2070.8
2065
2042.2
2021
1999
2005
2013.2
2047.4
2072.8
2086.8
2074
2054.6
2009.4
1975.6
1964.6
1970.8
1973.8
1995.2
2013.4
2033.4
2044.4
2057.4
2071.4
2084.4
2085.6
2086.4
2075.6
2063.8
2054.2
2057.2
2067.8
2090.2
2110.6
2117.6
2088.6
2062.8
2030
1999.4
1988.4
2006.8
2018.6
2028
2037.8
2059.6
2074.8
2086.6
2117
2146
2155
2163.2
2169.8
2144.4
2135.2
2098
2073.8
2069.6
2098
2107.8
2134.4
2135.2
2119.2
2094
2071.2
2058.8
2060.4
2060.4
2060
2080.4
2099.8
2117.8
2127.8
2140.8
2133.4
2126.8
2121.4
2123.4
2122.8
2113.8
2107.2
2100.8
2096.2
2101.4
2123.8
2142.4
2160.2
2177.6
2185.2
2187.2
2215.6
2255.2
2304.8
2344.4
2369.6
2371.6
2363.2
2343.4
2321.6
2311
2299.6
2288.4
2278.2
2289.4
2299.2
2307
2298.2
2319.8
2340
2332.2
2327.2
2338.8
2317.8
2260.2
2224.2
2214.6
2235.8
2238.2
2250.8
2294.8
2320.8
2285.2
2265.8
2275.6
2292
2256.8
2244.6
2263.4
2289
2280.8
2280.8
2324.6
2337.2
2292.2
2261
2273.4
2249.6
2242.6
2265.2
2253.8
2228.8
2248.8
2224.2
2188.6
2200
2231.8
2189.2
2171.4
2217.8
2229.4
2183.2
2201.4
2229.6
2217.2
2173.4
2164.6
2159.6
2149
2104.2
2097.2
2107.6
2089.6
2072
2055.4
2057.4
2067
2075.2
2088.4
2114
2145.8
2159
2173.8
2185.8
2214
2169
2182.6
2200.8
2184.6
2171.4
2212.2
2195.6
2170.4
2174.8
2158.2
2136.4
2114
2105.2
2109.2
2137.2
2160.8
2184.6
2189.6
2201.4
2219.2
2261.6
2313.4
2374.2
2432.8
2501.4
2562
2611.6
2635
2653
2650.6
2632.2
2632.4
2646.2
2627.4
2609.4
2622.2
2615.8
2611.2
2632.6
2653
2651.4
2650.6
2649.4
2629
2603.4
2580.4
2579.4
2592.4
2622.8
2653.4
2692.4
2723.4
2740.2
2767
2780.2
2774.2
2772.2
2757.6
2739.4
2730.4
2720.4
2695.4
2676.2
2663
2664.2
2664.6
2661.8
2654.4
2624.8
2598.2
2570.4
2543
2525.6
2519.6
2508
2510.2
2512.8
2514.8
2516.8
2516.8
2512.6
2490.8
2474
2459.4
2450.8
2443.4
2453.2
2466.2
2467.8
2454.4
2442.6
2432.8
2429.4
2434.8
2460.2
2466.6
2472.2
2467.2
2453.2
2439.6
2443.4
2445.8
2447.2
2466.6
2473.2
2472.6
2464.4
2457.4
2448.4
2441.4
2451.2
2468.4
2482.8
2491
2490.8
2481.8
2468.4
2472.2
2474.2
2484
2492.4
2489.8
2472.8
2458.2
2443.6
2429.6
2432.4
2433.8
2434.2
2434.6
2447.2
2457.8
2468.8
2480.2
2491.6
2491.4
2493.4
2496.2
2508.6
2530.8
2562
2601.8
2639.2
2656.4
2656.4
2645.6
2644.2
2660.6
2684.2
2686.2
2691
2678.6
2649.8
2638.4
2654.6
2669.4
2681
2680.4
2656
2651.4
2667.4
2683.6
2711.6
2740
2752
2778.4
2803.4
2827.8
2846.2
2862.8
2845.6
2831.2
2817.6
2819.4
2824.4
2810.6
2777.2
2747
2730.8
2724.6
2734
2761.8
2785.6
2780.2
2755.2
2747.8
2749.4
2750.6
2765.2
2762.6
2746
2722.4
2700.2
2679.6
2683.2
2699
2721.2
2718.4
2698.6
2687
2662.4
2642.8
2652.8
2678.2
2694.4
2694.8
2685.4
2672.4
2674.2
2684
2717
2730
2742.8
2734.6
2733
2732.6
2747.6
2766
2764.4
2765
2767
2789.8
2807
2852
2894.4
2945
2976.2
3018.4
3081
3136.4
3172
3209.2
3261
3291.6
3324.2
3356.4
3387.6
3394.4
3402.2
3401.2
3401
3392.8
3373.2
3342.2
3328.2
3305
3289.4
3285.6
3291.8
3264.6
3238.6
3214.8
3190.8
3174.8
3174
3160.4
3130.2
3102.2
3091.4
3079.4
3081.6
3083.6
3075.8
3046.2
3033.4
3027.6
3029.2
3027.6
3024.8
3007.4
2989.8
2980.4
2981.6
2982
2999.6
2989.2
2979.4
2971.2
2963.8
2940
2955.2
2968
2974.6
2981.6
2978
2957.6
2946.4
2956.6
2963.8
2979.2
3000.6
3014.8
3013.4
3013.8
3025.8
3048.6
3050
3041.8
3034.4
3017.8
2990.4
2983.4
2984.4
2972.4
2949.8
2928.6
2926.4
2922.6
2915.4
2908.6
2902.2
2893.4
2896
2912.4
2923.2
2932.4
2914.4
2877.2
2842.8
2830.8
2817.8
2816.2
2824.4
2831.8
2825.6
2820.8
2821.2
2821.4
2821.4
2827.2
2825.8
2808.4
2792
2765
2740
2723.4
2731.8
2751.8
2765.2
2764.2
2756.4
2756.6
2742.8
2730.8
2708
2696.4
2677.6
2660
2658
2680.2
2703.6
2695.8
2684.6
2660
2636.8
2620.8
2625.4
2632.4
2639
2635.8
2637.8
2641
2628.4
2620.4
2622
2616.4
2617.6
2615.8
2607.8
2598.6
2577.2
2542.2
2527.6
2528.2
2528.2
2506.4
2494.8
2493
2499.4
2503.6
2518.6
2519.4
2519.8
2513.4
2517.2
2530
2546.6
2552.8
2558
2539.6
2518.2
2498
2477.8
2456.6
2451
2449.8
2447.8
2446.8
2432.6
2420.2
2408.6
2411
2412.8
2427
2434.8
2443
2440
2463.6
2487.6
2514.8
2543.6
2560
2551
2545.2
2564.6
2591.4
2628.8
2675.6
2738.8
2766.6
2776
2800.6
2827
2842.4
2853.4
2857.6
2851.8
2838.2
2845.2
2874.8
2927.2
2971.4
2996.8
2985
2959.6
2927.6
2898.2
2883.8
2876.6
2873.8
2841.2
2811.6
2798.8
2795.4
2793
2793.8
2794.2
2778.8
2756
2734.8
2738.4
2726.6
2714.2
2692.8
2673.2
2656
2663.4
2679.2
2671.4
2664.6
2657.4
2650.6
2633.6
2648
2635
2621.8
2565.8
2556.4
2550.8
2569.4
2571.6
2601
2594
2581.6
2555.6
2535.6
2520
2496.6
2477.6
2484.6
2499.6
2512
2522.6
2518.2
2504.2
2479.4
2458
2462.6
2475.6
2452
2443.4
2436.4
2415.8
2398.8
2415
2428.6
2438.6
2424.4
2413.2
2404.2
2396.6
2402
2418
2419.4
2420.4
2414.2
2395.8
2354
2329
2299.2
2286.4
2289.6
2314.6
2327
2337
2334.4
2315.8
2290
2274.4
2267
2261.2
2255.4
2259.8
2273
2268.8
2257.6
2235.6
2216
2198.6
2204.2
2214.4
2226.6
2228.4
2218.4
2194.2
2173
2161.4
2170
2189
2207.4
2234.4
2270.4
2287.6
2288.6
2300.4
2304
2309.2
2318.4
2318.6
2308.6
2298
2268.6
2242.8
2238
2239.2
2232.8
2232.8
2231.6
2223.6
2230.8
2235.6
2231.2
2228.8
2227.2
2212
2215.2
2227.6
2226.2
2236.2
2242.8
2231.8
2210.2
2201.4
2172.6
2147.6
2131
2125.2
2118.2
2118.4
2096.4
2078
2080.4
2082.6
2084.4
2115.8
2127.2
2109
2082.4
2058
2032.4
2023.4
2037.6
2065
2099.8
2119
2127.4
2122
2114
2108
2110.2
2122.4
2133
2119.8
2085.6
2054
2036
2019
2023.4
2038.2
2048.8
2046
2029
2015
2000.8
1989.6
1992.6
2008.4
2001.4
1995.4
1988.2
1967.2
1931.2
1918
1926.8
1953.2
1965
1950.2
1952.8
1944.6
1908
1894
1923.4
1927.8
1948
1985.2
1999.6
1998.2
2002
1964
1912.8
1872
1859
1846.4
1848
1861.8
1873.4
1859.8
1846.6
1834
1799.4
1777.4
1781.4
1786
1799
1840.6
1874
1883.4
1884.4
1877.2
1836.2
1803.6
1791.2
1800.8
1807.6
1841.8
1853.6
1856.6
1838
1814.6
1785.2
1759.2
1733.8
1717.8
1697.2
1705.2
1724.4
1721.8
1722.2
1735.2
1702
1674.8
1690.8
1699
1685.8
1681
1665.6
1650.8
1644
1639.4
1645.2
1648.6
1603.8
1564.4
1543.8
1524.6
1515.6
1579
1629
1664.8
1698.6
1730
1717
1703.6
1699
1675.6
1647.6
1613.8
1583
1556.8
1549.2
1547.2
1549
1551
1551.8
1559
1579.6
1618
1642.2
1660.4
1673.4
1675.6
1642.2
1607.8
1558.2
1527.4
1482
1450
1445.2
1463.4
1461.8
1480.2
1501.2
1510.2
1516.6
1522.2
1511.2
1500.6
1498.8
1483.6
1468.8
1466.4
1464.4
1453.2
1457.4
1448.8
1438.6
1435.2
1421.8
1417.2
1434
1447.8
1438.8
1438.2
1425.6
1409
1390.2
1391.2
1393.4
1396.6
1391.6
1389
1383.8
1381
1380.8
1386.2
1387.2
1398.2
1401
1398.4
1400.4
1411.2
1411.4
1418
1428.4
1425.6
1426.2
1420.6
1405.6
1392
1391.2
1382.4
1368
1384.2
1383
1381.8
1390
1399.2
1385.2
1383.4
1371.6
1350.8
1341.4
1336.8
1346.4
1359.6
1372.6
1384.2
1394.2
1403.4
1413.2
1440.4
1448.6
1454.2
1450
1444.2
1413
1402.4
1389.4
1383
1377.8
1376.8
1366.6
1368.4
1365
1364.2
1369.2
1396.8
1422.8
1449
1493.8
1552.2
1595
1620.6
1634.8
1630.2
1577.6
1545.4
1535.2
1535.4
1527.6
1554
1580.6
1607.2
1644.4
1695.2
1749
1789.6
1818.2
1837.2
1848.8
1841.8
1828.8
1827.8
1824
1819
1828.4
1838
1848.4
1888
1948.2
2006.8
2064.6
2104.6
2118.8
2126.6
2143.6
2153
2168
2180.6
2179.8
2160.8
2140.8
2112.6
2086
2059.8
2044.4
2050.4
2064.2
2081
2096.2
2108.4
2096
2074.6
2057.8
2074
2091.6
2119.8
2161
2185.6
2179.2
2174.2
2162.2
2147.4
2141.2
2143.2
2152
2161
2159.4
2158.6
2150.6
2159.8
2175.2
2199.2
2222.4
2243.6
2240.2
2238.4
2225.4
2213.2
2201.8
2185
2170.2
2169
2184.4
2197.2
2214.2
2215
2215.2
2187.2
2152.6
2119.8
2103.2
2080.6
2069
2066.4
2063.4
2072.2
2085
2096
2088.2
2081.2
2055.4
2025.8
1999.4
1991.8
1995.8
2018.6
2043
2043
2043.8
2024.8
1993.6
1962.2
1960.2
1966.4
1992
2013
2018.6
2004.8
1982.2
1949.2
1918.8
1907.2
1907.6
1880.8
1893
1921.4
1900
1880.8
1895
1881.8
1854.6
1830.2
1823.2
1846
1820.4
1787.6
1785.2
1779.6
1756.4
1752.2
1732.2
1730.6
1752.8
1763.4
1750.2
1762.2
1812.6
1820.6
1768.2
1760
1753.4
1691.8
1641.4
1692.4
1756.6
1753.4
1766
1780.6
1746.8
1681.4
1678.8
1675.6
1662.6
1635.4
1673.8
1721.8
1713.2
1700
1703.8
1657.6
1601.2
1611.4
1607.4
1599.8
1589
1576.4
1546.2
1528
1512.6
1500.6
1492.6
1492.6
1499.6
1513
1530.8
1545.4
1560.8
1574.6
1556
1573.4
1632
1667.8
1672
1700.6
1679.2
1607.8
1550.2
1524.6
1499.4
1482
1474.4
1474.6
1465.4
1463.6
1481
1497.2
1512.4
1524
1541.6
1540.4
1541
1533.6
1540
1522.6
1501.8
1462.2
1428.8
1402.8
1391.6
1363.2
1357.2
1360.6
1368.4
1379.6
1417.2
1463.4
1503
1522.2
1532.2
1536.2
1526.6
1510.8
1503.4
1497.8
1499.2
1499.8
1493.2
1486
1478.2
1449.8
1431.4
1426.8
1422.2
1405.6
1404
1395
1399.2
1398.8
1409.4
1411.2
1424.4
1442.8
1467.2
1493.2
1535
1581.8
1622.6
1613.8
1590
1560
1513.2
1454.2
1444.6
1451.8
1451.6
1457.6
1453.4
1447.8
1431.4
1418
1392.2
1373
1355.4
1345.6
1348.6
1367.2
1399.6
1442
1484.4
1510.4
1526.2
1531
1523.8
1500.6
1488.6
1471
1439.8
1424.8
1427
1424.6
1428.8
1446.6
1448
1446.8
1444.2
1430.6
1418.2
1406
1387.8
1368.8
1360.4
1350.6
1342
1339.8
1334.8
1333.6
1338.8
1343
1348.8
1355.4
1357.8
1353.8
1350.8
1347.2
1355.2
1353
1364
1375.8
1401
1418.2
1445.8
1460.6
1473.8
1466.4
1443
1425.2
1413.6
1402.4
1398.8
1411.4
1420
1435.2
1449.2
1464
1499.8
1595.2
1631.8
1638.6
1627.6
1603.6
1513.8
1481.4
1472
1479.8
1471.6
1469.2
1446
1431.4
1439
1464.2
1470.6
1479.8
1500.4
1499.2
1487.4
1492.2
1503
1501.6
1498
1493.2
1488.8
1475.2
1455.4
1439.2
1434.8
1431.4
1438.6
1453
1478.2
1493.2
1498.8
1501.8
1485.4
1459.6
1432.8
1410.8
1394.6
1394.2
1393
1395
1401.4
1404.6
1416
1416.2
1419.2
1427.4
1433.4
1446.6
1468.6
1485
1494.6
1492.2
1477.4
1451.6
1426.8
1403.8
1394.4
1386
1388.8
1398.2
1406.6
1412.8
1417.6
1400
1369.6
1339.8
1318.2
1302.8
1309.2
1321.4
1333.4
1338.8
1338.6
1334
1333.4
1327
1325
1313.2
1298
1279
1278
1272.8
1270.4
1277.8
1283.2
1264
1245
1232.8
1227.8
1226.6
1237.8
1249.2
1261
1269.4
1276.2
1282.8
1283
1282.6
1276.2
1257.4
1240.2
1223.2
1211.6
1200
1192.6
1191
1196
1196.2
1186
1191.4
1181.2
1180.2
1165.8
1172
1167
1166.6
1163.6
1173.8
1173.6
1189.4
1207.6
1220.2
1232.6
1245.6
1246.2
1256.6
1263.2
1270
1273.4
1279.6
1277.6
1277.6
1275
1276.4
1271.2
1267.8
1264.6
1260
1257
1255.2
1265.6
1275.6
1296
1311.8
1330.4
1333.2
1331.4
1320.8
1320
1318.8
1316.8
1318.8
1318.4
1309.2
1298
1287.2
1277.8
1273.4
1260.8
1251.8
1244.2
1237.2
1226.8
1241.6
1249
1256.8
1259.8
1261.4
1253.4
1245.8
1242.2
1238.4
1239.4
1240
1237.6
1239.6
1241.4
1243.8
1235.8
1236.2
1228.8
1218
1208.8
1204
1199.4
1194.4
1197.2
1209.4
1220.4
1229.4
1238
1243.6
1229.4
1216.6
1207.6
1194
1176.4
1178.2
1177.8
1176.6
1177.4
1183.6
1176.2
1166
1160
1159.4
1153.8
1152.4
1155.8
1155.2
1158.4
1169.4
1190.4
1203.6
1208
1199.8
1192.2
1172.6
1158.6
1159.6
1160.6
1167.8
1171.2
1180.4
1180.6
1188
1188.6
1193.2
1193.8
1205.8
1219.4
1239.2
1265.2
1298.4
1321.8
1343
1371.6
1398
1416
1440.6
1463.6
1464
1460
1457.4
1473.8
1497.4
1528.8
1560.6
1603.8
1621.4
1633.4
1657.4
1654.8
1647.4
1665
1725.6
1765.8
1833.4
1897.6
1937.4
1933.2
1936.4
1932
1891.8
1821.6
1791.8
1762.2
1717.2
1697
1701.2
1679.6
1658.2
1668.8
1685.6
1679.6
1661.2
1645.4
1659.6
1689
1693.2
1707.2
1737
1737
1677.6
1674.6
1648.8
1611.6
1559.6
1545
1539
1548.8
1534
1522.8
1520.6
1497.4
1480.6
1481.2
1482
1469
1468.2
1455.6
1446.8
1448.6
1450.4
1471.4
1550.8
1577
1574.2
1559.6
1536.2
1463.8
1428.6
1410.6
1419.6
1414.4
1394.2
1393.4
1394.6
1393.6
1393
1399.2
1398.8
1391.6
1387
1377.2
1367.8
1352.2
1347.4
1336
1336.2
1336.4
1347
1359.6
1376.6
1385.6
1402.2
1418
1419.4
1411.8
1400.4
1380
1360.4
1347.2
1339
1330.8
1325.8
1316.2
1310.4
1312
1326.4
1340.8
1352
1360.6
1359.4
1351.4
1342
1336
1330.8
1344
1365.6
1385
1403.6
1421.8
1419.2
1401.4
1379.2
1359.4
1340.2
1330.4
1327.4
1330.6
1332.6
1334.4
1336.2
1334.8
1333.2
1324
1317.8
1311.2
1301.4
1291.6
1289.4
1283.4
1278.2
1292
1305.8
1328.6
1351.6
1374
1380.4
1388.6
1382
1367.6
1350.8
1332.8
1314.8
1296.2
1286
1289.8
1295
1294.4
1300.4
1304.4
1297.6
1288
1282.4
1276.2
1270.8
1265.6
1266
1266
1259.8
1259
1253
1239.6
1224.6
1206.4
1194
1198
1210
1223.8
1247.4
1266.4
1273
1279.6
1286.6
1291.4
1284.8
1285.4
1282
1281.4
1277
1272.2
1260
1250.4
1236.2
1223.2
1216.4
1207
1195
1187.2
1182.2
1180.2
1181.2
1186.2
1189.2
1194.2
1202.2
1208.4
1209.2
1209.2
1208
1195
1184.4
1177
1166.8
1157
1157.6
1154.8
1154
1159.4
1165.4
1164.8
1172.4
1173.6
1175.8
1176
1179.2
1174.8
1171.6
1166.8
1158.2
1153
1145.6
1139.8
1136.4
1141.2
1139.8
1141.6
1148.8
1149
1136.2
1130.4
1127.6
1119.8
1115.4
1118
1117.2
1114.6
1116.4
1112.4
1112.8
1111.2
1101.4
1094.4
1090.6
1086.2
1082
1082
1086.8
1092
1093.8
1095.2
1098
1095
1091.6
1091.6
1090
1093.6
1098
1103.2
1105
1117.2
1122.4
1119.8
1112
1104
1091.6
1081.4
1073.6
1081.8
1087.6
1089.2
1096
1103.2
1094.4
1101.6
1106.6
1112
1123.4
1140.8
1146.8
1156.6
1155.6
1152.2
1143.8
1137.2
1124
1113.8
1097.4
1091.2
1087.8
1085.6
1090.4
1106.8
1119
1142.4
1172.2
1197
1195.4
1188.8
1163.4
1133.4
1100.4
1081
1065.8
1065.2
1067.2
1069.2
1086.4
1112
1126.8
1143
1162.2
1172.4
1173.4
1171.6
1170.2
1165.8
1168
1172.2
1180
1185.8
1202.2
1204.2
1204.6
1204.2
1203.6
1200.4
1200.6
1199.2
1195.4
1183.8
1176
1163.6
1149
1143.2
1143.2
1140.2
1139.2
1143.8
1144
1151.2
1159
1172
1172.2
1173.8
1163.6
1151.2
1140.8
1137.4
1134.4
1133.8
1137.4
1131.2
1126.6
1126.6
1127
1113.6
1103.2
1096.4
1083
1071.2
1068.6
1069
1062.2
1063
1063.8
1066.8
1076.4
1095.8
1098.4
1110.4
1111
1111.6
1098
1091.8
1078.6
1078.2
1076.8
1088.2
1093
1095.6
1091
1089.2
1079.8
1077.2
1076.8
1081.6
1079.4
1082
1085.4
1088.8
1087
1081.4
1079.2
1076.2
1073.6
1070.8
1074.4
1072.8
1071.6
1070.2
1070.8
1067.6
1070.6
1070.8
1070.6
1061
1048.8
1033.8
1019.8
1018.6
1030
1047
1060.6
1079.6
1082.8
1085.4
1088.8
1086.2
1081.8
1079.2
1072.2
1062.4
1050.6
1044.2
1035.2
1032.4
1028.6
1040.8
1044.2
1051
1032.4
1019.6
998.4
988.4
985.4
1002.8
1004.4
1023
1032.2
1035.4
1039
1052.4
1045.2
1044.2
1040.2
1031.8
1025.6
1027.2
1018.4
1007.8
1004
1009.4
1006.4
1011.8
1024
1031.8
1027
1040.8
1048.8
1046
1047.4
1051.8
1046
1037.2
1030.8
1021.8
1005.8
983
982.6
979.8
983.8
991.8
1006.8
999
1001.6
991.8
988.6
976
967.4
967.2
968.2
971.2
981.6
994
1000
1006
1012.6
1012
1006.6
997.8
991
978
969.4
966.2
958.6
958
954.4
949
937.2
924.4
915.8
913
914.2
917.8
928.8
929.2
933
935.2
939.4
938.6
947.2
945.2
947.6
950.8
954
950.6
945.8
940.2
939.6
935.6
936.2
938.4
931.8
925.2
928.4
924.4
924.8
931
931.4
937.8
946.8
955.2
971.6
986.2
985.4
976.6
968
950.6
934
917.2
913.2
903.8
901
894.4
905.4
902.4
907.4
897
898.6
883.8
877.8
870.2
880
885.4
897.4
913.8
933.6
941.8
951.2
956.4
956.4
956.4
