Zufluss an Knoten 1190 aus Pegel Kronenhof
 589     6.0
        873.59711
        817.38983
        729.25647
        794.50995
       1016.40106
        971.35126
        795.82684
       1082.13184
       1166.43115
       1004.11035
        951.60205
       1043.40930
       1053.85461
       1090.32324
        956.80792
       1024.75391
        993.43103
        999.49780
       1003.27679
       1031.84021
        957.27802
        900.86566
        905.14087
        989.34442
        822.83838
        844.25275
        858.93396
        922.36328
        984.48138
        900.98492
        885.21869
        880.06525
        859.90918
        933.17969
        956.80792
        936.04785
        984.86206
       1019.04810
       1056.86475
        986.69427
       1049.44470
       1041.83838
       1058.03687
       1074.42407
       1063.29272
       1151.46545
       1103.40552
       1139.47375
       1147.96313
       1163.36292
       1225.13110
       1510.28394
       1706.92773
       1771.53796
       1804.58716
       1788.31396
       1891.96716
       1937.43665
       2052.45093
       1980.40808
       1987.14502
       2030.75464
       1980.40808
       1860.80371
       1886.26221
       1676.33716
       1632.64758
       1580.06702
       1504.35510
       1476.86768
       1648.71423
       1531.35120
       1294.90332
       1547.77661
       1277.49573
       1342.28516
       1535.92224
       1392.20715
       1476.86768
       1526.92261
       1688.83337
       1648.21777
       1540.49329
       1561.84534
       1577.06128
       1560.63586
       1545.06421
       1489.62329
       1416.28113
       1576.97180
       1525.06396
       1531.14868
       1464.71790
       1562.73157
       1514.98657
       1529.01843
       1432.18787
       1401.15088
       1358.57214
       1426.74316
       1328.47852
       1214.60742
       1384.06946
       1219.14722
       1252.16223
       1233.48779
       1314.50085
       1498.62195
       1473.37305
       1563.34827
       1489.62329
       1625.91162
       1624.29248
       1631.24878
       1614.30896
       1633.34705
       1607.72986
       1563.53772
       1572.49023
       1560.63586
       1520.37622
       1651.25684
       1384.03967
       1484.11914
       1400.17529
       1282.16956
       1291.44568
       1262.72778
       1287.94019
       1214.60742
       1194.38599
       1245.66296
       1210.89355
       1193.56018
       1115.42053
       1130.31567
       1176.22925
       1145.89905
       1115.42053
       1163.64160
       1106.17017
       1165.49976
       1124.23425
       1121.18079
       1112.71375
       1112.04590
       1046.23755
       1109.05029
       1124.23425
       1074.42407
       1088.79932
       1150.23303
       1282.16956
       1324.98499
       1611.04089
       1796.16821
       1990.69983
       2300.33936
       2422.71021
       2648.03101
       2731.87744
       2682.49072
       2727.46118
       2962.37817
       2990.75928
       2840.46021
       2655.59961
       2532.05542
       2439.50464
       2292.78809
       2236.46533
       2176.01440
       2151.92480
       2105.06152
       2042.15906
       2063.74438
       1982.57983
       2000.96509
       1930.95520
       1963.07397
       1929.51257
       1874.80957
       1960.76843
       1934.77600
       1922.56445
       1966.03809
       1958.54065
       1857.16199
       1814.09583
       1795.57532
       1716.26624
       1684.69666
       1595.35693
       1599.48120
       1606.41687
       1507.41333
       1619.68909
       1652.26990
       1719.30347
       1788.31677
       1967.00024
       2130.75757
       2077.67969
       2100.04688
       1987.27808
       2000.99170
       1866.85669
       1895.96497
       1902.12537
       1853.15271
       1890.06555
       1884.36060
       1866.85669
       1866.85669
       1859.00244
       1835.43958
       1819.73108
       1822.54871
       1893.91150
       1870.05286
       1862.06238
       1849.14355
       1903.46252
       2074.74316
       2079.57300
       1993.84241
       2074.74316
       2074.74316
       2029.59998
       1973.87036
       1976.34802
       1980.43457
       1952.91589
       1990.69983
       2017.69482
       2095.03223
       1970.11621
       2059.09937
       2110.28394
       2069.33618
       2039.43311
       2064.59863
       2073.03442
       2049.26611
       2110.28394
       2289.96021
       2224.94067
       2193.01123
       2241.09448
       2177.19141
       2140.99463
       2223.61865
       2182.80884
       2204.34253
       2130.75757
       2100.06982
       2043.77234
       2006.05334
       2054.45410
       2043.77234
       2043.77234
       2120.10547
       2221.33936
       2544.75439
       2544.20239
       2540.30518
       2496.65405
       2636.55273
       2685.42383
       2603.07715
       2512.01758
       2443.47632
       2429.09912
       2400.60938
       2364.03613
       2412.95020
       2397.76660
       2388.21680
       2388.47925
       2366.51172
       2317.46777
       2422.80957
       2537.15332
       2578.13989
       2574.72510
       2574.72510
       2720.25049
       2763.64185
       2628.48608
       2637.25122
       2604.49780
       2591.79858
       2540.95386
       2569.79346
       2615.67993
       2620.61157
       2843.09619
       3277.42700
       3464.74341
       3381.22363
       3205.32983
       3011.91797
       2916.24878
       2881.15674
       2827.76978
       2816.35522
       2824.20923
       2880.59106
       2925.02271
       2824.20923
       2767.66626
       2805.17480
       2716.14917
       2727.84961
       2666.46021
       2674.35718
       2614.16284
       2644.02954
       2603.07715
       2576.81592
       2567.91748
       2551.99658
       2520.13306
       2540.95386
       2461.03833
       2479.78955
       2424.16260
       2483.59668
       2626.66895
       2735.31299
       2790.89014
       2818.48096
       2663.16846
       2670.94287
       2597.94580
       2590.86060
       2528.24829
       2591.79858
       2509.09668
       2476.11084
       2395.02637
       2398.23535
       2397.76611
       2367.03247
       2268.97510
       2284.00439
       2241.05054
       2182.80884
       2120.49780
       2293.40918
       2231.78345
       2210.00806
       2205.27783
       2257.25708
       2140.99463
       2067.23486
       1983.67688
       2039.43311
       2064.59863
       1997.41699
       1997.41699
       1993.84241
       1890.06555
       1977.13916
       1895.96497
       1915.37048
       1880.05920
       1876.55945
       1868.45471
       1802.83667
       1799.59570
       1795.57532
       1691.04016
       1671.26501
       1577.71033
       1780.87512
       1614.57092
       1563.34827
       1560.57959
       1606.24512
       1544.77087
       1540.49329
       1524.32886
       1325.99805
       1443.45142
       1337.70679
       1392.20715
       1384.06946
       1401.15088
       1282.16956
       1333.10461
       1384.55725
       1400.17529
       1426.74316
       1324.98499
       1640.82874
       1554.20630
       1576.24792
       1862.06238
       1784.68335
       2006.05334
       2151.71704
       2039.43311
       2019.76697
       2077.67969
       2136.04956
       2104.57666
       2162.53125
       2241.09448
       2173.09180
       2084.40308
       2043.77234
       1997.41699
       1960.76843
       1944.47888
       1920.05566
       1884.36060
       1843.27161
       1823.36743
       1715.35107
       1730.68970
       1761.99963
       1641.09595
       1673.99048
       1597.63855
       1536.54810
       1536.53894
       1653.28296
       1591.18958
       1547.77661
       1536.53894
       1569.54077
       1464.71790
       1546.15515
       1550.96326
       1428.85242
       1376.61877
       1467.52539
       1565.38770
       1522.11450
       1408.54199
       1384.06946
       1549.69751
       1466.06677
       1504.35510
       1367.70483
       1266.02600
       1306.48694
       1491.37048
       1491.37048
       1376.01648
       1558.77722
       1540.49329
       1457.12292
       1564.32349
       1520.13733
       1542.82617
       1535.92224
       1441.93311
       1393.32690
       1520.10254
       1363.33472
       1354.99500
       1308.74573
       1299.54138
       1269.43579
       1238.33374
       1267.25330
       1253.31616
       1186.95874
       1156.73145
       1117.16479
       1223.89807
       1249.88232
       1229.13647
       1232.85425
       1296.89746
       1296.04785
       1227.40100
       1214.60742
       1246.17847
       1174.26819
       1133.92139
       1154.36377
       1297.39624
       1204.69287
       1088.79932
       1122.41504
       1130.55286
       1242.44312
       1115.42053
       1269.78210
       1393.98511
       1599.53357
       1640.81348
       1857.99817
       1767.85034
       1678.68701
       1669.42603
       1668.55322
       1614.43506
       1446.84326
       1470.11194
       1625.37952
       1509.45874
       1424.33411
       1353.47278
       1388.39709
       1371.30591
       1291.44568
       1299.54138
       1395.77234
       1417.74451
       1314.45691
       1316.86536
       1269.43579
       1334.14160
       1287.94019
       1300.62610
       1267.15857
       1256.70203
       1216.77441
       1213.57507
       1234.79028
       1252.89624
       1181.71423
       1165.21851
       1196.09363
       1115.67773
       1210.06592
       1212.64624
       1024.70105
       1117.30396
       1220.54626
       1069.95190
        999.38165
       1006.74011
       1203.22791
       1017.29620
       1045.61206
       1109.20984
       1235.64709
       1037.41638
       1141.72412
       1004.67218
       1136.69800
       1165.49976
       1090.51379
       1193.17090
       1331.17493
       1112.04590
       1161.77661
       1153.91882
        996.70569
       1024.13660
        990.78632
       1053.85461
       1149.44360
       1051.10449
        994.28241
       1051.89172
       1090.48828
       1056.18750
        960.74023
        975.61932
       1100.66943
       1013.73450
        939.60834
        912.69702
       1067.17639
       1055.34558
        863.13373
       1054.64209
       1011.46307
        971.58435
        858.40601
       1019.38599
        906.96240
        894.07202
        779.46643
        874.76392
        950.45038
        924.03229
        817.71759
        819.32281
        939.55859
        798.01190
        662.58209
        912.18848
