"Zufluss","an","Knoten",1190,"aus","Pegel","Kronenhof"
589,6
873.59711
817.38983
729.25647
794.50995
1016.40106
971.35126
795.82684
1082.13184
1166.43115
1004.11035
951.60205
1043.4093
1053.85461
1090.32324
956.80792
1024.75391
993.43103
999.4978
1003.27679
1031.84021
957.27802
900.86566
905.14087
989.34442
822.83838
844.25275
858.93396
922.36328
984.48138
900.98492
885.21869
880.06525
859.90918
933.17969
956.80792
936.04785
984.86206
1019.0481
1056.86475
986.69427
1049.4447
1041.83838
1058.03687
1074.42407
1063.29272
1151.46545
1103.40552
1139.47375
1147.96313
1163.36292
1225.1311
1500
1500
1500
1500
1500
1500
1500
1500
1500
1500
1500
1500
1500
1500
1500
1500
1500
1500
1476.86768
1500
1500
1294.90332
1500
1277.49573
1342.28516
1500
1392.20715
1476.86768
1500
1500
1500
1500
1500
1500
1500
1500
1489.62329
1416.28113
1500
1500
1500
1464.7179
1500
1500
1500
1432.18787
1401.15088
1358.57214
1426.74316
1328.47852
1214.60742
1384.06946
1219.14722
1252.16223
1233.48779
1314.50085
1498.62195
1473.37305
1500
1489.62329
1500
1500
1500
1500
1500
1500
1500
1500
1500
1500
1500
1384.03967
1484.11914
1400.17529
1282.16956
1291.44568
1262.72778
1287.94019
1214.60742
1194.38599
1245.66296
1210.89355
1193.56018
1115.42053
1130.31567
1176.22925
1145.89905
1115.42053
1163.6416
1106.17017
1165.49976
1124.23425
1121.18079
1112.71375
1112.0459
1046.23755
1109.05029
1124.23425
1074.42407
1088.79932
1150.23303
1282.16956
1324.98499
1500
1500
1500
1500
1500
1500
1500
1500
1500
1500
1500
1500
1500
1500
1500
1500
1500
1500
1500
1500
1500
1500
1500
1500
1500
1500
1500
1500
1500
1500
1500
1500
1500
1500
1500
1500
1500
1500
1500
1500
1500
1500
1500
1500
1500
1500
1500
1500
1500
1500
1500
1500
1500
1500
1500
1500
1500
1500
1500
1500
1500
1500
1500
1500
1500
1500
1500
1500
1500
1500
1500
1500
1500
1500
1500
1500
1500
1500
1500
1500
1500
1500
1500
1500
1500
1500
1500
1500
1500
1500
1500
1500
1500
1500
1500
1500
1500
1500
1500
1500
1500
1500
1500
1500
1500
1500
1500
1500
1500
1500
1500
1500
1500
1500
1500
1500
1500
1500
1500
1500
1500
1500
1500
1500
1500
1500
1500
1500
1500
1500
1500
1500
1500
1500
1500
1500
1500
1500
1500
1500
1500
1500
1500
1500
1500
1500
1500
1500
1500
1500
1500
1500
1500
1500
1500
1500
1500
1500
1500
1500
1500
1500
1500
1500
1500
1500
1500
1500
1500
1500
1500
1500
1500
1500
1500
1500
1500
1500
1500
1500
1500
1500
1500
1500
1500
1500
1500
1500
1500
1500
1500
1500
1500
1500
1500
1500
1500
1500
1500
1500
1500
1500
1500
1500
1500
1500
1500
1500
1500
1500
1500
1500
1500
1500
1500
1500
1500
1500
1500
1500
1500
1500
1500
1500
1500
1500
1500
1500
1500
1325.99805
1443.45142
1337.70679
1392.20715
1384.06946
1401.15088
1282.16956
1333.10461
1384.55725
1400.17529
1426.74316
1324.98499
1500
1500
1500
1500
1500
1500
1500
1500
1500
1500
1500
1500
1500
1500
1500
1500
1500
1500
1500
1500
1500
1500
1500
1500
1500
1500
1500
1500
1500
1500
1500
1500
1500
1500
1500
1500
1500
1464.7179
1500
1500
1428.85242
1376.61877
1467.52539
1500
1500
1408.54199
1384.06946
1500
1466.06677
1500
1367.70483
1266.026
1306.48694
1491.37048
1491.37048
1376.01648
1500
1500
1457.12292
1500
1500
1500
1500
1441.93311
1393.3269
1500
1363.33472
1354.995
1308.74573
1299.54138
1269.43579
1238.33374
1267.2533
1253.31616
1186.95874
1156.73145
1117.16479
1223.89807
1249.88232
1229.13647
1232.85425
1296.89746
1296.04785
1227.401
1214.60742
1246.17847
1174.26819
1133.92139
1154.36377
1297.39624
1204.69287
1088.79932
1122.41504
1130.55286
1242.44312
1115.42053
1269.7821
1393.98511
1500
1500
1500
1500
1500
1500
1500
1500
1446.84326
1470.11194
1500
1500
1424.33411
1353.47278
1388.39709
1371.30591
1291.44568
1299.54138
1395.77234
1417.74451
1314.45691
1316.86536
1269.43579
1334.1416
1287.94019
1300.6261
1267.15857
1256.70203
1216.77441
1213.57507
1234.79028
1252.89624
1181.71423
1165.21851
1196.09363
1115.67773
1210.06592
1212.64624
1024.70105
1117.30396
1220.54626
1069.9519
999.38165
1006.74011
1203.22791
1017.2962
1045.61206
1109.20984
1235.64709
1037.41638
1141.72412
1004.67218
1136.698
1165.49976
1090.51379
1193.1709
1331.17493
1112.0459
1161.77661
1153.91882
996.70569
1024.1366
990.78632
1053.85461
1149.4436
1051.10449
994.28241
1051.89172
1090.48828
1056.1875
960.74023
975.61932
1100.66943
1013.7345
939.60834
912.69702
1067.17639
1055.34558
863.13373
1054.64209
1011.46307
971.58435
858.40601
1019.38599
906.9624
894.07202
779.46643
874.76392
950.45038
924.03229
817.71759
819.32281
939.55859
798.0119
662.58209
912.18848
