"ZEIT[H]","Q_gesamt","Q_Kraft","Q_Wehr"
41407,1744.82,1500,244.82
41407.021,1730.19,1500,230.19
41407.042,1727.59,1500,227.59
41407.062,1731.64,1500,231.64
41407.083,1739.2,1500,239.2
41407.104,1747.67,1500,247.67
41407.125,1765.01,1500,265.01
41407.146,1779.46,1500,279.46
41407.167,1775.94,1500,275.94
41407.187,1763.77,1500,263.77
41407.208,1748.93,1500,248.93
41407.229,1734.77,1500,234.77
41407.25,1710.52,1500,210.52
41407.271,1682.62,1500,182.62
41407.292,1672.06,1500,172.06
41407.312,1671.07,1500,171.07
41407.333,1668.52,1500,168.52
41407.354,1664.78,1500,164.78
41407.375,1660.18,1500,160.18
41407.396,1664.93,1500,164.93
41407.417,1680.39,1500,180.39
41407.437,1696.96,1500,196.96
41407.458,1716.07,1500,216.07
41407.479,1738,1500,238
41407.5,1762.46,1500,262.46
41407.521,1778.66,1500,278.66
41407.542,1778.78,1500,278.78
41407.562,1770.44,1500,270.44
41407.583,1759.46,1500,259.46
41407.604,1748.18,1500,248.18
41407.625,1740.97,1500,240.97
41407.646,1736.6,1500,236.6
41407.667,1730.79,1500,230.79
41407.687,1724.31,1500,224.31
41407.708,1717.68,1500,217.68
41407.729,1710.5,1500,210.5
41407.75,1694.23,1500,194.23
41407.771,1683.92,1500,183.92
41407.792,1693.16,1500,193.16
41407.812,1705.58,1500,205.58
41407.833,1715.48,1500,215.48
41407.854,1724.76,1500,224.76
41407.875,1733.07,1500,233.07
41407.896,1739.3,1500,239.3
41407.917,1743.18,1500,243.18
41407.937,1745.53,1500,245.53
41407.958,1747.08,1500,247.08
41407.979,1748.69,1500,248.69
41408,1750.24,1500,250.24
41408.021,1748.93,1500,248.93
41408.042,1743.25,1500,243.25
41408.062,1734.15,1500,234.15
41408.083,1722.76,1500,222.76
41408.104,1711.26,1500,211.26
41408.125,1702.67,1500,202.67
41408.146,1702.44,1500,202.44
41408.167,1710.77,1500,210.77
41408.187,1720.59,1500,220.59
41408.208,1728.92,1500,228.92
41408.229,1736.65,1500,236.65
41408.25,1740.96,1500,240.96
41408.271,1736.69,1500,236.69
41408.292,1723.94,1500,223.94
41408.312,1706.25,1500,206.25
41408.333,1685.09,1500,185.09
41408.354,1663,1500,163
41408.375,1649.53,1500,149.53
41408.396,1645.03,1500,145.03
41408.417,1640.61,1500,140.61
41408.437,1635.32,1500,135.32
41408.458,1630.68,1500,130.68
41408.479,1625.19,1500,125.19
41408.5,1614.07,1500,114.07
41408.521,1603.66,1500,103.66
41408.542,1601.4,1500,101.4
41408.562,1600.6,1500,100.6
41408.583,1598.16,1500,98.16
41408.604,1595.23,1500,95.23
41408.625,1602.74,1500,102.74
41408.646,1617.41,1500,117.41
41408.667,1625.68,1500,125.68
41408.687,1629.49,1500,129.49
41408.708,1631.24,1500,131.24
41408.729,1632.74,1500,132.74
41408.75,1635.15,1500,135.15
41408.771,1640.85,1500,140.85
41408.792,1650.67,1500,150.67
41408.812,1662.35,1500,162.35
41408.833,1674.12,1500,174.12
41408.854,1685.55,1500,185.55
41408.875,1690.54,1500,190.54
41408.896,1689.17,1500,189.17
41408.917,1687.69,1500,187.69
41408.937,1686.79,1500,186.79
41408.958,1687,1500,187
41408.979,1687.89,1500,187.89
41409,1697.27,1500,197.27
41409.021,1707.8,1500,207.8
41409.042,1707.63,1500,207.63
41409.062,1702.26,1500,202.26
41409.083,1695.11,1500,195.11
41409.104,1685.26,1500,185.26
41409.125,1664.28,1500,164.28
41409.146,1648.3,1500,148.3
41409.167,1648.56,1500,148.56
41409.187,1649.5,1500,149.5
41409.208,1647.68,1500,147.68
41409.229,1646.32,1500,146.32
41409.25,1640.39,1500,140.39
41409.271,1628.09,1500,128.09
41409.292,1615.98,1500,115.98
41409.312,1604.05,1500,104.05
41409.333,1592.4,1500,92.4
41409.354,1581.36,1500,81.36
41409.375,1584.32,1500,84.32
41409.396,1598.5,1500,98.5
41409.417,1607.71,1500,107.71
41409.437,1612.58,1500,112.58
41409.458,1612.07,1500,112.07
41409.479,1608.44,1500,108.44
41409.5,1598.39,1500,98.39
41409.521,1587.28,1500,87.28
41409.542,1580.45,1500,80.45
41409.562,1572.51,1500,72.51
41409.583,1565.41,1500,65.41
41409.604,1559.28,1500,59.28
41409.625,1558.89,1500,58.89
41409.646,1565,1500,65
41409.667,1572.14,1500,72.14
41409.687,1578.82,1500,78.82
41409.708,1584.11,1500,84.11
41409.729,1589.06,1500,89.06
41409.75,1593.07,1500,93.07
41409.771,1599.25,1500,99.25
41409.792,1610.3,1500,110.3
41409.812,1622.53,1500,122.53
41409.833,1633.83,1500,133.83
41409.854,1644.85,1500,144.85
41409.875,1647.14,1500,147.14
41409.896,1640.51,1500,140.51
41409.917,1635.25,1500,135.25
41409.937,1632.51,1500,132.51
41409.958,1631.26,1500,131.26
41409.979,1630.15,1500,130.15
41410,1644.2,1500,144.2
41410.021,1662.08,1500,162.08
41410.042,1663.13,1500,163.13
41410.062,1656.11,1500,156.11
41410.083,1645.88,1500,145.88
41410.104,1629.8,1500,129.8
41410.125,1597.16,1500,97.16
41410.146,1562.11,1500,62.11
41410.167,1532.95,1500,32.95
41410.187,1500.35,1485.35,15
41410.208,1467.54,1452.54,15
41410.229,1435.09,1420.09,15
41410.25,1400.39,1385.39,15
41410.271,1382.59,1367.59,15
41410.292,1397.3,1382.3,15
41410.312,1424.17,1409.17,15
41410.333,1447.17,1432.17,15
41410.354,1466.54,1451.54,15
41410.375,1499.92,1484.92,15
41410.396,1536.95,1500,36.95
41410.417,1555.81,1500,55.81
41410.437,1565.41,1500,65.41
41410.458,1572.68,1500,72.68
41410.479,1579.21,1500,79.21
41410.5,1571,1500,71
41410.521,1556.17,1500,56.17
41410.542,1550.59,1500,50.59
41410.562,1547.1,1500,47.1
41410.583,1543.47,1500,43.47
41410.604,1540.13,1500,40.13
41410.625,1550.17,1500,50.17
41410.646,1565.57,1500,65.57
41410.667,1569.38,1500,69.38
41410.687,1565.36,1500,65.36
41410.708,1556.13,1500,56.13
41410.729,1546.35,1500,46.35
41410.75,1528.98,1500,28.98
41410.771,1517.65,1500,17.65
41410.792,1523.79,1500,23.79
41410.812,1533,1500,33
41410.833,1541.12,1500,41.12
41410.854,1547.58,1500,47.58
41410.875,1556.66,1500,56.66
41410.896,1564.56,1500,64.56
41410.917,1565.55,1500,65.55
41410.937,1562.91,1500,62.91
41410.958,1559.5,1500,59.5
41410.979,1556.39,1500,56.39
41411,1564.01,1500,64.01
41411.021,1573.97,1500,73.97
41411.042,1570.26,1500,70.26
41411.062,1554.94,1500,54.94
41411.083,1534.06,1500,34.06
41411.104,1516.71,1500,16.71
41411.125,1496.32,1481.32,15
41411.146,1483.51,1468.51,15
41411.167,1488.19,1473.19,15
41411.187,1496.28,1481.28,15
41411.208,1503.31,1488.31,15
41411.229,1509.72,1494.72,15
41411.25,1511.7,1496.7,15
41411.271,1513.8,1498.8,15
41411.292,1520.64,1500,20.64
41411.312,1528.17,1500,28.17
41411.333,1535.23,1500,35.23
41411.354,1541.37,1500,41.37
41411.375,1564.92,1500,64.92
41411.396,1596.76,1500,96.76
41411.417,1614.69,1500,114.69
41411.437,1625.87,1500,125.87
41411.458,1629.67,1500,129.67
41411.479,1626.02,1500,126.02
41411.5,1617.81,1500,117.81
41411.521,1611.45,1500,111.45
41411.542,1610.51,1500,110.51
41411.562,1609.71,1500,109.71
41411.583,1607.96,1500,107.96
41411.604,1606.23,1500,106.23
41411.625,1612.45,1500,112.45
41411.646,1619.71,1500,119.71
41411.667,1613.68,1500,113.68
41411.687,1597.65,1500,97.65
41411.708,1579.57,1500,79.57
41411.729,1564.69,1500,64.69
41411.75,1551.99,1500,51.99
41411.771,1548.27,1500,48.27
41411.792,1557.02,1500,57.02
41411.812,1568.35,1500,68.35
41411.833,1576.92,1500,76.92
41411.854,1585.25,1500,85.25
41411.875,1588.65,1500,88.65
41411.896,1584.67,1500,84.67
41411.917,1580.19,1500,80.19
41411.937,1575.42,1500,75.42
41411.958,1570.77,1500,70.77
41411.979,1566.86,1500,66.86
41412,1573.78,1500,73.78
41412.021,1587.89,1500,87.89
41412.042,1595.25,1500,95.25
41412.062,1598.19,1500,98.19
41412.083,1597.83,1500,97.83
41412.104,1595.83,1500,95.83
41412.125,1592.39,1500,92.39
41412.146,1588.89,1500,88.89
41412.167,1585.82,1500,85.82
41412.187,1582.3,1500,82.3
41412.208,1579.56,1500,79.56
41412.229,1577.2,1500,77.2
41412.25,1571.19,1500,71.19
41412.271,1562.12,1500,62.12
41412.292,1552.96,1500,52.96
41412.312,1543.25,1500,43.25
41412.333,1533.77,1500,33.77
41412.354,1524.4,1500,24.4
41412.375,1512.31,1497.31,15
41412.396,1505.41,1490.41,15
41412.417,1511.16,1496.16,15
41412.437,1520.17,1500,20.17
41412.458,1526.8,1500,26.8
41412.479,1532.82,1500,32.82
41412.5,1546.56,1500,46.56
41412.521,1562.41,1500,62.41
41412.542,1569.55,1500,69.55
41412.562,1572.06,1500,72.06
41412.583,1573.19,1500,73.19
41412.604,1574.48,1500,74.48
41412.625,1581.83,1500,81.83
41412.646,1592.8,1500,92.8
41412.667,1600.01,1500,100.01
41412.687,1602.14,1500,102.14
41412.708,1599.81,1500,99.81
41412.729,1597.89,1500,97.89
41412.75,1593.68,1500,93.68
41412.771,1589.35,1500,89.35
41412.792,1587.09,1500,87.09
41412.812,1583.43,1500,83.43
41412.833,1580.35,1500,80.35
41412.854,1577.84,1500,77.84
41412.875,1573.7,1500,73.7
41412.896,1569.13,1500,69.13
41412.917,1565.59,1500,65.59
41412.937,1561.19,1500,61.19
41412.958,1557.26,1500,57.26
41412.979,1554.45,1500,54.45
41413,1555.95,1500,55.95
41413.021,1555.94,1500,55.94
41413.042,1545.43,1500,45.43
41413.062,1530.53,1500,30.53
41413.083,1516.9,1500,16.9
41413.104,1504.21,1489.21,15
41413.125,1488.11,1473.11,15
41413.146,1474.36,1459.36,15
41413.167,1468.88,1453.88,15
41413.187,1465.86,1450.86,15
41413.208,1462.34,1447.34,15
41413.229,1458.23,1443.23,15
41413.25,1446.63,1431.63,15
41413.271,1431.99,1416.99,15
41413.292,1422.7,1407.7,15
41413.312,1415.21,1400.21,15
41413.333,1408.01,1393.01,15
41413.354,1400.71,1385.71,15
41413.375,1415.33,1400.33,15
41413.396,1444.56,1429.56,15
41413.417,1464.72,1449.72,15
41413.437,1480.81,1465.81,15
41413.458,1493.85,1478.85,15
41413.479,1504.75,1489.75,15
41413.5,1502.65,1487.65,15
41413.521,1496.31,1481.31,15
41413.542,1500.71,1485.71,15
41413.562,1508.46,1493.46,15
41413.583,1516.16,1500,16.16
41413.604,1523.26,1500,23.26
41413.625,1535.19,1500,35.19
41413.646,1547.36,1500,47.36
41413.667,1551.74,1500,51.74
41413.687,1553.5,1500,53.5
41413.708,1554.98,1500,54.98
41413.729,1556.27,1500,56.27
41413.75,1551.22,1500,51.22
41413.771,1540.88,1500,40.88
41413.792,1530.54,1500,30.54
41413.812,1518.56,1500,18.56
41413.833,1506.63,1491.63,15
41413.854,1495.71,1480.71,15
41413.875,1491.23,1476.23,15
41413.896,1489.55,1474.55,15
41413.917,1483.97,1468.97,15
41413.937,1477.15,1462.15,15
41413.958,1470.33,1455.33,15
41413.979,1463.31,1448.31,15
41414,1453.01,1438.01,15
41414.021,1445.19,1430.19,15
41414.042,1444.99,1429.99,15
41414.062,1447.17,1432.17,15
41414.083,1449.11,1434.11,15
41414.104,1450.52,1435.52,15
41414.125,1455.57,1440.57,15
41414.146,1462.48,1447.48,15
41414.167,1466.97,1451.97,15
41414.187,1470.85,1455.85,15
41414.208,1474.75,1459.75,15
41414.229,1478.73,1463.73,15
41414.25,1479.22,1464.22,15
41414.271,1480.53,1465.53,15
41414.292,1488.57,1473.57,15
41414.312,1499.15,1484.15,15
41414.333,1509.45,1494.45,15
41414.354,1519.16,1500,19.16
41414.375,1535.48,1500,35.48
41414.396,1551.96,1500,51.96
41414.417,1558.1,1500,58.1
41414.437,1558.89,1500,58.89
41414.458,1559.95,1500,59.95
41414.479,1561.37,1500,61.37
41414.5,1558.75,1500,58.75
41414.521,1557.6,1500,57.6
41414.542,1559.69,1500,59.69
41414.562,1561.05,1500,61.05
41414.583,1562.78,1500,62.78
41414.604,1564.98,1500,64.98
41414.625,1569.49,1500,69.49
41414.646,1568.51,1500,68.51
41414.667,1556.73,1500,56.73
41414.687,1542.22,1500,42.22
41414.708,1528.1,1500,28.1
41414.729,1515.02,1500,15.02
41414.75,1501.6,1486.6,15
41414.771,1493.29,1478.29,15
41414.792,1493.46,1478.46,15
41414.812,1495.38,1480.38,15
41414.833,1496.84,1481.84,15
41414.854,1498.17,1483.17,15
41414.875,1499.63,1484.63,15
41414.896,1501.2,1486.2,15
41414.917,1502.8,1487.8,15
41414.937,1504.37,1489.37,15
41414.958,1505.82,1490.82,15
41414.979,1507.2,1492.2,15
41415,1507.66,1492.66,15
41415.021,1503.3,1488.3,15
41415.042,1492.39,1477.39,15
41415.062,1478.99,1463.99,15
41415.083,1466.28,1451.28,15
41415.104,1454.2,1439.2,15
41415.125,1446.6,1431.6,15
41415.146,1445.46,1430.46,15
41415.167,1448.71,1433.71,15
41415.187,1454.01,1439.01,15
41415.208,1458.5,1443.5,15
41415.229,1462.31,1447.31,15
41415.25,1465.62,1450.62,15
41415.271,1468.13,1453.13,15
41415.292,1469.6,1454.6,15
41415.312,1470.63,1455.63,15
41415.333,1471.9,1456.9,15
41415.354,1473.31,1458.31,15
41415.375,1477.04,1462.04,15
41415.396,1485.22,1470.22,15
41415.417,1495.93,1480.93,15
41415.437,1509.04,1494.04,15
41415.458,1522.96,1500,22.96
41415.479,1535.69,1500,35.69
41415.5,1538.58,1500,38.58
41415.521,1537.54,1500,37.54
41415.542,1540.09,1500,40.09
41415.562,1540.11,1500,40.11
41415.583,1540.69,1500,40.69
41415.604,1541.24,1500,41.24
41415.625,1556.8,1500,56.8
41415.646,1580.39,1500,80.39
41415.667,1591.44,1500,91.44
41415.687,1595.4,1500,95.4
41415.708,1596.78,1500,96.78
41415.729,1598.16,1500,98.16
41415.75,1601.92,1500,101.92
41415.771,1605.84,1500,105.84
41415.792,1605.95,1500,105.95
41415.812,1603.61,1500,103.61
41415.833,1602.23,1500,102.23
41415.854,1601.22,1500,101.22
41415.875,1593.13,1500,93.13
41415.896,1582.16,1500,82.16
41415.917,1576.21,1500,76.21
41415.937,1570.81,1500,70.81
41415.958,1564.86,1500,64.86
41415.979,1559.64,1500,59.64
41416,1567.09,1500,67.09
41416.021,1582.89,1500,82.89
41416.042,1591.2,1500,91.2
41416.062,1592.85,1500,92.85
41416.083,1589.8,1500,89.8
41416.104,1586.25,1500,86.25
41416.125,1578.3,1500,78.3
41416.146,1571.11,1500,71.11
41416.167,1570.09,1500,70.09
41416.187,1569.38,1500,69.38
41416.208,1568.12,1500,68.12
41416.229,1566.38,1500,66.38
41416.25,1567.01,1500,67.01
41416.271,1570.73,1500,70.73
41416.292,1575.15,1500,75.15
41416.312,1579.53,1500,79.53
41416.333,1583.71,1500,83.71
41416.354,1588.1,1500,88.1
41416.375,1592.81,1500,92.81
41416.396,1597.65,1500,97.65
41416.417,1602.47,1500,102.47
41416.437,1607.35,1500,107.35
41416.458,1612.26,1500,112.26
41416.479,1616.83,1500,116.83
41416.5,1620.63,1500,120.63
41416.521,1622.96,1500,122.96
41416.542,1623.94,1500,123.94
41416.562,1624.61,1500,124.61
41416.583,1625.6,1500,125.6
41416.604,1626.88,1500,126.88
41416.625,1626.73,1500,126.73
41416.646,1627.03,1500,127.03
41416.667,1630.41,1500,130.41
41416.687,1634.41,1500,134.41
41416.708,1638.56,1500,138.56
41416.729,1643.55,1500,143.55
41416.75,1648.33,1500,148.33
41416.771,1650.8,1500,150.8
41416.792,1650.22,1500,150.22
41416.812,1648.26,1500,148.26
41416.833,1646.08,1500,146.08
41416.854,1644.06,1500,144.06
41416.875,1647.69,1500,147.69
41416.896,1654.3,1500,154.3
41416.917,1657.07,1500,157.07
41416.937,1657.72,1500,157.72
41416.958,1657.22,1500,157.22
41416.979,1656.77,1500,156.77
41417,1654.54,1500,154.54
41417.021,1648.28,1500,148.28
41417.042,1641.72,1500,141.72
41417.062,1637.65,1500,137.65
41417.083,1634.11,1500,134.11
41417.104,1630.63,1500,130.63
41417.125,1623.23,1500,123.23
41417.146,1616.67,1500,116.67
41417.167,1615.08,1500,115.08
41417.187,1614,1500,114
41417.208,1613.16,1500,113.16
41417.229,1611.67,1500,111.67
41417.25,1617.29,1500,117.29
41417.271,1627.67,1500,127.67
41417.292,1633.79,1500,133.79
41417.312,1634.96,1500,134.96
41417.333,1632.33,1500,132.33
41417.354,1629.35,1500,129.35
41417.375,1622.29,1500,122.29
41417.396,1624.55,1500,124.55
41417.417,1642.2,1500,142.2
41417.437,1660.66,1500,160.66
41417.458,1679.83,1500,179.83
41417.479,1701.63,1500,201.63
41417.5,1732.2,1500,232.2
41417.521,1759.45,1500,259.45
41417.542,1769.36,1500,269.36
41417.562,1770.58,1500,270.58
41417.583,1768.79,1500,268.79
41417.604,1766.62,1500,266.62
41417.625,1764.2,1500,264.2
41417.646,1759.21,1500,259.21
41417.667,1751.09,1500,251.09
41417.687,1739.25,1500,239.25
41417.708,1718.71,1500,218.71
41417.729,1695.44,1500,195.44
41417.75,1677.5,1500,177.5
41417.771,1670.03,1500,170.03
41417.792,1673.64,1500,173.64
41417.812,1679.39,1500,179.39
41417.833,1682.98,1500,182.98
41417.854,1684.03,1500,184.03
41417.875,1692.17,1500,192.17
41417.896,1713.36,1500,213.36
41417.917,1742.12,1500,242.12
41417.937,1773.47,1500,273.47
41417.958,1804.42,1500,304.42
41417.979,1834.51,1500,334.51
41418,1860.45,1500,360.45
41418.021,1877.47,1500,377.47
41418.042,1885.58,1500,385.58
41418.062,1888.9,1500,388.9
41418.083,1890.98,1500,390.98
41418.104,1893.03,1500,393.03
41418.125,1892.76,1500,392.76
41418.146,1888.14,1500,388.14
41418.167,1880.07,1500,380.07
41418.187,1869.96,1500,369.96
41418.208,1859.22,1500,359.22
41418.229,1848.45,1500,348.45
41418.25,1841.33,1500,341.33
41418.271,1835.9,1500,335.9
41418.292,1827.69,1500,327.69
41418.312,1818.06,1500,318.06
41418.333,1807.79,1500,307.79
41418.354,1797.4,1500,297.4
41418.375,1782.32,1500,282.32
41418.396,1766.91,1500,266.91
41418.417,1760.13,1500,260.13
41418.437,1760.28,1500,260.28
41418.458,1764.2,1500,264.2
41418.479,1769.34,1500,269.34
41418.5,1779.87,1500,279.87
41418.521,1786.13,1500,286.13
41418.542,1777.49,1500,277.49
41418.562,1761.47,1500,261.47
41418.583,1743.21,1500,243.21
41418.604,1724.23,1500,224.23
41418.625,1694.04,1500,194.04
41418.646,1669.27,1500,169.27
41418.667,1668.31,1500,168.31
41418.687,1672.73,1500,172.73
41418.708,1674.03,1500,174.03
41418.729,1674.62,1500,174.62
41418.75,1672.13,1500,172.13
41418.771,1667.33,1500,167.33
41418.792,1663.4,1500,163.4
41418.812,1659.2,1500,159.2
41418.833,1654.76,1500,154.76
41418.854,1651.53,1500,151.53
41418.875,1661.28,1500,161.28
41418.896,1678.61,1500,178.61
41418.917,1690.44,1500,190.44
41418.937,1691.36,1500,191.36
41418.958,1681.06,1500,181.06
41418.979,1676.6,1500,176.6
41419,1669.59,1500,169.59
41419.021,1665.03,1500,165.03
41419.042,1670.53,1500,170.53
41419.062,1671.03,1500,171.03
41419.083,1668.16,1500,168.16
41419.104,1668.57,1500,168.57
41419.125,1691.61,1500,191.61
41419.146,1719.42,1500,219.42
41419.167,1726.36,1500,226.36
41419.187,1724,1500,224
41419.208,1702.68,1500,202.68
41419.229,1671.83,1500,171.83
41419.25,1650.39,1500,150.39
41419.271,1642.18,1500,142.18
41419.292,1646.52,1500,146.52
41419.312,1651.41,1500,151.41
41419.333,1654.85,1500,154.85
41419.354,1657.97,1500,157.97
41419.375,1657.57,1500,157.57
41419.396,1653.39,1500,153.39
41419.417,1650.34,1500,150.34
41419.437,1645.49,1500,145.49
41419.458,1639.37,1500,139.37
41419.479,1634.06,1500,134.06
41419.5,1642.66,1500,142.66
41419.521,1653.62,1500,153.62
41419.542,1645.61,1500,145.61
41419.562,1635.39,1500,135.39
41419.583,1633.36,1500,133.36
41419.604,1631.93,1500,131.93
41419.625,1604.55,1500,104.55
41419.646,1572.9,1500,72.9
41419.667,1568.29,1500,68.29
41419.687,1564.13,1500,64.13
41419.708,1550.3,1500,50.3
41419.729,1536.45,1500,36.45
41419.75,1549.09,1500,49.09
41419.771,1578.91,1500,78.91
41419.792,1596.38,1500,96.38
41419.812,1605.4,1500,105.4
41419.833,1604.36,1500,104.36
41419.854,1598.71,1500,98.71
41419.875,1588.62,1500,88.62
41419.896,1574.6,1500,74.6
41419.917,1562.32,1500,62.32
41419.937,1550.77,1500,50.77
41419.958,1539.07,1500,39.07
41419.979,1527.22,1500,27.22
41420,1531.08,1500,31.08
41420.021,1547.78,1500,47.78
41420.042,1561.27,1500,61.27
41420.062,1572.31,1500,72.31
41420.083,1581.21,1500,81.21
41420.104,1591.4,1500,91.4
41420.125,1595.43,1500,95.43
41420.146,1596.12,1500,96.12
41420.167,1602.81,1500,102.81
41420.187,1607.57,1500,107.57
41420.208,1611.05,1500,111.05
41420.229,1615.14,1500,115.14
41420.25,1617.33,1500,117.33
41420.271,1615.06,1500,115.06
41420.292,1607.11,1500,107.11
41420.312,1598.16,1500,98.16
41420.333,1590.94,1500,90.94
41420.354,1584.86,1500,84.86
41420.375,1595.9,1500,95.9
41420.396,1617.19,1500,117.19
41420.417,1629.5,1500,129.5
41420.437,1636.05,1500,136.05
41420.458,1629.14,1500,129.14
41420.479,1619.49,1500,119.49
41420.5,1608,1500,108
41420.521,1586.66,1500,86.66
41420.542,1561.23,1500,61.23
41420.562,1529.56,1500,29.56
41420.583,1497.37,1482.37,15
41420.604,1468.37,1453.37,15
41420.625,1445.33,1430.33,15
41420.646,1432.95,1417.95,15
41420.667,1430.42,1415.42,15
41420.687,1431.53,1416.53,15
41420.708,1431.39,1416.39,15
41420.729,1430.36,1415.36,15
41420.75,1431.49,1416.49,15
41420.771,1435.76,1420.76,15
41420.792,1441.78,1426.78,15
41420.812,1448.65,1433.65,15
41420.833,1455.24,1440.24,15
41420.854,1461.62,1446.62,15
41420.875,1489.35,1474.35,15
41420.896,1509.88,1494.88,15
41420.917,1503.43,1488.43,15
41420.937,1498.34,1483.34,15
41420.958,1493.2,1478.2,15
41420.979,1486.94,1471.94,15
41421,1480.2,1465.2,15
41421.021,1481.36,1466.36,15
41421.042,1492.5,1477.5,15
41421.062,1506.18,1491.18,15
41421.083,1518.83,1500,18.83
41421.104,1530.42,1500,30.42
41421.125,1541.84,1500,41.84
41421.146,1554.56,1500,54.56
41421.167,1568.75,1500,68.75
41421.187,1583.03,1500,83.03
41421.208,1596.93,1500,96.93
41421.229,1610.68,1500,110.68
41421.25,1596.4,1500,96.4
41421.271,1565.01,1500,65.01
41421.292,1545.72,1500,45.72
41421.312,1528.31,1500,28.31
41421.333,1511.89,1496.89,15
41421.354,1495.76,1480.76,15
41421.375,1486.54,1471.54,15
41421.396,1490.15,1475.15,15
41421.417,1505.68,1490.68,15
41421.437,1528,1500,28
41421.458,1550.49,1500,50.49
41421.479,1572.01,1500,72.01
41421.5,1586.89,1500,86.89
41421.521,1592.79,1500,92.79
41421.542,1592.85,1500,92.85
41421.562,1589.77,1500,89.77
41421.583,1587.04,1500,87.04
41421.604,1584.64,1500,84.64
41421.625,1606.63,1500,106.63
41421.646,1638.92,1500,138.92
41421.667,1652.05,1500,152.05
41421.687,1659.06,1500,159.06
41421.708,1665.15,1500,165.15
41421.729,1671.44,1500,171.44
41421.75,1659.42,1500,159.42
41421.771,1630.94,1500,130.94
41421.792,1602.02,1500,102.02
41421.812,1570.91,1500,70.91
41421.833,1540.46,1500,40.46
41421.854,1510.66,1495.66,15
41421.875,1485.01,1470.01,15
41421.896,1473.14,1458.14,15
41421.917,1479.33,1464.33,15
41421.937,1495.11,1480.11,15
41421.958,1511.73,1496.73,15
41421.979,1527.37,1500,27.37
41422,1533.06,1500,33.06
41422.021,1529.67,1500,29.67
41422.042,1524.54,1500,24.54
41422.062,1517.14,1500,17.14
41422.083,1509.9,1494.9,15
41422.104,1503.03,1488.03,15
41422.125,1520.02,1500,20.02
41422.146,1544.38,1500,44.38
41422.167,1545.54,1500,45.54
41422.187,1538.34,1500,38.34
41422.208,1529.93,1500,29.93
41422.229,1522.12,1500,22.12
41422.25,1489.62,1474.62,15
41422.271,1450.29,1435.29,15
41422.292,1436.67,1421.67,15
41422.312,1432.67,1417.67,15
41422.333,1430.78,1415.78,15
41422.354,1428.82,1413.82,15
41422.375,1437.79,1422.79,15
41422.396,1455.98,1440.98,15
41422.417,1473.78,1458.78,15
41422.437,1493.1,1478.1,15
41422.458,1512.19,1497.19,15
41422.479,1530.77,1500,30.77
41422.5,1552.79,1500,52.79
41422.521,1567.6,1500,67.6
41422.542,1564.38,1500,64.38
41422.562,1552.83,1500,52.83
41422.583,1540.66,1500,40.66
41422.604,1529.43,1500,29.43
41422.625,1514.97,1499.97,15
41422.646,1506.81,1491.81,15
41422.667,1515.01,1500,15.01
41422.687,1530.87,1500,30.87
41422.708,1547.67,1500,47.67
41422.729,1563.84,1500,63.84
41422.75,1565.38,1500,65.38
41422.771,1557.84,1500,57.84
41422.792,1556.16,1500,56.16
41422.812,1555.64,1500,55.64
41422.833,1555.95,1500,55.95
41422.854,1556.81,1500,56.81
41422.875,1561.52,1500,61.52
41422.896,1567.76,1500,67.76
41422.917,1571.09,1500,71.09
41422.937,1573.03,1500,73.03
41422.958,1574.17,1500,74.17
41422.979,1574.79,1500,74.79
41423,1577.5,1500,77.5
41423.021,1583.7,1500,83.7
41423.042,1592.18,1500,92.18
41423.062,1602.77,1500,102.77
41423.083,1614.27,1500,114.27
41423.104,1625.04,1500,125.04
41423.125,1632.21,1500,132.21
41423.146,1637.13,1500,137.13
41423.167,1641.76,1500,141.76
41423.187,1645.94,1500,145.94
41423.208,1649.61,1500,149.61
41423.229,1652.42,1500,152.42
41423.25,1652.86,1500,152.86
41423.271,1643.76,1500,143.76
41423.292,1629.75,1500,129.75
41423.312,1612.91,1500,112.91
41423.333,1589.91,1500,89.91
41423.354,1566.72,1500,66.72
41423.375,1563.16,1500,63.16
41423.396,1577.23,1500,77.23
41423.417,1589.95,1500,89.95
41423.437,1600.2,1500,100.2
41423.458,1607.67,1500,107.67
41423.479,1613.4,1500,113.4
41423.5,1618.2,1500,118.2
41423.521,1624.47,1500,124.47
41423.542,1631.46,1500,131.46
41423.562,1638.38,1500,138.38
41423.583,1646.28,1500,146.28
41423.604,1653.18,1500,153.18
41423.625,1651.39,1500,151.39
41423.646,1649.54,1500,149.54
41423.667,1652.81,1500,152.81
41423.687,1655.69,1500,155.69
41423.708,1663.8,1500,163.8
41423.729,1676.65,1500,176.65
41423.75,1714.44,1500,214.44
41423.771,1756.2,1500,256.2
41423.792,1769.66,1500,269.66
41423.812,1772.57,1500,272.57
41423.833,1766.93,1500,266.93
41423.854,1748.73,1500,248.73
41423.875,1709.02,1500,209.02
41423.896,1688.31,1500,188.31
41423.917,1703.25,1500,203.25
41423.937,1707.84,1500,207.84
41423.958,1706.25,1500,206.25
41423.979,1715.46,1500,215.46
41424,1751.12,1500,251.12
41424.021,1795.64,1500,295.64
41424.042,1822.48,1500,322.48
41424.062,1841.12,1500,341.12
41424.083,1856.44,1500,356.44
41424.104,1871.16,1500,371.16
41424.125,1875.24,1500,375.24
41424.146,1872.58,1500,372.58
41424.167,1875.95,1500,375.95
41424.187,1882.97,1500,382.97
41424.208,1892.31,1500,392.31
41424.229,1902.36,1500,402.36
41424.25,1921.48,1500,421.48
41424.271,1939,1500,439
41424.292,1940.76,1500,440.76
41424.312,1935.34,1500,435.34
41424.333,1926.24,1500,426.24
41424.354,1915.01,1500,415.01
41424.375,1892.92,1500,392.92
41424.396,1871.99,1500,371.99
41424.417,1859.64,1500,359.64
41424.437,1849.71,1500,349.71
41424.458,1848.3,1500,348.3
41424.479,1851.03,1500,351.03
41424.5,1864.16,1500,364.16
41424.521,1877.6,1500,377.6
41424.542,1877.65,1500,377.65
41424.562,1871.64,1500,371.64
41424.583,1863.38,1500,363.38
41424.604,1854.5,1500,354.5
41424.625,1851.97,1500,351.97
41424.646,1850.24,1500,350.24
41424.667,1841.14,1500,341.14
41424.687,1825.21,1500,325.21
41424.708,1801.08,1500,301.08
41424.729,1775.31,1500,275.31
41424.75,1737.57,1500,237.57
41424.771,1712.4,1500,212.4
41424.792,1718.99,1500,218.99
41424.812,1724.78,1500,224.78
41424.833,1719.62,1500,219.62
41424.854,1713.42,1500,213.42
41424.875,1726.73,1500,226.73
41424.896,1749.01,1500,249.01
41424.917,1759.37,1500,259.37
41424.937,1762.33,1500,262.33
41424.958,1761.75,1500,261.75
41424.979,1760.25,1500,260.25
41425,1750.5,1500,250.5
41425.021,1737.4,1500,237.4
41425.042,1735.26,1500,235.26
41425.062,1743.3,1500,243.3
41425.083,1756.72,1500,256.72
41425.104,1771.26,1500,271.26
41425.125,1789.69,1500,289.69
41425.146,1805.68,1500,305.68
41425.167,1811.67,1500,311.67
41425.187,1812.98,1500,312.98
41425.208,1812.85,1500,312.85
41425.229,1812.57,1500,312.57
41425.25,1819.04,1500,319.04
41425.271,1826.97,1500,326.97
41425.292,1827.52,1500,327.52
41425.312,1825.26,1500,325.26
41425.333,1822.53,1500,322.53
41425.354,1817.21,1500,317.21
41425.375,1802.07,1500,302.07
41425.396,1782.07,1500,282.07
41425.417,1768.1,1500,268.1
41425.437,1763.7,1500,263.7
41425.458,1768.46,1500,268.46
41425.479,1777.3,1500,277.3
41425.5,1795.07,1500,295.07
41425.521,1814.59,1500,314.59
41425.542,1824.56,1500,324.56
41425.562,1830.14,1500,330.14
41425.583,1833.99,1500,333.99
41425.604,1837.47,1500,337.47
41425.625,1841.89,1500,341.89
41425.646,1850.67,1500,350.67
41425.667,1864.92,1500,364.92
41425.687,1881.6,1500,381.6
41425.708,1898.42,1500,398.42
41425.729,1914.72,1500,414.72
41425.75,1925.96,1500,425.96
41425.771,1930.71,1500,430.71
41425.792,1932.02,1500,432.02
41425.812,1931.35,1500,431.35
41425.833,1930.39,1500,430.39
41425.854,1929.53,1500,429.53
41425.875,1932.9,1500,432.9
41425.896,1941.11,1500,441.11
41425.917,1950.96,1500,450.96
41425.937,1961.92,1500,461.92
41425.958,1973.07,1500,473.07
41425.979,1984.41,1500,484.41
41426,2020.01,1500,520.01
41426.021,2073.36,1500,573.36
41426.042,2132.74,1500,632.74
41426.062,2197.09,1500,697.09
41426.083,2252.45,1500,752.45
41426.104,2306.4,1500,806.4
41426.125,2398.52,1500,898.52
41426.146,2501.64,1500,1001.64
41426.167,2569.47,1500,1069.47
41426.187,2630.91,1500,1130.91
41426.208,2699,1500,1199
41426.229,2763.35,1500,1263.35
41426.25,2785.51,1500,1285.51
41426.271,2794.84,1500,1294.84
41426.292,2828.07,1500,1328.07
41426.312,2863.95,1500,1363.95
41426.333,2899.37,1500,1399.37
41426.354,2934.74,1500,1434.74
41426.375,2977.89,1500,1477.89
41426.396,3023.62,1500,1523.62
41426.417,3063.91,1500,1563.91
41426.437,3104.16,1500,1604.16
41426.458,3144.85,1500,1644.85
41426.479,3185.93,1500,1685.93
41426.5,3246.84,1500,1746.84
41426.521,3306.43,1500,1806.43
41426.542,3338.37,1500,1838.37
41426.562,3361.5,1500,1861.5
41426.583,3382.81,1500,1882.81
41426.604,3410.92,1500,1910.92
41426.625,3409.27,1500,1909.27
41426.646,3395.24,1500,1895.24
41426.667,3416.87,1500,1916.87
41426.687,3453.82,1500,1953.82
41426.708,3495.86,1500,1995.86
41426.729,3541.26,1500,2041.26
41426.75,3567.68,1500,2067.68
41426.771,3588.05,1500,2088.05
41426.792,3625.47,1500,2125.47
41426.812,3666.48,1500,2166.48
41426.833,3708.48,1500,2208.48
41426.854,3750.73,1500,2250.73
41426.875,3799.15,1500,2299.15
41426.896,3845.93,1500,2345.93
41426.917,3882.02,1500,2382.02
41426.937,3915.17,1500,2415.17
41426.958,3946.91,1500,2446.91
41426.979,3978.95,1500,2478.95
41427,4007.11,1500,2507.11
41427.021,4031.6,1500,2531.6
41427.042,4057.29,1500,2557.29
41427.062,4079.71,1500,2579.71
41427.083,4102,1500,2602
41427.104,4128.49,1500,2628.49
41427.125,4164.06,1500,2664.06
41427.146,4179.52,1500,2679.52
41427.167,4154.25,1500,2654.25
41427.187,4112.32,1500,2612.32
41427.208,4064.76,1500,2564.76
41427.229,4009.21,1500,2509.21
41427.25,3944.7,1500,2444.7
41427.271,3878.89,1500,2378.89
41427.292,3809.63,1500,2309.63
41427.312,3741.39,1500,2241.39
41427.333,3683.9,1500,2183.9
41427.354,3630.45,1500,2130.45
41427.375,3572.44,1500,2072.44
41427.396,3515.2,1500,2015.2
41427.417,3466.42,1500,1966.42
41427.437,3421.1,1500,1921.1
41427.458,3376.01,1500,1876.01
41427.479,3331.22,1500,1831.22
41427.5,3284.27,1500,1784.27
41427.521,3250.71,1500,1750.71
41427.542,3244.47,1500,1744.47
41427.562,3253.83,1500,1753.83
41427.583,3269.08,1500,1769.08
41427.604,3286.35,1500,1786.35
41427.625,3320.37,1500,1820.37
41427.646,3355.86,1500,1855.86
41427.667,3371.84,1500,1871.84
41427.687,3381.52,1500,1881.52
41427.708,3389.23,1500,1889.23
41427.729,3396.2,1500,1896.2
41427.75,3400.59,1500,1900.59
41427.771,3408.43,1500,1908.43
41427.792,3425.19,1500,1925.19
41427.812,3446.31,1500,1946.31
41427.833,3469.08,1500,1969.08
41427.854,3492.93,1500,1992.93
41427.875,3514.88,1500,2014.88
41427.896,3543.37,1500,2043.37
41427.917,3585.77,1500,2085.77
41427.937,3635.12,1500,2135.12
41427.958,3687.45,1500,2187.45
41427.979,3741.34,1500,2241.34
41428,3797.49,1500,2297.49
41428.021,3851.24,1500,2351.24
41428.042,3899.96,1500,2399.96
41428.062,3947.49,1500,2447.49
41428.083,3999,1500,2499
41428.104,4054.26,1500,2554.26
41428.125,4106.94,1500,2606.94
41428.146,4142.24,1500,2642.24
41428.167,4149.77,1500,2649.77
41428.187,4138.55,1500,2638.55
41428.208,4119.82,1500,2619.82
41428.229,4098.12,1500,2598.12
41428.25,4064.24,1500,2564.24
41428.271,4028.74,1500,2528.74
41428.292,4005.55,1500,2505.55
41428.312,3987.6,1500,2487.6
41428.333,3972.31,1500,2472.31
41428.354,3957.88,1500,2457.88
41428.375,3950.86,1500,2450.86
41428.396,3941.39,1500,2441.39
41428.417,3918.38,1500,2418.38
41428.437,3888.05,1500,2388.05
41428.458,3852.74,1500,2352.74
41428.479,3812.53,1500,2312.53
41428.5,3766.48,1500,2266.48
41428.521,3728.91,1500,2228.91
41428.542,3706.5,1500,2206.5
41428.562,3689.2,1500,2189.2
41428.583,3672.97,1500,2172.97
41428.604,3656.79,1500,2156.79
41428.625,3642.84,1500,2142.84
41428.646,3635.94,1500,2135.94
41428.667,3637.38,1500,2137.38
41428.687,3643.65,1500,2143.65
41428.708,3651.37,1500,2151.37
41428.729,3659.48,1500,2159.48
41428.75,3645.01,1500,2145.01
41428.771,3622.57,1500,2122.57
41428.792,3615.11,1500,2115.11
41428.812,3605.67,1500,2105.67
41428.833,3605.27,1500,2105.27
41428.854,3613.98,1500,2113.98
41428.875,3641.39,1500,2141.39
41428.896,3670.82,1500,2170.82
41428.917,3675.12,1500,2175.12
41428.937,3672.58,1500,2172.58
41428.958,3669.5,1500,2169.5
41428.979,3666.45,1500,2166.45
41429,3646.35,1500,2146.35
41429.021,3625.76,1500,2125.76
41429.042,3626.51,1500,2126.51
41429.062,3630.17,1500,2130.17
41429.083,3631.92,1500,2131.92
41429.104,3634.13,1500,2134.13
41429.125,3656.57,1500,2156.57
41429.146,3682.96,1500,2182.96
41429.167,3691.2,1500,2191.2
41429.187,3695.53,1500,2195.53
41429.208,3698.04,1500,2198.04
41429.229,3700.05,1500,2200.05
41429.25,3683.38,1500,2183.38
41429.271,3657.72,1500,2157.72
41429.292,3641.98,1500,2141.98
41429.312,3627.39,1500,2127.39
41429.333,3614.58,1500,2114.58
41429.354,3603.96,1500,2103.96
41429.375,3622.29,1500,2122.29
41429.396,3638.83,1500,2138.83
41429.417,3624.46,1500,2124.46
41429.437,3610.22,1500,2110.22
41429.458,3597.59,1500,2097.59
41429.479,3583.63,1500,2083.63
41429.5,3526.42,1500,2026.42
41429.521,3445.97,1500,1945.97
41429.542,3383.01,1500,1883.01
41429.562,3318.91,1500,1818.91
41429.583,3255.81,1500,1755.81
41429.604,3194.67,1500,1694.67
41429.625,3182.27,1500,1682.27
41429.646,3191.47,1500,1691.47
41429.667,3168.59,1500,1668.59
41429.687,3135.69,1500,1635.69
41429.708,3098.12,1500,1598.12
41429.729,3063.21,1500,1563.21
41429.75,3039.15,1500,1539.15
41429.771,3025.02,1500,1525.02
41429.792,3016.46,1500,1516.46
41429.812,3013.05,1500,1513.05
41429.833,3012.08,1500,1512.08
41429.854,3012.17,1500,1512.17
41429.875,3018.14,1500,1518.14
41429.896,3028.43,1500,1528.43
41429.917,3038.3,1500,1538.3
41429.937,3049.73,1500,1549.73
41429.958,3062.05,1500,1562.05
41429.979,3074.56,1500,1574.56
41430,3086.77,1500,1586.77
41430.021,3091.9,1500,1591.9
41430.042,3085.98,1500,1585.98
41430.062,3074.21,1500,1574.21
41430.083,3059.97,1500,1559.97
41430.104,3044.85,1500,1544.85
41430.125,2970.98,1500,1470.98
41430.146,2883.42,1500,1383.42
41430.167,2852.3,1500,1352.3
41430.187,2834.98,1500,1334.98
41430.208,2820.94,1500,1320.94
41430.229,2808.11,1500,1308.11
41430.25,2808.46,1500,1308.46
41430.271,2813.25,1500,1313.25
41430.292,2808.58,1500,1308.58
41430.312,2803,1500,1303
41430.333,2797.5,1500,1297.5
41430.354,2791.66,1500,1291.66
41430.375,2775.29,1500,1275.29
41430.396,2756.17,1500,1256.17
41430.417,2746.08,1500,1246.08
41430.437,2737.7,1500,1237.7
41430.458,2729.3,1500,1229.3
41430.479,2722.59,1500,1222.59
41430.5,2750.98,1500,1250.98
41430.521,2782.85,1500,1282.85
41430.542,2778.56,1500,1278.56
41430.562,2766.22,1500,1266.22
41430.583,2751.5,1500,1251.5
41430.604,2735.75,1500,1235.75
41430.625,2739.14,1500,1239.14
41430.646,2753.46,1500,1253.46
41430.667,2757.77,1500,1257.77
41430.687,2760.28,1500,1260.28
41430.708,2762.71,1500,1262.71
41430.729,2765.83,1500,1265.83
41430.75,2746.94,1500,1246.94
41430.771,2720.95,1500,1220.95
41430.792,2713.35,1500,1213.35
41430.812,2708.37,1500,1208.37
41430.833,2703.37,1500,1203.37
41430.854,2698.24,1500,1198.24
41430.875,2698.17,1500,1198.17
41430.896,2699.18,1500,1199.18
41430.917,2694.32,1500,1194.32
41430.937,2687.72,1500,1187.72
41430.958,2680.85,1500,1180.85
41430.979,2673.98,1500,1173.98
41431,2665.85,1500,1165.85
41431.021,2657.93,1500,1157.93
41431.042,2652.18,1500,1152.18
41431.062,2647.42,1500,1147.42
41431.083,2642.94,1500,1142.94
41431.104,2638.09,1500,1138.09
41431.125,2634.25,1500,1134.25
41431.146,2630.88,1500,1130.88
41431.167,2626.8,1500,1126.8
41431.187,2623.96,1500,1123.96
41431.208,2622.79,1500,1122.79
41431.229,2622.13,1500,1122.13
41431.25,2628.38,1500,1128.38
41431.271,2636.4,1500,1136.4
41431.292,2637.63,1500,1137.63
41431.312,2636.54,1500,1136.54
41431.333,2634.32,1500,1134.32
41431.354,2631.83,1500,1131.83
41431.375,2622.46,1500,1122.46
41431.396,2605.35,1500,1105.35
41431.417,2583.37,1500,1083.37
41431.437,2555.37,1500,1055.37
41431.458,2524.58,1500,1024.58
41431.479,2493.22,1500,993.22
41431.5,2442.67,1500,942.67
41431.521,2392.16,1500,892.16
41431.542,2366.96,1500,866.96
41431.562,2349.78,1500,849.78
41431.583,2338.58,1500,838.58
41431.604,2331.72,1500,831.72
41431.625,2360.43,1500,860.43
41431.646,2407.24,1500,907.24
41431.667,2436.68,1500,936.68
41431.687,2465.33,1500,965.33
41431.708,2493.33,1500,993.33
41431.729,2520.83,1500,1020.83
41431.75,2543.65,1500,1043.65
41431.771,2558.31,1500,1058.31
41431.792,2565.92,1500,1065.92
41431.812,2568.68,1500,1068.68
41431.833,2570.61,1500,1070.61
41431.854,2571.27,1500,1071.27
41431.875,2558.01,1500,1058.01
41431.896,2540.36,1500,1040.36
41431.917,2532.16,1500,1032.16
41431.937,2526.33,1500,1026.33
41431.958,2521.46,1500,1021.46
41431.979,2517.01,1500,1017.01
41432,2511.39,1500,1011.39
41432.021,2505.72,1500,1005.72
41432.042,2501.1,1500,1001.1
41432.062,2496.73,1500,996.73
41432.083,2493.99,1500,993.99
41432.104,2492.13,1500,992.13
41432.125,2489.78,1500,989.78
41432.146,2487.31,1500,987.31
41432.167,2484.92,1500,984.92
41432.187,2482.41,1500,982.41
41432.208,2479.69,1500,979.69
41432.229,2476.82,1500,976.82
41432.25,2487.27,1500,987.27
41432.271,2502.01,1500,1002.01
41432.292,2505.87,1500,1005.87
41432.312,2507.32,1500,1007.32
41432.333,2507.76,1500,1007.76
41432.354,2507.93,1500,1007.93
41432.375,2503.3,1500,1003.3
41432.396,2495.48,1500,995.48
41432.417,2489.93,1500,989.93
41432.437,2484.14,1500,984.14
41432.458,2476.61,1500,976.61
41432.479,2468.4,1500,968.4
41432.5,2444.62,1500,944.62
41432.521,2418.44,1500,918.44
41432.542,2409.66,1500,909.66
41432.562,2404.88,1500,904.88
41432.583,2402.37,1500,902.37
41432.604,2402.68,1500,902.68
41432.625,2420.74,1500,920.74
41432.646,2443.3,1500,943.3
41432.667,2450.86,1500,950.86
41432.687,2455.46,1500,955.46
41432.708,2458.96,1500,958.96
41432.729,2461.95,1500,961.95
41432.75,2455.59,1500,955.59
41432.771,2446.01,1500,946.01
41432.792,2443.13,1500,943.13
41432.812,2441.26,1500,941.26
41432.833,2439.93,1500,939.93
41432.854,2438.8,1500,938.8
41432.875,2440.44,1500,940.44
41432.896,2442.16,1500,942.16
41432.917,2440.26,1500,940.26
41432.937,2437.13,1500,937.13
41432.958,2433.43,1500,933.43
41432.979,2429.44,1500,929.44
41433,2425.12,1500,925.12
41433.021,2419.67,1500,919.67
41433.042,2412.72,1500,912.72
41433.062,2404.9,1500,904.9
41433.083,2396.74,1500,896.74
41433.104,2388.42,1500,888.42
41433.125,2386.83,1500,886.83
41433.146,2390.55,1500,890.55
41433.167,2393.73,1500,893.73
41433.187,2398.25,1500,898.25
41433.208,2403.19,1500,903.19
41433.229,2408.28,1500,908.28
41433.25,2402.63,1500,902.63
41433.271,2391.89,1500,891.89
41433.292,2386.85,1500,886.85
41433.312,2381.73,1500,881.73
41433.333,2376.55,1500,876.55
41433.354,2371.24,1500,871.24
41433.375,2371.61,1500,871.61
41433.396,2374.81,1500,874.81
41433.417,2374.17,1500,874.17
41433.437,2372.2,1500,872.2
41433.458,2369.51,1500,869.51
41433.479,2366.33,1500,866.33
41433.5,2356.02,1500,856.02
41433.521,2341.07,1500,841.07
41433.542,2328.77,1500,828.77
41433.562,2318.01,1500,818.01
41433.583,2308.98,1500,808.98
41433.604,2300.52,1500,800.52
41433.625,2292.62,1500,792.62
41433.646,2287.65,1500,787.65
41433.667,2285.39,1500,785.39
41433.687,2284.08,1500,784.08
41433.708,2284.26,1500,784.26
41433.729,2286.1,1500,786.1
41433.75,2306.24,1500,806.24
41433.771,2332.48,1500,832.48
41433.792,2346.17,1500,846.17
41433.812,2358.3,1500,858.3
41433.833,2368.61,1500,868.61
41433.854,2378.75,1500,878.75
41433.875,2355.89,1500,855.89
41433.896,2310.62,1500,810.62
41433.917,2282.38,1500,782.38
41433.937,2259.58,1500,759.58
41433.958,2237.63,1500,737.63
41433.979,2211.05,1500,711.05
41434,2225.62,1500,725.62
41434.021,2273.23,1500,773.23
41434.042,2298.94,1500,798.94
41434.062,2313.01,1500,813.01
41434.083,2325.92,1500,825.92
41434.104,2340.28,1500,840.28
41434.125,2332.27,1500,832.27
41434.146,2313.51,1500,813.51
41434.167,2307.29,1500,807.29
41434.187,2303.98,1500,803.98
41434.208,2302.96,1500,802.96
41434.229,2303.21,1500,803.21
41434.25,2308.67,1500,808.67
41434.271,2315.26,1500,815.26
41434.292,2316.62,1500,816.62
41434.312,2315.18,1500,815.18
41434.333,2312.52,1500,812.52
41434.354,2309.99,1500,809.99
41434.375,2297.94,1500,797.94
41434.396,2280.36,1500,780.36
41434.417,2265.89,1500,765.89
41434.437,2250.1,1500,750.1
41434.458,2234.25,1500,734.25
41434.479,2219.09,1500,719.09
41434.5,2202.95,1500,702.95
41434.521,2186.7,1500,686.7
41434.542,2170.92,1500,670.92
41434.562,2158.08,1500,658.08
41434.583,2153.88,1500,653.88
41434.604,2151.24,1500,651.24
41434.625,2161.11,1500,661.11
41434.646,2178.55,1500,678.55
41434.667,2187.86,1500,687.86
41434.687,2201.79,1500,701.79
41434.708,2217.59,1500,717.59
41434.729,2232.02,1500,732.02
41434.75,2234.65,1500,734.65
41434.771,2226.65,1500,726.65
41434.792,2221.26,1500,721.26
41434.812,2216.58,1500,716.58
41434.833,2212.77,1500,712.77
41434.854,2209.5,1500,709.5
41434.875,2198.16,1500,698.16
41434.896,2181.05,1500,681.05
41434.917,2165.79,1500,665.79
41434.937,2151.8,1500,651.8
41434.958,2135.75,1500,635.75
41434.979,2118.2,1500,618.2
41435,2106.14,1500,606.14
41435.021,2099.03,1500,599.03
41435.042,2096.15,1500,596.15
41435.062,2096.28,1500,596.28
41435.083,2097.18,1500,597.18
41435.104,2098.22,1500,598.22
41435.125,2111.59,1500,611.59
41435.146,2128.74,1500,628.74
41435.167,2141.85,1500,641.85
41435.187,2154.68,1500,654.68
41435.208,2168.38,1500,668.38
41435.229,2187.92,1500,687.92
41435.25,2210.32,1500,710.32
41435.271,2232.4,1500,732.4
41435.292,2250.54,1500,750.54
41435.312,2269.22,1500,769.22
41435.333,2290.69,1500,790.69
41435.354,2313.82,1500,813.82
41435.375,2324.33,1500,824.33
41435.396,2322.11,1500,822.11
41435.417,2317.26,1500,817.26
41435.437,2308.59,1500,808.59
41435.458,2298.76,1500,798.76
41435.479,2288.69,1500,788.69
41435.5,2297.73,1500,797.73
41435.521,2324.1,1500,824.1
41435.542,2352.37,1500,852.37
41435.562,2380.62,1500,880.62
41435.583,2405.44,1500,905.44
41435.604,2431.54,1500,931.54
41435.625,2463.01,1500,963.01
41435.646,2493.96,1500,993.96
41435.667,2519.4,1500,1019.4
41435.687,2542.04,1500,1042.04
41435.708,2561.82,1500,1061.82
41435.729,2582.84,1500,1082.84
41435.75,2598.16,1500,1098.16
41435.771,2607.55,1500,1107.55
41435.792,2615.79,1500,1115.79
41435.812,2621.86,1500,1121.86
41435.833,2629.05,1500,1129.05
41435.854,2637.05,1500,1137.05
41435.875,2633.15,1500,1133.15
41435.896,2624.81,1500,1124.81
41435.917,2625.29,1500,1125.29
41435.937,2626.67,1500,1126.67
41435.958,2627.89,1500,1127.89
41435.979,2629,1500,1129
41436,2640.39,1500,1140.39
41436.021,2656.24,1500,1156.24
41436.042,2665.79,1500,1165.79
41436.062,2674.85,1500,1174.85
41436.083,2684.4,1500,1184.4
41436.104,2694.13,1500,1194.13
41436.125,2693.39,1500,1193.39
41436.146,2687.82,1500,1187.82
41436.167,2687.88,1500,1187.88
41436.187,2687.96,1500,1187.96
41436.208,2687.58,1500,1187.58
41436.229,2687.1,1500,1187.1
41436.25,2674.88,1500,1174.88
41436.271,2657.22,1500,1157.22
41436.292,2646.94,1500,1146.94
41436.312,2636.95,1500,1136.95
41436.333,2625.84,1500,1125.84
41436.354,2614.05,1500,1114.05
41436.375,2612.33,1500,1112.33
41436.396,2616.15,1500,1116.15
41436.417,2614.32,1500,1114.32
41436.437,2611.4,1500,1111.4
41436.458,2607.99,1500,1107.99
41436.479,2604.35,1500,1104.35
41436.5,2594.51,1500,1094.51
41436.521,2580.67,1500,1080.67
41436.542,2568.5,1500,1068.5
41436.562,2557.76,1500,1057.76
41436.583,2549.27,1500,1049.27
41436.604,2541.62,1500,1041.62
41436.625,2541.95,1500,1041.95
41436.646,2544.3,1500,1044.3
41436.667,2539.83,1500,1039.83
41436.687,2533.52,1500,1033.52
41436.708,2526.53,1500,1026.53
41436.729,2519.22,1500,1019.22
41436.75,2497.19,1500,997.19
41436.771,2471.15,1500,971.15
41436.792,2458.31,1500,958.31
41436.812,2447.79,1500,947.79
41436.833,2439.2,1500,939.2
41436.854,2433.44,1500,933.44
41436.875,2444.32,1500,944.32
41436.896,2460.59,1500,960.59
41436.917,2465.01,1500,965.01
41436.937,2467.75,1500,967.75
41436.958,2469.74,1500,969.74
41436.979,2471.36,1500,971.36
41437,2492.32,1500,992.32
41437.021,2519.76,1500,1019.76
41437.042,2532.06,1500,1032.06
41437.062,2541.65,1500,1041.65
41437.083,2551.61,1500,1051.61
41437.104,2561.3,1500,1061.3
41437.125,2557.68,1500,1057.68
41437.146,2551.62,1500,1051.62
41437.167,2557.01,1500,1057.01
41437.187,2564.98,1500,1064.98
41437.208,2575.34,1500,1075.34
41437.229,2586.15,1500,1086.15
41437.25,2583.21,1500,1083.21
41437.271,2572.83,1500,1072.83
41437.292,2568.51,1500,1068.51
41437.312,2566.06,1500,1066.06
41437.333,2563.92,1500,1063.92
41437.354,2562.72,1500,1062.72
41437.375,2543.19,1500,1043.19
41437.396,2512.6,1500,1012.6
41437.417,2492.53,1500,992.53
41437.437,2472.23,1500,972.23
41437.458,2451.68,1500,951.68
41437.479,2433.05,1500,933.05
41437.5,2437.83,1500,937.83
41437.521,2450.26,1500,950.26
41437.542,2445.28,1500,945.28
41437.562,2437.45,1500,937.45
41437.583,2428.1,1500,928.1
41437.604,2417.97,1500,917.97
41437.625,2404.95,1500,904.95
41437.646,2392.99,1500,892.99
41437.667,2386.32,1500,886.32
41437.687,2381.79,1500,881.79
41437.708,2378.1,1500,878.1
41437.729,2374.77,1500,874.77
41437.75,2373.24,1500,873.24
41437.771,2373.11,1500,873.11
41437.792,2373.07,1500,873.07
41437.812,2373.48,1500,873.48
41437.833,2373.93,1500,873.93
41437.854,2374.24,1500,874.24
41437.875,2365.57,1500,865.57
41437.896,2349.75,1500,849.75
41437.917,2336.89,1500,836.89
41437.937,2325.97,1500,825.97
41437.958,2316.15,1500,816.15
41437.979,2305.06,1500,805.06
41438,2294.64,1500,794.64
41438.021,2289.75,1500,789.75
41438.042,2290.48,1500,790.48
41438.062,2293.59,1500,793.59
41438.083,2296.03,1500,796.03
41438.104,2297.18,1500,797.18
41438.125,2310.52,1500,810.52
41438.146,2331.57,1500,831.57
41438.167,2346.98,1500,846.98
41438.187,2359.91,1500,859.91
41438.208,2369.72,1500,869.72
41438.229,2377.85,1500,877.85
41438.25,2385.53,1500,885.53
41438.271,2386.61,1500,886.61
41438.292,2376.56,1500,876.56
41438.312,2361.57,1500,861.57
41438.333,2346.4,1500,846.4
41438.354,2331.52,1500,831.52
41438.375,2308.88,1500,808.88
41438.396,2283.63,1500,783.63
41438.417,2263.88,1500,763.88
41438.437,2245.07,1500,745.07
41438.458,2226.99,1500,726.99
41438.479,2209.29,1500,709.29
41438.5,2180.99,1500,680.99
41438.521,2146.91,1500,646.91
41438.542,2115.5,1500,615.5
41438.562,2087.34,1500,587.34
41438.583,2064.98,1500,564.98
41438.604,2042.1,1500,542.1
41438.625,2034.84,1500,534.84
41438.646,2042.61,1500,542.61
41438.667,2050.9,1500,550.9
41438.687,2061.08,1500,561.08
41438.708,2071.17,1500,571.17
41438.729,2080.92,1500,580.92
41438.75,2088.85,1500,588.85
41438.771,2096.49,1500,596.49
41438.792,2105.9,1500,605.9
41438.812,2115.97,1500,615.97
41438.833,2126.37,1500,626.37
41438.854,2136.84,1500,636.84
41438.875,2146.93,1500,646.93
41438.896,2155.01,1500,655.01
41438.917,2160.34,1500,660.34
41438.937,2164.26,1500,664.26
41438.958,2167.8,1500,667.8
41438.979,2171.24,1500,671.24
41439,2180.78,1500,680.78
41439.021,2197.41,1500,697.41
41439.042,2210.22,1500,710.22
41439.062,2221.47,1500,721.47
41439.083,2238.18,1500,738.18
41439.104,2256.2,1500,756.2
41439.125,2251.33,1500,751.33
41439.146,2226.92,1500,726.92
41439.167,2207.32,1500,707.32
41439.187,2191.14,1500,691.14
41439.208,2178.96,1500,678.96
41439.229,2165.49,1500,665.49
41439.25,2154.41,1500,654.41
41439.271,2149.01,1500,649.01
41439.292,2142.97,1500,642.97
41439.312,2136.63,1500,636.63
41439.333,2129.58,1500,629.58
41439.354,2122.57,1500,622.57
41439.375,2115.47,1500,615.47
41439.396,2106.64,1500,606.64
41439.417,2095.3,1500,595.3
41439.437,2082.58,1500,582.58
41439.458,2069.29,1500,569.29
41439.479,2056.09,1500,556.09
41439.5,2049.03,1500,549.03
41439.521,2047.07,1500,547.07
41439.542,2044.97,1500,544.97
41439.562,2043.45,1500,543.45
41439.583,2040.62,1500,540.62
41439.604,2036.31,1500,536.31
41439.625,2029.46,1500,529.46
41439.646,2021.64,1500,521.64
41439.667,2015,1500,515
41439.687,2008.94,1500,508.94
41439.708,2004.34,1500,504.34
41439.729,2000.71,1500,500.71
41439.75,1998.63,1500,498.63
41439.771,2001.69,1500,501.69
41439.792,2011.82,1500,511.82
41439.812,2025.66,1500,525.66
41439.833,2039.99,1500,539.99
41439.854,2054.1,1500,554.1
41439.875,2073.64,1500,573.64
41439.896,2090.47,1500,590.47
41439.917,2095.25,1500,595.25
41439.937,2094.95,1500,594.95
41439.958,2093.13,1500,593.13
41439.979,2091.08,1500,591.08
41440,2087.34,1500,587.34
41440.021,2082.85,1500,582.85
41440.042,2079.57,1500,579.57
41440.062,2076.43,1500,576.43
41440.083,2073.46,1500,573.46
41440.104,2071.01,1500,571.01
41440.125,2066.96,1500,566.96
41440.146,2061.88,1500,561.88
41440.167,2057.79,1500,557.79
41440.187,2054.02,1500,554.02
41440.208,2050.37,1500,550.37
41440.229,2046.77,1500,546.77
41440.25,2044.28,1500,544.28
41440.271,2039.72,1500,539.72
41440.292,2029.98,1500,529.98
41440.312,2016.78,1500,516.78
41440.333,2002.34,1500,502.34
41440.354,1988.86,1500,488.86
41440.375,1974.34,1500,474.34
41440.396,1963.52,1500,463.52
41440.417,1960.01,1500,460.01
41440.437,1958.8,1500,458.8
41440.458,1958.52,1500,458.52
41440.479,1958.99,1500,458.99
41440.5,1961.58,1500,461.58
41440.521,1965.34,1500,465.34
41440.542,1968.07,1500,468.07
41440.562,1970.25,1500,470.25
41440.583,1972.12,1500,472.12
41440.604,1973.86,1500,473.86
41440.625,1970.12,1500,470.12
41440.646,1962.72,1500,462.72
41440.667,1957.7,1500,457.7
41440.687,1953.82,1500,453.82
41440.708,1950.67,1500,450.67
41440.729,1947.83,1500,447.83
41440.75,1956.99,1500,456.99
41440.771,1970.4,1500,470.4
41440.792,1973.64,1500,473.64
41440.812,1973.19,1500,473.19
41440.833,1971.16,1500,471.16
41440.854,1965.34,1500,465.34
41440.875,1951.97,1500,451.97
41440.896,1936.21,1500,436.21
41440.917,1925.1,1500,425.1
41440.937,1919.14,1500,419.14
41440.958,1916.62,1500,416.62
41440.979,1915.61,1500,415.61
41441,1923.2,1500,423.2
41441.021,1932.79,1500,432.79
41441.042,1933.34,1500,433.34
41441.062,1929.78,1500,429.78
41441.083,1924.45,1500,424.45
41441.104,1918.72,1500,418.72
41441.125,1909.14,1500,409.14
41441.146,1903.17,1500,403.17
41441.167,1909.54,1500,409.54
41441.187,1923.01,1500,423.01
41441.208,1939.26,1500,439.26
41441.229,1956.08,1500,456.08
41441.25,1966.26,1500,466.26
41441.271,1967.52,1500,467.52
41441.292,1964.22,1500,464.22
41441.312,1958.42,1500,458.42
41441.333,1952.07,1500,452.07
41441.354,1945.17,1500,445.17
41441.375,1958.23,1500,458.23
41441.396,1977.4,1500,477.4
41441.417,1978.31,1500,478.31
41441.437,1974.48,1500,474.48
41441.458,1966.81,1500,466.81
41441.479,1953.91,1500,453.91
41441.5,1923.65,1500,423.65
41441.521,1892.13,1500,392.13
41441.542,1876.33,1500,376.33
41441.562,1860.71,1500,360.71
41441.583,1848.17,1500,348.17
41441.604,1842.47,1500,342.47
41441.625,1853.94,1500,353.94
41441.646,1873.44,1500,373.44
41441.667,1883.81,1500,383.81
41441.687,1890.22,1500,390.22
41441.708,1894.49,1500,394.49
41441.729,1898.05,1500,398.05
41441.75,1896.08,1500,396.08
41441.771,1890.72,1500,390.72
41441.792,1888.07,1500,388.07
41441.812,1886.63,1500,386.63
41441.833,1886,1500,386
41441.854,1885.69,1500,385.69
41441.875,1892.3,1500,392.3
41441.896,1901.64,1500,401.64
41441.917,1905.23,1500,405.23
41441.937,1906.42,1500,406.42
41441.958,1906.54,1500,406.54
41441.979,1904.41,1500,404.41
41442,1894.57,1500,394.57
41442.021,1875.85,1500,375.85
41442.042,1854.31,1500,354.31
41442.062,1834.27,1500,334.27
41442.083,1816.66,1500,316.66
41442.104,1800.84,1500,300.84
41442.125,1801.89,1500,301.89
41442.146,1819.54,1500,319.54
41442.167,1839.52,1500,339.52
41442.187,1858.67,1500,358.67
41442.208,1874.26,1500,374.26
41442.229,1888.6,1500,388.6
41442.25,1884.12,1500,384.12
41442.271,1867.83,1500,367.83
41442.292,1853.13,1500,353.13
41442.312,1840.81,1500,340.81
41442.333,1838.97,1500,338.97
41442.354,1841.7,1500,341.7
41442.375,1879.5,1500,379.5
41442.396,1927.45,1500,427.45
41442.417,1944.11,1500,444.11
41442.437,1951.73,1500,451.73
41442.458,1954.4,1500,454.4
41442.479,1953.05,1500,453.05
41442.5,1930.16,1500,430.16
41442.521,1898.67,1500,398.67
41442.542,1879.49,1500,379.49
41442.562,1857.39,1500,357.39
41442.583,1836.88,1500,336.88
41442.604,1823.13,1500,323.13
41442.625,1837.69,1500,337.69
41442.646,1866.37,1500,366.37
41442.667,1879.5,1500,379.5
41442.687,1882.82,1500,382.82
41442.708,1880.46,1500,380.46
41442.729,1879.5,1500,379.5
41442.75,1856.81,1500,356.81
41442.771,1831.27,1500,331.27
41442.792,1829.57,1500,329.57
41442.812,1839.29,1500,339.29
41442.833,1851.92,1500,351.92
41442.854,1860.04,1500,360.04
41442.875,1867.65,1500,367.65
41442.896,1874.27,1500,374.27
41442.917,1879.78,1500,379.78
41442.937,1883.88,1500,383.88
41442.958,1886.93,1500,386.93
41442.979,1889.54,1500,389.54
41443,1905.9,1500,405.9
41443.021,1927.98,1500,427.98
41443.042,1939.29,1500,439.29
41443.062,1946.78,1500,446.78
41443.083,1952.59,1500,452.59
41443.104,1957.91,1500,457.91
41443.125,1952.54,1500,452.54
41443.146,1940.73,1500,440.73
41443.167,1934.81,1500,434.81
41443.187,1931.84,1500,431.84
41443.208,1930.79,1500,430.79
41443.229,1930.58,1500,430.58
41443.25,1933.3,1500,433.3
41443.271,1933.95,1500,433.95
41443.292,1927.09,1500,427.09
41443.312,1916.34,1500,416.34
41443.333,1904.03,1500,404.03
41443.354,1891.22,1500,391.22
41443.375,1880.86,1500,380.86
41443.396,1875.3,1500,375.3
41443.417,1873.82,1500,373.82
41443.437,1874.64,1500,374.64
41443.458,1875.98,1500,375.98
41443.479,1877.37,1500,377.37
41443.5,1871.45,1500,371.45
41443.521,1860.96,1500,360.96
41443.542,1854.25,1500,354.25
41443.562,1849.49,1500,349.49
41443.583,1845.98,1500,345.98
41443.604,1842.94,1500,342.94
41443.625,1851.18,1500,351.18
41443.646,1867.32,1500,367.32
41443.667,1879.79,1500,379.79
41443.687,1891.17,1500,391.17
41443.708,1901.49,1500,401.49
41443.729,1911.28,1500,411.28
41443.75,1912.73,1500,412.73
41443.771,1912.58,1500,412.58
41443.792,1922.35,1500,422.35
41443.812,1937.03,1500,437.03
41443.833,1954,1500,454
41443.854,1972.28,1500,472.28
41443.875,1998.95,1500,498.95
41443.896,2020,1500,520
41443.917,2021.22,1500,521.22
41443.937,2014.8,1500,514.8
41443.958,2006.92,1500,506.92
41443.979,1995.07,1500,495.07
41444,1982.72,1500,482.72
41444.021,1971.39,1500,471.39
41444.042,1955.82,1500,455.82
41444.062,1940.88,1500,440.88
41444.083,1929.81,1500,429.81
41444.104,1919.94,1500,419.94
41444.125,1900.88,1500,400.88
41444.146,1880.52,1500,380.52
41444.167,1872.19,1500,372.19
41444.187,1869.14,1500,369.14
41444.208,1868.39,1500,368.39
41444.229,1868.93,1500,368.93
41444.25,1869.84,1500,369.84
41444.271,1871.83,1500,371.83
41444.292,1876.38,1500,376.38
41444.312,1883.13,1500,383.13
41444.333,1890.99,1500,390.99
41444.354,1899.21,1500,399.21
41444.375,1907.01,1500,407.01
41444.396,1910.17,1500,410.17
41444.417,1906.42,1500,406.42
41444.437,1899.14,1500,399.14
41444.458,1890.64,1500,390.64
41444.479,1881.97,1500,381.97
41444.5,1873.9,1500,373.9
41444.521,1868.49,1500,368.49
41444.542,1866.61,1500,366.61
41444.562,1866.8,1500,366.8
41444.583,1867.85,1500,367.85
41444.604,1869.12,1500,369.12
41444.625,1869.35,1500,369.35
41444.646,1869.35,1500,369.35
41444.667,1870.38,1500,370.38
41444.687,1871.73,1500,371.73
41444.708,1873.53,1500,373.53
41444.729,1875.42,1500,375.42
41444.75,1870.63,1500,370.63
41444.771,1861.18,1500,361.18
41444.792,1859.33,1500,359.33
41444.812,1866.54,1500,366.54
41444.833,1877.63,1500,377.63
41444.854,1889.62,1500,389.62
41444.875,1915.72,1500,415.72
41444.896,1940.15,1500,440.15
41444.917,1942.51,1500,442.51
41444.937,1936.28,1500,436.28
41444.958,1928.19,1500,428.19
41444.979,1920.31,1500,420.31
41445,1909.18,1500,409.18
41445.021,1897.75,1500,397.75
41445.042,1890.74,1500,390.74
41445.062,1885.83,1500,385.83
41445.083,1881.79,1500,381.79
41445.104,1878.01,1500,378.01
41445.125,1874.42,1500,374.42
41445.146,1871.75,1500,371.75
41445.167,1870.28,1500,370.28
41445.187,1869.42,1500,369.42
41445.208,1868.77,1500,368.77
41445.229,1868.22,1500,368.22
41445.25,1861.49,1500,361.49
41445.271,1855.37,1500,355.37
41445.292,1861.23,1500,361.23
41445.312,1874.76,1500,374.76
41445.333,1891.31,1500,391.31
41445.354,1908.18,1500,408.18
41445.375,1926.72,1500,426.72
41445.396,1939.11,1500,439.11
41445.417,1938.67,1500,438.67
41445.437,1931.87,1500,431.87
41445.458,1923.26,1500,423.26
41445.479,1914.43,1500,414.43
41445.5,1915.21,1500,415.21
41445.521,1923.73,1500,423.73
41445.542,1931.05,1500,431.05
41445.562,1938.74,1500,438.74
41445.583,1946.04,1500,446.04
41445.604,1953.1,1500,453.1
41445.625,1948.82,1500,448.82
41445.646,1935.19,1500,435.19
41445.667,1923.59,1500,423.59
41445.687,1912.69,1500,412.69
41445.708,1902.9,1500,402.9
41445.729,1893.75,1500,393.75
41445.75,1883.39,1500,383.39
41445.771,1881.33,1500,381.33
41445.792,1895.33,1500,395.33
41445.812,1918.56,1500,418.56
41445.833,1944.37,1500,444.37
41445.854,1969.15,1500,469.15
41445.875,2001.39,1500,501.39
41445.896,2029.5,1500,529.5
41445.917,2039.21,1500,539.21
41445.937,2041.09,1500,541.09
41445.958,2040.93,1500,540.93
41445.979,2040.66,1500,540.66
41446,2047.94,1500,547.94
41446.021,2053.19,1500,553.19
41446.042,2045.01,1500,545.01
41446.062,2032.91,1500,532.91
41446.083,2018.51,1500,518.51
41446.104,1999.48,1500,499.48
41446.125,1971.07,1500,471.07
41446.146,1942.33,1500,442.33
41446.167,1922.76,1500,422.76
41446.187,1906.77,1500,406.77
41446.208,1892.73,1500,392.73
41446.229,1879.36,1500,379.36
41446.25,1854.97,1500,354.97
41446.271,1826.05,1500,326.05
41446.292,1811.5,1500,311.5
41446.312,1813.12,1500,313.12
41446.333,1825.72,1500,325.72
41446.354,1841.38,1500,341.38
41446.375,1880.87,1500,380.87
41446.396,1924.44,1500,424.44
41446.417,1941.65,1500,441.65
41446.437,1949.26,1500,449.26
41446.458,1953.67,1500,453.67
41446.479,1957.61,1500,457.61
41446.5,1965.47,1500,465.47
41446.521,1970.65,1500,470.65
41446.542,1964.85,1500,464.85
41446.562,1951.44,1500,451.44
41446.583,1935.14,1500,435.14
41446.604,1922.18,1500,422.18
41446.625,1886.71,1500,386.71
41446.646,1847.47,1500,347.47
41446.667,1834.71,1500,334.71
41446.687,1835.63,1500,335.63
41446.708,1840.78,1500,340.78
41446.729,1841.32,1500,341.32
41446.75,1843.47,1500,343.47
41446.771,1850.22,1500,350.22
41446.792,1862.38,1500,362.38
41446.812,1877.21,1500,377.21
41446.833,1891.98,1500,391.98
41446.854,1905.97,1500,405.97
41446.875,1930.72,1500,430.72
41446.896,1956.36,1500,456.36
41446.917,1967.42,1500,467.42
41446.937,1972.29,1500,472.29
41446.958,1974.89,1500,474.89
41446.979,1973.57,1500,473.57
41447,1964.55,1500,464.55
41447.021,1951.51,1500,451.51
41447.042,1936.69,1500,436.69
41447.062,1918.95,1500,418.95
41447.083,1900.19,1500,400.19
41447.104,1881.54,1500,381.54
41447.125,1867.83,1500,367.83
41447.146,1860.9,1500,360.9
41447.167,1857.81,1500,357.81
41447.187,1856.15,1500,356.15
41447.208,1853.26,1500,353.26
41447.229,1850.1,1500,350.1
41447.25,1837.74,1500,337.74
41447.271,1819.34,1500,319.34
41447.292,1813.36,1500,313.36
41447.312,1821.15,1500,321.15
41447.333,1835.2,1500,335.2
41447.354,1850.39,1500,350.39
41447.375,1888.97,1500,388.97
41447.396,1927.04,1500,427.04
41447.417,1931.82,1500,431.82
41447.437,1925.44,1500,425.44
41447.458,1916.92,1500,416.92
41447.479,1905.22,1500,405.22
41447.5,1877.95,1500,377.95
41447.521,1850.29,1500,350.29
41447.542,1839.74,1500,339.74
41447.562,1838.43,1500,338.43
41447.583,1840.86,1500,340.86
41447.604,1841.65,1500,341.65
41447.625,1836.35,1500,336.35
41447.646,1833.25,1500,333.25
41447.667,1842.7,1500,342.7
41447.687,1858.97,1500,358.97
41447.708,1877.27,1500,377.27
41447.729,1895.96,1500,395.96
41447.75,1932.49,1500,432.49
41447.771,1966.89,1500,466.89
41447.792,1973.14,1500,473.14
41447.812,1968.8,1500,468.8
41447.833,1962.66,1500,462.66
41447.854,1957.26,1500,457.26
41447.875,1942.43,1500,442.43
41447.896,1925.83,1500,425.83
41447.917,1921.14,1500,421.14
41447.937,1922.72,1500,422.72
41447.958,1927.25,1500,427.25
41447.979,1932.65,1500,432.65
41448,1932.46,1500,432.46
41448.021,1927.92,1500,427.92
41448.042,1925.1,1500,425.1
41448.062,1923.07,1500,423.07
41448.083,1921.65,1500,421.65
41448.104,1920.48,1500,420.48
41448.125,1929.45,1500,429.45
41448.146,1941.6,1500,441.6
41448.167,1944.15,1500,444.15
41448.187,1942.75,1500,442.75
41448.208,1939.69,1500,439.69
41448.229,1936.28,1500,436.28
41448.25,1927.88,1500,427.88
41448.271,1917.54,1500,417.54
41448.292,1911.79,1500,411.79
41448.312,1908.46,1500,408.46
41448.333,1906.37,1500,406.37
41448.354,1904.69,1500,404.69
41448.375,1899.91,1500,399.91
41448.396,1895.01,1500,395.01
41448.417,1895.16,1500,395.16
41448.437,1898.31,1500,398.31
41448.458,1902.73,1500,402.73
41448.479,1907.4,1500,407.4
41448.5,1914.66,1500,414.66
41448.521,1919.55,1500,419.55
41448.542,1916.68,1500,416.68
41448.562,1909.9,1500,409.9
41448.583,1901.78,1500,401.78
41448.604,1893.41,1500,393.41
41448.625,1887.14,1500,387.14
41448.646,1883.09,1500,383.09
41448.667,1879.55,1500,379.55
41448.687,1876.4,1500,376.4
41448.708,1873.22,1500,373.22
41448.729,1869.94,1500,369.94
41448.75,1867,1500,367
41448.771,1865.87,1500,365.87
41448.792,1867.12,1500,367.12
41448.812,1869.63,1500,369.63
41448.833,1872.5,1500,372.5
41448.854,1875.42,1500,375.42
41448.875,1876.05,1500,376.05
41448.896,1873.21,1500,373.21
41448.917,1868.26,1500,368.26
41448.937,1862.12,1500,362.12
41448.958,1855.77,1500,355.77
41448.979,1849.53,1500,349.53
41449,1845.67,1500,345.67
41449.021,1845.09,1500,345.09
41449.042,1846.59,1500,346.59
41449.062,1848.3,1500,348.3
41449.083,1848.4,1500,348.4
41449.104,1848.6,1500,348.6
41449.125,1842.99,1500,342.99
41449.146,1830.18,1500,330.18
41449.167,1821.43,1500,321.43
41449.187,1820.89,1500,320.89
41449.208,1825.34,1500,325.34
41449.229,1831,1500,331
41449.25,1852.72,1500,352.72
41449.271,1878.09,1500,378.09
41449.292,1885.55,1500,385.55
41449.312,1885.45,1500,385.45
41449.333,1882.75,1500,382.75
41449.354,1877.7,1500,377.7
41449.375,1861.88,1500,361.88
41449.396,1838.69,1500,338.69
41449.417,1821.77,1500,321.77
41449.437,1814.66,1500,314.66
41449.458,1814.73,1500,314.73
41449.479,1817.59,1500,317.59
41449.5,1832.79,1500,332.79
41449.521,1852.58,1500,352.58
41449.542,1862.22,1500,362.22
41449.562,1867.47,1500,367.47
41449.583,1870.8,1500,370.8
41449.604,1873.81,1500,373.81
41449.625,1871.52,1500,371.52
41449.646,1864.93,1500,364.93
41449.667,1859.88,1500,359.88
41449.687,1855.83,1500,355.83
41449.708,1852.75,1500,352.75
41449.729,1850.21,1500,350.21
41449.75,1844.84,1500,344.84
41449.771,1840.13,1500,340.13
41449.792,1841.8,1500,341.8
41449.812,1847.72,1500,347.72
41449.833,1855.65,1500,355.65
41449.854,1864.08,1500,364.08
41449.875,1880.1,1500,380.1
41449.896,1895.64,1500,395.64
41449.917,1899.07,1500,399.07
41449.937,1896.93,1500,396.93
41449.958,1892.81,1500,392.81
41449.979,1886.47,1500,386.47
41450,1873.71,1500,373.71
41450.021,1858.44,1500,358.44
41450.042,1845.44,1500,345.44
41450.062,1834.65,1500,334.65
41450.083,1827.47,1500,327.47
41450.104,1822.7,1500,322.7
41450.125,1824.74,1500,324.74
41450.146,1831.99,1500,331.99
41450.167,1838.28,1500,338.28
41450.187,1843.89,1500,343.89
41450.208,1848.78,1500,348.78
41450.229,1853.27,1500,353.27
41450.25,1850.25,1500,350.25
41450.271,1842.75,1500,342.75
41450.292,1840.21,1500,340.21
41450.312,1841.18,1500,341.18
41450.333,1844.22,1500,344.22
41450.354,1847.72,1500,347.72
41450.375,1863.38,1500,363.38
41450.396,1878.1,1500,378.1
41450.417,1873.24,1500,373.24
41450.437,1860.3,1500,360.3
41450.458,1842.06,1500,342.06
41450.479,1819.49,1500,319.49
41450.5,1787.04,1500,287.04
41450.521,1763.69,1500,263.69
41450.542,1767.62,1500,267.62
41450.562,1777.64,1500,277.64
41450.583,1784.65,1500,284.65
41450.604,1794.26,1500,294.26
41450.625,1814.78,1500,314.78
41450.646,1837.22,1500,337.22
41450.667,1849.03,1500,349.03
41450.687,1854.37,1500,354.37
41450.708,1856.78,1500,356.78
41450.729,1858.4,1500,358.4
41450.75,1856.84,1500,356.84
41450.771,1855.39,1500,355.39
41450.792,1859.52,1500,359.52
41450.812,1867.29,1500,367.29
41450.833,1876.85,1500,376.85
41450.854,1887.01,1500,387.01
41450.875,1895.01,1500,395.01
41450.896,1900.49,1500,400.49
41450.917,1905.17,1500,405.17
41450.937,1909.3,1500,409.3
41450.958,1913.43,1500,413.43
41450.979,1917.63,1500,417.63
41451,1931.61,1500,431.61
41451.021,1947.3,1500,447.3
41451.042,1951.51,1500,451.51
41451.062,1950.89,1500,450.89
41451.083,1948.44,1500,448.44
41451.104,1942.5,1500,442.5
41451.125,1930.17,1500,430.17
41451.146,1919.11,1500,419.11
41451.167,1913.99,1500,413.99
41451.187,1910.72,1500,410.72
41451.208,1908.52,1500,408.52
41451.229,1907.25,1500,407.25
41451.25,1908.53,1500,408.53
41451.271,1912.08,1500,412.08
41451.292,1915.83,1500,415.83
41451.312,1919.62,1500,419.62
41451.333,1923.21,1500,423.21
41451.354,1926.63,1500,426.63
41451.375,1931.21,1500,431.21
41451.396,1934.24,1500,434.24
41451.417,1932.84,1500,432.84
41451.437,1928.31,1500,428.31
41451.458,1922.35,1500,422.35
41451.479,1917.28,1500,417.28
41451.5,1910.84,1500,410.84
41451.521,1905.12,1500,405.12
41451.542,1904.58,1500,404.58
41451.562,1908.21,1500,408.21
41451.583,1914.88,1500,414.88
41451.604,1922.91,1500,422.91
41451.625,1931.73,1500,431.73
41451.646,1935.43,1500,435.43
41451.667,1929.96,1500,429.96
41451.687,1919.58,1500,419.58
41451.708,1907.56,1500,407.56
41451.729,1895.27,1500,395.27
41451.75,1892.59,1500,392.59
41451.771,1898.11,1500,398.11
41451.792,1902.68,1500,402.68
41451.812,1907.4,1500,407.4
41451.833,1910.16,1500,410.16
41451.854,1910.98,1500,410.98
41451.875,1897.41,1500,397.41
41451.896,1877.97,1500,377.97
41451.917,1868.02,1500,368.02
41451.937,1865.4,1500,365.4
41451.958,1870.96,1500,370.96
41451.979,1879.29,1500,379.29
41452,1907.67,1500,407.67
41452.021,1937.12,1500,437.12
41452.042,1940.69,1500,440.69
41452.062,1935.31,1500,435.31
41452.083,1927.83,1500,427.83
41452.104,1919.69,1500,419.69
41452.125,1906.9,1500,406.9
41452.146,1892.88,1500,392.88
41452.167,1882.42,1500,382.42
41452.187,1874.19,1500,374.19
41452.208,1868.03,1500,368.03
41452.229,1861.99,1500,361.99
41452.25,1848.05,1500,348.05
41452.271,1834.55,1500,334.55
41452.292,1824.97,1500,324.97
41452.312,1815.31,1500,315.31
41452.333,1813.51,1500,313.51
41452.354,1816.54,1500,316.54
41452.375,1833.51,1500,333.51
41452.396,1849.99,1500,349.99
41452.417,1846.81,1500,346.81
41452.437,1834.59,1500,334.59
41452.458,1819.44,1500,319.44
41452.479,1804.29,1500,304.29
41452.5,1791.44,1500,291.44
41452.521,1778.9,1500,278.9
41452.542,1771.05,1500,271.05
41452.562,1770.09,1500,270.09
41452.583,1771.2,1500,271.2
41452.604,1775.63,1500,275.63
41452.625,1764.33,1500,264.33
41452.646,1755.21,1500,255.21
41452.667,1755.81,1500,255.81
41452.687,1748.71,1500,248.71
41452.708,1750.79,1500,250.79
41452.729,1762.48,1500,262.48
41452.75,1798.32,1500,298.32
41452.771,1835.81,1500,335.81
41452.792,1844.92,1500,344.92
41452.812,1841.81,1500,341.81
41452.833,1834.58,1500,334.58
41452.854,1827.4,1500,327.4
41452.875,1811.27,1500,311.27
41452.896,1790.25,1500,290.25
41452.917,1776.76,1500,276.76
41452.937,1768.59,1500,268.59
41452.958,1764.27,1500,264.27
41452.979,1761.76,1500,261.76
41453,1760.77,1500,260.77
41453.021,1757.06,1500,257.06
41453.042,1746.93,1500,246.93
41453.062,1733,1500,233
41453.083,1717.49,1500,217.49
41453.104,1701.63,1500,201.63
41453.125,1692.47,1500,192.47
41453.146,1691.35,1500,191.35
41453.167,1687.47,1500,187.47
41453.187,1681.42,1500,181.42
41453.208,1681.99,1500,181.99
41453.229,1684.66,1500,184.66
41453.25,1677.8,1500,177.8
41453.271,1670.99,1500,170.99
41453.292,1671.79,1500,171.79
41453.312,1671.76,1500,171.76
41453.333,1668.31,1500,168.31
41453.354,1662.46,1500,162.46
41453.375,1667.96,1500,167.96
41453.396,1680.91,1500,180.91
41453.417,1686.3,1500,186.3
41453.437,1686.21,1500,186.21
41453.458,1683.14,1500,183.14
41453.479,1679.2,1500,179.2
41453.5,1673.23,1500,173.23
41453.521,1665.45,1500,165.45
41453.542,1657.12,1500,157.12
41453.562,1649.08,1500,149.08
41453.583,1642.3,1500,142.3
41453.604,1636.02,1500,136.02
41453.625,1626.62,1500,126.62
41453.646,1617.23,1500,117.23
41453.667,1612.71,1500,112.71
41453.687,1609.58,1500,109.58
41453.708,1606.86,1500,106.86
41453.729,1604.87,1500,104.87
41453.75,1613.61,1500,113.61
41453.771,1633.54,1500,133.54
41453.792,1654.67,1500,154.67
41453.812,1675.43,1500,175.43
41453.833,1694.92,1500,194.92
41453.854,1714.33,1500,214.33
41453.875,1721.63,1500,221.63
41453.896,1714.44,1500,214.44
41453.917,1705.44,1500,205.44
41453.937,1699.28,1500,199.28
41453.958,1696.92,1500,196.92
41453.979,1696.21,1500,196.21
41454,1703.69,1500,203.69
41454.021,1710.72,1500,210.72
41454.042,1704.93,1500,204.93
41454.062,1692.58,1500,192.58
41454.083,1677.38,1500,177.38
41454.104,1661.27,1500,161.27
41454.125,1641.12,1500,141.12
41454.146,1624.41,1500,124.41
41454.167,1621.76,1500,121.76
41454.187,1624.82,1500,124.82
41454.208,1625.59,1500,125.59
41454.229,1625.42,1500,125.42
41454.25,1621.29,1500,121.29
41454.271,1617.44,1500,117.44
41454.292,1617.76,1500,117.76
41454.312,1618.51,1500,118.51
41454.333,1619.4,1500,119.4
41454.354,1619.22,1500,119.22
41454.375,1620.31,1500,120.31
41454.396,1619.6,1500,119.6
41454.417,1613.1,1500,113.1
41454.437,1603.28,1500,103.28
41454.458,1592.44,1500,92.44
41454.479,1581.7,1500,81.7
41454.5,1582.17,1500,82.17
41454.521,1587.08,1500,87.08
41454.542,1576.96,1500,76.96
41454.562,1554.85,1500,54.85
41454.583,1531.91,1500,31.91
41454.604,1514.73,1499.73,15
41454.625,1490.66,1475.66,15
41454.646,1475.06,1460.06,15
41454.667,1483.36,1468.36,15
41454.687,1496.74,1481.74,15
41454.708,1508.85,1493.85,15
41454.729,1519.37,1500,19.37
41454.75,1529.81,1500,29.81
41454.771,1539.66,1500,39.66
41454.792,1548.1,1500,48.1
41454.812,1557.14,1500,57.14
41454.833,1567.05,1500,67.05
41454.854,1576.75,1500,76.75
41454.875,1601.59,1500,101.59
41454.896,1630.31,1500,130.31
41454.917,1642.51,1500,142.51
41454.937,1647.88,1500,147.88
41454.958,1651.52,1500,151.52
41454.979,1656.22,1500,156.22
41455,1660.7,1500,160.7
41455.021,1666.91,1500,166.91
41455.042,1678.91,1500,178.91
41455.062,1693.91,1500,193.91
41455.083,1711.74,1500,211.74
41455.104,1730.22,1500,230.22
41455.125,1736.25,1500,236.25
41455.146,1734.26,1500,234.26
41455.167,1726.91,1500,226.91
41455.187,1709.68,1500,209.68
41455.208,1692.66,1500,192.66
41455.229,1681.79,1500,181.79
41455.25,1691.34,1500,191.34
41455.271,1707.6,1500,207.6
41455.292,1709.01,1500,209.01
41455.312,1703.3,1500,203.3
41455.333,1689.06,1500,189.06
41455.354,1661.09,1500,161.09
41455.375,1632.37,1500,132.37
41455.396,1618.71,1500,118.71
41455.417,1614.35,1500,114.35
41455.437,1610.8,1500,110.8
41455.458,1606.87,1500,106.87
41455.479,1601.77,1500,101.77
41455.5,1602.14,1500,102.14
41455.521,1607.16,1500,107.16
41455.542,1609.36,1500,109.36
41455.562,1609.32,1500,109.32
41455.583,1608.75,1500,108.75
41455.604,1609.24,1500,109.24
41455.625,1607.08,1500,107.08
41455.646,1605,1500,105
41455.667,1606.65,1500,106.65
41455.687,1608.33,1500,108.33
41455.708,1608.98,1500,108.98
41455.729,1609.72,1500,109.72
41455.75,1608.38,1500,108.38
41455.771,1608.35,1500,108.35
41455.792,1613.78,1500,113.78
41455.812,1622.45,1500,122.45
41455.833,1633.31,1500,133.31
41455.854,1644.17,1500,144.17
41455.875,1662.36,1500,162.36
41455.896,1679.23,1500,179.23
41455.917,1682.16,1500,182.16
41455.937,1678.23,1500,178.23
41455.958,1671.96,1500,171.96
41455.979,1665.22,1500,165.22
41456,1655.34,1500,155.34
41456.021,1646.43,1500,146.43
41456.042,1644.34,1500,144.34
41456.062,1646.19,1500,146.19
41456.083,1649.32,1500,149.32
41456.104,1652.36,1500,152.36
41456.125,1664,1500,164
41456.146,1680.11,1500,180.11
41456.167,1687.29,1500,187.29
41456.187,1677.07,1500,177.07
41456.208,1664.46,1500,164.46
41456.229,1667.24,1500,167.24
41456.25,1667.71,1500,167.71
41456.271,1660.15,1500,160.15
41456.292,1652.52,1500,152.52
41456.312,1646.18,1500,146.18
41456.333,1640.54,1500,140.54
41456.354,1634.86,1500,134.86
41456.375,1621.63,1500,121.63
41456.396,1602.17,1500,102.17
41456.417,1583.38,1500,83.38
41456.437,1564.35,1500,64.35
41456.458,1545.87,1500,45.87
41456.479,1527.56,1500,27.56
41456.5,1502.16,1487.16,15
41456.521,1486.61,1471.61,15
41456.542,1491.12,1476.12,15
41456.562,1496.48,1481.48,15
41456.583,1498.12,1483.12,15
41456.604,1498.72,1483.72,15
41456.625,1516.06,1500,16.06
41456.646,1541.85,1500,41.85
41456.667,1555.31,1500,55.31
41456.687,1561.94,1500,61.94
41456.708,1565.72,1500,65.72
41456.729,1569.5,1500,69.5
41456.75,1570.47,1500,70.47
41456.771,1564.65,1500,64.65
41456.792,1552.38,1500,52.38
41456.812,1538.24,1500,38.24
41456.833,1526.12,1500,26.12
41456.854,1514.92,1499.92,15
41456.875,1501.66,1486.66,15
41456.896,1490.23,1475.23,15
41456.917,1484.35,1469.35,15
41456.937,1479.77,1464.77,15
41456.958,1474.49,1459.49,15
41456.979,1468.89,1453.89,15
41457,1459.47,1444.47,15
41457.021,1456.59,1441.59,15
41457.042,1471.13,1456.13,15
41457.062,1491.61,1476.61,15
41457.083,1509.39,1494.39,15
41457.104,1525.27,1500,25.27
41457.125,1547.92,1500,47.92
41457.146,1569.4,1500,69.4
41457.167,1577.07,1500,77.07
41457.187,1577.45,1500,77.45
41457.208,1576.23,1500,76.23
41457.229,1575.61,1500,75.61
41457.25,1576.52,1500,76.52
41457.271,1572.77,1500,72.77
41457.292,1557.94,1500,57.94
41457.312,1535.36,1500,35.36
41457.333,1512.86,1497.86,15
41457.354,1494.27,1479.27,15
41457.375,1471.78,1456.78,15
41457.396,1462.48,1447.48,15
41457.417,1482.46,1467.46,15
41457.437,1511.8,1496.8,15
41457.458,1537.13,1500,37.13
41457.479,1559.03,1500,59.03
41457.5,1576.98,1500,76.98
41457.521,1584.53,1500,84.53
41457.542,1579.2,1500,79.2
41457.562,1567.5,1500,67.5
41457.583,1555.68,1500,55.68
41457.604,1545.01,1500,45.01
41457.625,1552.27,1500,52.27
41457.646,1571.47,1500,71.47
41457.667,1582.97,1500,82.97
41457.687,1590.66,1500,90.66
41457.708,1596.33,1500,96.33
41457.729,1597.22,1500,97.22
41457.75,1580.44,1500,80.44
41457.771,1560.59,1500,60.59
41457.792,1550.76,1500,50.76
41457.812,1540.35,1500,40.35
41457.833,1529.6,1500,29.6
41457.854,1518.88,1500,18.88
41457.875,1506.71,1491.71,15
41457.896,1496.07,1481.07,15
41457.917,1490.29,1475.29,15
41457.937,1486.15,1471.15,15
41457.958,1481.42,1466.42,15
41457.979,1475.83,1460.83,15
41458,1477.27,1462.27,15
41458.021,1481.68,1466.68,15
41458.042,1478.36,1463.36,15
41458.062,1471.55,1456.55,15
41458.083,1465.17,1450.17,15
41458.104,1459.76,1444.76,15
41458.125,1447.24,1432.24,15
41458.146,1435.47,1420.47,15
41458.167,1435.6,1420.6,15
41458.187,1439.99,1424.99,15
41458.208,1444.03,1429.03,15
41458.229,1446.94,1431.94,15
41458.25,1456.86,1441.86,15
41458.271,1472.04,1457.04,15
41458.292,1484.41,1469.41,15
41458.312,1495.08,1480.08,15
41458.333,1505.07,1490.07,15
41458.354,1515.64,1500,15.64
41458.375,1517.46,1500,17.46
41458.396,1516.76,1500,16.76
41458.417,1524.6,1500,24.6
41458.437,1533.82,1500,33.82
41458.458,1541.77,1500,41.77
41458.479,1549.81,1500,49.81
41458.5,1563.74,1500,63.74
41458.521,1576.61,1500,76.61
41458.542,1579.34,1500,79.34
41458.562,1577.07,1500,77.07
41458.583,1573.77,1500,73.77
41458.604,1570.98,1500,70.98
41458.625,1578.19,1500,78.19
41458.646,1591.77,1500,91.77
41458.667,1600.85,1500,100.85
41458.687,1606.44,1500,106.44
41458.708,1604.82,1500,104.82
41458.729,1599.19,1500,99.19
41458.75,1589,1500,89
41458.771,1577.29,1500,77.29
41458.792,1570.62,1500,70.62
41458.812,1565.33,1500,65.33
41458.833,1559.08,1500,59.08
41458.854,1552.88,1500,52.88
41458.875,1553.59,1500,53.59
41458.896,1558.48,1500,58.48
41458.917,1561.49,1500,61.49
41458.937,1563.57,1500,63.57
41458.958,1565.14,1500,65.14
41458.979,1566.73,1500,66.73
41459,1574.55,1500,74.55
41459.021,1587.71,1500,87.71
41459.042,1598.51,1500,98.51
41459.062,1606.57,1500,106.57
41459.083,1613.49,1500,113.49
41459.104,1619.63,1500,119.63
41459.125,1613.39,1500,113.39
41459.146,1603.66,1500,103.66
41459.167,1601.19,1500,101.19
41459.187,1599.41,1500,99.41
41459.208,1602.7,1500,102.7
41459.229,1610.32,1500,110.32
41459.25,1641.15,1500,141.15
41459.271,1676.01,1500,176.01
41459.292,1683.93,1500,183.93
41459.312,1680.13,1500,180.13
41459.333,1672.54,1500,172.54
41459.354,1664.5,1500,164.5
41459.375,1653.32,1500,153.32
41459.396,1649.96,1500,149.96
41459.417,1664.77,1500,164.77
41459.437,1688.62,1500,188.62
41459.458,1714.42,1500,214.42
41459.479,1739.91,1500,239.91
41459.5,1752.42,1500,252.42
41459.521,1751.47,1500,251.47
41459.542,1750.25,1500,250.25
41459.562,1751.14,1500,251.14
41459.583,1754.57,1500,254.57
41459.604,1759.07,1500,259.07
41459.625,1795.03,1500,295.03
41459.646,1843.9,1500,343.9
41459.667,1861.08,1500,361.08
41459.687,1868.15,1500,368.15
41459.708,1867.85,1500,367.85
41459.729,1859.23,1500,359.23
41459.75,1807.87,1500,307.87
41459.771,1754.33,1500,254.33
41459.792,1757.16,1500,257.16
41459.812,1773.83,1500,273.83
41459.833,1772.36,1500,272.36
41459.854,1765.04,1500,265.04
41459.875,1813.52,1500,313.52
41459.896,1876.23,1500,376.23
41459.917,1896.45,1500,396.45
41459.937,1899.2,1500,399.2
41459.958,1896.83,1500,396.83
41459.979,1893.27,1500,393.27
41460,1881.22,1500,381.22
41460.021,1863.01,1500,363.01
41460.042,1847.91,1500,347.91
41460.062,1832.54,1500,332.54
41460.083,1816.33,1500,316.33
41460.104,1801.6,1500,301.6
41460.125,1785.02,1500,285.02
41460.146,1769.06,1500,269.06
41460.167,1757.84,1500,257.84
41460.187,1749.34,1500,249.34
41460.208,1745.45,1500,245.45
41460.229,1745.58,1500,245.58
41460.25,1750.76,1500,250.76
41460.271,1758.49,1500,258.49
41460.292,1764.32,1500,264.32
41460.312,1769.02,1500,269.02
41460.333,1772.95,1500,272.95
41460.354,1776.63,1500,276.63
41460.375,1784.51,1500,284.51
41460.396,1789.85,1500,289.85
41460.417,1784.77,1500,284.77
41460.437,1774.61,1500,274.61
41460.458,1762.73,1500,262.73
41460.479,1750.76,1500,250.76
41460.5,1732.07,1500,232.07
41460.521,1710.46,1500,210.46
41460.542,1695.54,1500,195.54
41460.562,1685.19,1500,185.19
41460.583,1677.52,1500,177.52
41460.604,1670.76,1500,170.76
41460.625,1671.59,1500,171.59
41460.646,1677.7,1500,177.7
41460.667,1680.8,1500,180.8
41460.687,1682.24,1500,182.24
41460.708,1682.35,1500,182.35
41460.729,1682.07,1500,182.07
41460.75,1678.95,1500,178.95
41460.771,1676.56,1500,176.56
41460.792,1680.38,1500,180.38
41460.812,1688.29,1500,188.29
41460.833,1698.18,1500,198.18
41460.854,1708.54,1500,208.54
41460.875,1712.58,1500,212.58
41460.896,1710.09,1500,210.09
41460.917,1707.12,1500,207.12
41460.937,1704.46,1500,204.46
41460.958,1702.69,1500,202.69
41460.979,1701.33,1500,201.33
41461,1709.92,1500,209.92
41461.021,1719.86,1500,219.86
41461.042,1717.07,1500,217.07
41461.062,1708.18,1500,208.18
41461.083,1697.05,1500,197.05
41461.104,1685.58,1500,185.58
41461.125,1665.28,1500,165.28
41461.146,1639.82,1500,139.82
41461.167,1624.18,1500,124.18
41461.187,1616.98,1500,116.98
41461.208,1612.94,1500,112.94
41461.229,1609.64,1500,109.64
41461.25,1617.05,1500,117.05
41461.271,1630.13,1500,130.13
41461.292,1636.04,1500,136.04
41461.312,1635.94,1500,135.94
41461.333,1626.32,1500,126.32
41461.354,1614.79,1500,114.79
41461.375,1602.77,1500,102.77
41461.396,1595.48,1500,95.48
41461.417,1600.84,1500,100.84
41461.437,1607.99,1500,107.99
41461.458,1611.89,1500,111.89
41461.479,1615.4,1500,115.4
41461.5,1628.44,1500,128.44
41461.521,1644.25,1500,144.25
41461.542,1650.8,1500,150.8
41461.562,1652.39,1500,152.39
41461.583,1652.09,1500,152.09
41461.604,1651.52,1500,151.52
41461.625,1652.43,1500,152.43
41461.646,1651.86,1500,151.86
41461.667,1646.47,1500,146.47
41461.687,1638.28,1500,138.28
41461.708,1629.2,1500,129.2
41461.729,1620.47,1500,120.47
41461.75,1608.34,1500,108.34
41461.771,1594.15,1500,94.15
41461.792,1582.68,1500,82.68
41461.812,1573.17,1500,73.17
41461.833,1564.57,1500,64.57
41461.854,1556.33,1500,56.33
41461.875,1552.24,1500,52.24
41461.896,1550.9,1500,50.9
41461.917,1547.28,1500,47.28
41461.937,1541.44,1500,41.44
41461.958,1534.81,1500,34.81
41461.979,1528.67,1500,28.67
41462,1519.43,1500,19.43
41462.021,1511.94,1496.94,15
41462.042,1511.85,1496.85,15
41462.062,1514.19,1499.19,15
41462.083,1516.18,1500,16.18
41462.104,1517.58,1500,17.58
41462.125,1522.78,1500,22.78
41462.146,1530.75,1500,30.75
41462.167,1536.83,1500,36.83
41462.187,1541.68,1500,41.68
41462.208,1546.04,1500,46.04
41462.229,1550.5,1500,50.5
41462.25,1553.89,1500,53.89
41462.271,1550.01,1500,50.01
41462.292,1535.32,1500,35.32
41462.312,1516.99,1500,16.99
41462.333,1500.87,1485.87,15
41462.354,1485.32,1470.32,15
41462.375,1467.59,1452.59,15
41462.396,1460.91,1445.91,15
41462.417,1473.95,1458.95,15
41462.437,1493.95,1478.95,15
41462.458,1512.41,1497.41,15
41462.479,1528.57,1500,28.57
41462.5,1546.65,1500,46.65
41462.521,1561.77,1500,61.77
41462.542,1566.95,1500,66.95
41462.562,1566.98,1500,66.98
41462.583,1567.1,1500,67.1
41462.604,1568.87,1500,68.87
41462.625,1569.13,1500,69.13
41462.646,1567.58,1500,67.58
41462.667,1566.47,1500,66.47
41462.687,1565.65,1500,65.65
41462.708,1564.99,1500,64.99
41462.729,1564.33,1500,64.33
41462.75,1563.57,1500,63.57
41462.771,1562.5,1500,62.5
41462.792,1561.09,1500,61.09
41462.812,1559.57,1500,59.57
41462.833,1558.08,1500,58.08
41462.854,1556.62,1500,56.62
41462.875,1553.47,1500,53.47
41462.896,1550.78,1500,50.78
41462.917,1551.36,1500,51.36
41462.937,1552.97,1500,52.97
41462.958,1554.16,1500,54.16
41462.979,1554.67,1500,54.67
41463,1561.88,1500,61.88
41463.021,1568.24,1500,68.24
41463.042,1561.33,1500,61.33
41463.062,1548.17,1500,48.17
41463.083,1536.65,1500,36.65
41463.104,1525.88,1500,25.88
41463.125,1510.54,1495.54,15
41463.146,1495.38,1480.38,15
41463.167,1481.59,1466.59,15
41463.187,1465.91,1450.91,15
41463.208,1450.46,1435.46,15
41463.229,1435.68,1420.68,15
41463.25,1412.34,1397.34,15
41463.271,1396.56,1381.56,15
41463.292,1405.64,1390.64,15
41463.312,1423.07,1408.07,15
41463.333,1438.11,1423.11,15
41463.354,1451.39,1436.39,15
41463.375,1487.24,1472.24,15
41463.396,1529.1,1500,29.1
41463.417,1545.79,1500,45.79
41463.437,1550.16,1500,50.16
41463.458,1551.48,1500,51.48
41463.479,1553.81,1500,53.81
41463.5,1544.75,1500,44.75
41463.521,1530.16,1500,30.16
41463.542,1526.57,1500,26.57
41463.562,1528.56,1500,28.56
41463.583,1531.34,1500,31.34
41463.604,1533.23,1500,33.23
41463.625,1541.05,1500,41.05
41463.646,1547.59,1500,47.59
41463.667,1539.7,1500,39.7
41463.687,1523.79,1500,23.79
41463.708,1507.96,1492.96,15
41463.729,1494.03,1479.03,15
41463.75,1465.34,1450.34,15
41463.771,1437.03,1422.03,15
41463.792,1430.15,1415.15,15
41463.812,1429.21,1414.21,15
41463.833,1427.34,1412.34,15
41463.854,1424.44,1409.44,15
41463.875,1443.34,1428.34,15
41463.896,1475.99,1460.99,15
41463.917,1497.47,1482.47,15
41463.937,1513.46,1498.46,15
41463.958,1526.67,1500,26.67
41463.979,1539.72,1500,39.72
41464,1545.29,1500,45.29
41464.021,1543.32,1500,43.32
41464.042,1541.25,1500,41.25
41464.062,1539.6,1500,39.6
41464.083,1539.23,1500,39.23
41464.104,1539.29,1500,39.29
