"Zufluss",1190,"Kronenhof - Kraftwerk"
589,6
1
1
1
1
1
1
1
1
1
1
1
1
1
1
1
1
1
1
1
1
1
1
1
1
1
1
1
1
1
1
1
1
1
1
1
1
1
1
1
1
1
1
1
1
1
1
1
1
1
1
1
10.28394
206.92773
271.53796
304.58716
288.31396
391.96716
437.43665
552.45093
480.40808
487.14502
530.75464
480.40808
360.80371
386.26221
176.33716
132.64758
80.06702
4.3551
1
148.71423
31.3512
1
47.77661
1
1
35.92224
1
1
26.92261
188.83337
148.21777
40.49329
61.84534
77.06128
60.63586
45.06421
1
1
76.9718
25.06396
31.14868
1
62.73157
14.98657
29.01843
1
1
1
1
1
1
1
1
1
1
1
1
1
63.34827
1
125.91162
124.29248
131.24878
114.30896
133.34705
107.72986
63.53772
72.49023
60.63586
20.37622
151.25684
1
1
1
1
1
1
1
1
1
1
1
1
1
1
1
1
1
1
1
1
1
1
1
1
1
1
1
1
1
1
1
1
111.04089
296.16821
490.69983
800.33936
922.71021
1148.03101
1231.87744
1182.49072
1227.46118
1462.37817
1490.75928
1340.46021
1155.59961
1032.05542
939.50464
792.78809
736.46533
676.0144
651.9248
605.06152
542.15906
563.74438
482.57983
500.96509
430.9552
463.07397
429.51257
374.80957
460.76843
434.776
422.56445
466.03809
458.54065
357.16199
314.09583
295.57532
216.26624
184.69666
95.35693
99.4812
106.41687
7.4133300000001
119.68909
152.2699
219.30347
288.31677
467.00024
630.75757
577.67969
600.04688
487.27808
500.9917
366.85669
395.96497
402.12537
353.15271
390.06555
384.3606
366.85669
366.85669
359.00244
335.43958
319.73108
322.54871
393.9115
370.05286
362.06238
349.14355
403.46252
574.74316
579.573
493.84241
574.74316
574.74316
529.59998
473.87036
476.34802
480.43457
452.91589
490.69983
517.69482
595.03223
470.11621
559.09937
610.28394
569.33618
539.43311
564.59863
573.03442
549.26611
610.28394
789.96021
724.94067
693.01123
741.09448
677.19141
640.99463
723.61865
682.80884
704.34253
630.75757
600.06982
543.77234
506.05334
554.4541
543.77234
543.77234
620.10547
721.33936
1044.75439
1044.20239
1040.30518
996.65405
1136.55273
1185.42383
1103.07715
1012.01758
943.47632
929.09912
900.60938
864.03613
912.9502
897.7666
888.2168
888.47925
866.51172
817.46777
922.80957
1037.15332
1078.13989
1074.7251
1074.7251
1220.25049
1263.64185
1128.48608
1137.25122
1104.4978
1091.79858
1040.95386
1069.79346
1115.67993
1120.61157
1343.09619
1777.427
1964.74341
1881.22363
1705.32983
1511.91797
1416.24878
1381.15674
1327.76978
1316.35522
1324.20923
1380.59106
1425.02271
1324.20923
1267.66626
1305.1748
1216.14917
1227.84961
1166.46021
1174.35718
1114.16284
1144.02954
1103.07715
1076.81592
1067.91748
1051.99658
1020.13306
1040.95386
961.03833
979.78955
924.1626
983.59668
1126.66895
1235.31299
1290.89014
1318.48096
1163.16846
1170.94287
1097.9458
1090.8606
1028.24829
1091.79858
1009.09668
976.11084
895.02637
898.23535
897.76611
867.03247
768.9751
784.00439
741.05054
682.80884
620.4978
793.40918
731.78345
710.00806
705.27783
757.25708
640.99463
567.23486
483.67688
539.43311
564.59863
497.41699
497.41699
493.84241
390.06555
477.13916
395.96497
415.37048
380.0592
376.55945
368.45471
302.83667
299.5957
295.57532
191.04016
171.26501
77.71033
280.87512
114.57092
63.34827
60.57959
106.24512
44.77087
40.49329
24.32886
1
1
1
1
1
1
1
1
1
1
1
1
140.82874
54.2063
76.24792
362.06238
284.68335
506.05334
651.71704
539.43311
519.76697
577.67969
636.04956
604.57666
662.53125
741.09448
673.0918
584.40308
543.77234
497.41699
460.76843
444.47888
420.05566
384.3606
343.27161
323.36743
215.35107
230.6897
261.99963
141.09595
173.99048
97.63855
36.5481
36.53894
153.28296
91.18958
47.77661
36.53894
69.54077
1
46.15515
50.96326
1
1
1
65.3877
22.1145
1
1
49.69751
1
4.3551
1
1
1
1
1
1
58.77722
40.49329
1
64.32349
20.13733
42.82617
35.92224
1
1
20.10254
1
1
1
1
1
1
1
1
1
1
1
1
1
1
1
1
1
1
1
1
1
1
1
1
1
1
1
1
1
1
1
1
99.53357
140.81348
357.99817
267.85034
178.68701
169.42603
168.55322
114.43506
1
1
125.37952
9.45874
1
1
1
1
1
1
1
1
1
1
1
1
1
1
1
1
1
1
1
1
1
1
1
1
1
1
1
1
1
1
1
1
1
1
1
1
1
1
1
1
1
1
1
1
1
1
1
1
1
1
1
1
1
1
1
1
1
1
1
1
1
1
1
1
1
1
1
1
1
1
1
1
1
1
1
1
1
1
1
1
1
1
1
1
