"IAB","ITYPE","WIDTH","HEIT","ZTR","ZTL","XL","ZO","RNI","DZERO","HZERO","QZERO","ZS","CKS","HR0","HR1","RNV1","HR2","RNV2","HR3","RNV3","HR4","RNV4","HR5","RNV5","HR6","RNV6","HR7","RNV7","SF","X","Y","ID","ZSHIFT"                                                                                     
1223,4,0.00,17.52,0.00,0.00,2369.0,115.36,0.0286,9.175,124.535,1500.000,16.58,0.000,0.000,0.000,0.0000,0.000,0.0000,0.000,0.0000,0.000,0.0000,0.000,0.0000,0.000,0.0000,0.000,0.0000,0.00131186,3420147.43,5394754.61,21384,0.00
1222,4,0.00,14.00,0.00,0.00,2300.0,117.72,0.0286,7.320,125.040,1500.000,13.85,0.000,0.000,0.000,0.0000,0.000,0.0000,0.000,0.0000,0.000,0.0000,0.000,0.0000,0.000,0.0000,0.000,0.0000,0.00016385,3420191.13,5394808.00,21384,0.00
1221,4,0.00,20.88,0.00,0.00,2200.0,110.77,0.0286,14.342,125.112,1500.003,19.44,0.000,0.000,0.000,0.0000,0.000,0.0000,0.000,0.0000,0.000,0.0000,0.000,0.0000,0.000,0.0000,0.000,0.0000,0.00002487,3420254.48,5394885.38,21384,0.00
1220,4,0.00,14.91,0.00,0.00,2098.0,116.61,0.0286,8.484,125.094,1500.005,13.72,0.000,0.000,0.000,0.0000,0.000,0.0000,0.000,0.0000,0.000,0.0000,0.000,0.0000,0.000,0.0000,0.000,0.0000,0.00005767,3420319.09,5394964.31,21384,0.00
1219,4,0.00,13.44,0.00,0.00,1997.0,118.07,0.0286,7.003,125.073,1500.009,12.14,0.000,0.000,0.000,0.0000,0.000,0.0000,0.000,0.0000,0.000,0.0000,0.000,0.0000,0.000,0.0000,0.000,0.0000,0.00009462,3420383.55,5395042.07,21384,0.00
1218,4,0.00,13.57,0.00,0.00,1897.0,117.96,0.0286,7.107,125.067,1500.012,12.32,0.000,0.000,0.000,0.0000,0.000,0.0000,0.000,0.0000,0.000,0.0000,0.000,0.0000,0.000,0.0000,0.000,0.0000,0.00008635,3420447.58,5395118.88,21384,0.00
1217,4,0.00,14.17,0.00,0.00,1796.0,117.06,0.0286,8.008,125.068,1500.015,13.19,0.000,0.000,0.000,0.0000,0.000,0.0000,0.000,0.0000,0.000,0.0000,0.000,0.0000,0.000,0.0000,0.000,0.0000,0.00006097,3420511.60,5395196.99,21384,0.00
1216,4,0.00,13.91,0.00,0.00,1696.0,117.28,0.0286,7.782,125.062,1500.017,13.06,0.000,0.000,0.000,0.0000,0.000,0.0000,0.000,0.0000,0.000,0.0000,0.000,0.0000,0.000,0.0000,0.000,0.0000,0.00006266,3420574.73,5395274.55,21384,0.00
1215,4,0.00,13.80,0.00,0.00,1595.0,117.22,0.0286,7.843,125.063,1500.021,13.08,0.000,0.000,0.000,0.0000,0.000,0.0000,0.000,0.0000,0.000,0.0000,0.000,0.0000,0.000,0.0000,0.000,0.0000,0.00005598,3420638.49,5395352.87,21384,0.00
1214,4,0.00,14.86,0.00,0.00,1485.0,116.29,0.0286,8.775,125.065,1500.025,13.98,0.000,0.000,0.000,0.0000,0.000,0.0000,0.000,0.0000,0.000,0.0000,0.000,0.0000,0.000,0.0000,0.000,0.0000,0.00003645,3420675.76,5395455.40,21384,0.00
1213,4,0.00,14.38,0.00,0.00,1374.0,116.47,0.0286,8.590,125.060,1500.028,13.80,0.000,0.000,0.000,0.0000,0.000,0.0000,0.000,0.0000,0.000,0.0000,0.000,0.0000,0.000,0.0000,0.000,0.0000,0.00003832,3420708.51,5395561.46,21384,0.00
1212,4,0.00,13.47,0.00,0.00,1268.0,116.96,0.0286,8.090,125.050,1500.032,13.28,0.000,0.000,0.000,0.0000,0.000,0.0000,0.000,0.0000,0.000,0.0000,0.000,0.0000,0.000,0.0000,0.000,0.0000,0.00004786,3420748.57,5395658.86,21384,0.00
1211,4,0.00,17.21,0.00,0.00,1171.0,116.74,0.0286,8.296,125.036,1500.035,13.37,0.000,0.000,0.000,0.0000,0.000,0.0000,0.000,0.0000,0.000,0.0000,0.000,0.0000,0.000,0.0000,0.000,0.0000,0.00006091,3420797.92,5395742.37,21384,0.00
1210,4,0.00,19.17,0.00,0.00,1068.0,117.56,0.0286,7.450,125.010,1500.038,12.40,0.000,0.000,0.000,0.0000,0.000,0.0000,0.000,0.0000,0.000,0.0000,0.000,0.0000,0.000,0.0000,0.000,0.0000,0.00009375,3420850.32,5395831.04,21384,0.00
1209,4,0.00,18.96,0.00,0.00,958.0,117.63,0.0286,7.358,124.988,1500.041,12.50,0.000,0.000,0.000,0.0000,0.000,0.0000,0.000,0.0000,0.000,0.0000,0.000,0.0000,0.000,0.0000,0.000,0.0000,0.00010691,3420911.29,5395921.83,21384,0.00
1208,4,0.00,18.43,0.00,0.00,856.0,117.12,0.0286,7.834,124.954,1500.043,13.03,0.000,0.000,0.000,0.0000,0.000,0.0000,0.000,0.0000,0.000,0.0000,0.000,0.0000,0.000,0.0000,0.000,0.0000,0.00014605,3420983.92,5395993.45,21384,0.00
1207,4,0.00,17.48,0.00,0.00,754.0,117.71,0.0286,7.214,124.924,1500.045,12.41,0.000,0.000,0.000,0.0000,0.000,0.0000,0.000,0.0000,0.000,0.0000,0.000,0.0000,0.000,0.0000,0.000,0.0000,0.00017046,3421056.55,5396065.07,21384,0.00
1206,4,0.00,13.64,0.00,0.00,645.0,116.40,0.0286,8.520,124.920,1500.047,13.54,0.000,0.000,0.000,0.0000,0.000,0.0000,0.000,0.0000,0.000,0.0000,0.000,0.0000,0.000,0.0000,0.000,0.0000,0.00013685,3421134.16,5396141.60,21384,0.00
1205,4,0.00,14.85,0.00,0.00,545.0,116.12,0.0286,8.783,124.903,1500.050,13.73,0.000,0.000,0.000,0.0000,0.000,0.0000,0.000,0.0000,0.000,0.0000,0.000,0.0000,0.000,0.0000,0.000,0.0000,0.00014239,3421209.40,5396207.39,21384,0.00
1204,4,0.00,13.51,0.00,0.00,448.0,117.32,0.0286,7.553,124.873,1500.051,12.46,0.000,0.000,0.000,0.0000,0.000,0.0000,0.000,0.0000,0.000,0.0000,0.000,0.0000,0.000,0.0000,0.000,0.0000,0.00016565,3421283.51,5396269.98,21384,0.00
1203,4,0.00,13.64,0.00,0.00,343.0,116.73,0.0286,8.145,124.875,1500.053,12.84,0.000,0.000,0.000,0.0000,0.000,0.0000,0.000,0.0000,0.000,0.0000,0.000,0.0000,0.000,0.0000,0.000,0.0000,0.00013940,3421363.72,5396337.73,21384,0.00
1202,4,0.00,14.17,0.00,0.00,247.0,116.17,0.0286,8.701,124.871,1500.055,11.30,0.000,0.000,0.000,0.0000,0.000,0.0000,0.000,0.0000,0.000,0.0000,0.000,0.0000,0.000,0.0000,0.000,0.0000,0.00011837,3421440.74,5396394.80,21384,0.00
1201,4,0.00,10.47,0.00,0.00,138.0,116.83,0.0286,8.044,124.874,1500.057,10.37,0.000,0.000,0.000,0.0000,0.000,0.0000,0.000,0.0000,0.000,0.0000,0.000,0.0000,0.000,0.0000,0.000,0.0000,0.00011301,3421534.28,5396450.70,21384,0.00
1190,4,0.00,17.06,0.00,0.00,31096.0,121.11,0.0286,3.818,124.928,39.290,16.90,0.000,125.539,125.914,0.0270,126.664,0.0260,0.000,0.0000,0.000,0.0000,0.000,0.0000,0.000,0.0000,0.000,0.0000,0.00000259,3420368.74,5394657.82,96187,0.00
1189,4,0.00,14.38,0.00,0.00,30995.0,117.72,0.0286,7.208,124.928,39.292,0.24,0.000,125.544,125.919,0.0270,126.669,0.0260,0.000,0.0000,0.000,0.0000,0.000,0.0000,0.000,0.0000,0.000,0.0000,0.00000052,3420368.74,5394657.82,96187,0.00
1188,4,0.00,21.30,0.00,0.00,30895.0,110.79,0.0286,14.138,124.928,39.295,0.03,0.000,125.547,125.922,0.0270,126.672,0.0260,0.000,0.0000,0.000,0.0000,0.000,0.0000,0.000,0.0000,0.000,0.0000,0.00000006,3420432.93,5394734.50,96187,0.00
1187,4,0.00,15.61,0.00,0.00,30795.0,116.58,0.0286,8.348,124.928,39.299,0.24,0.000,125.544,125.919,0.0270,126.669,0.0260,0.000,0.0000,0.000,0.0000,0.000,0.0000,0.000,0.0000,0.000,0.0000,0.00000047,3420497.04,5394811.25,96187,0.00
1186,4,0.00,11.60,0.00,0.00,30694.0,120.50,0.0286,4.428,124.928,39.303,1.16,0.000,125.541,125.916,0.0270,126.666,0.0260,0.000,0.0000,0.000,0.0000,0.000,0.0000,0.000,0.0000,0.000,0.0000,0.00000115,3420561.79,5394888.76,96187,0.00
1185,4,0.00,11.54,0.00,0.00,30594.0,120.23,0.0286,4.698,124.928,39.306,11.28,0.000,125.539,125.914,0.0270,126.664,0.0260,0.000,0.0000,0.000,0.0000,0.000,0.0000,0.000,0.0000,0.000,0.0000,0.00000058,3420625.72,5394965.65,96187,0.00
1184,4,0.00,12.28,0.00,0.00,30493.0,119.25,0.0286,5.677,124.927,39.309,12.04,0.000,125.538,125.913,0.0270,126.663,0.0260,0.000,0.0000,0.000,0.0000,0.000,0.0000,0.000,0.0000,0.000,0.0000,0.00000049,3420690.50,5395043.14,96187,0.00
1183,4,0.00,14.30,0.00,0.00,30393.0,117.17,0.0286,7.757,124.927,39.311,14.03,0.000,125.536,125.911,0.0270,126.661,0.0260,0.000,0.0000,0.000,0.0000,0.000,0.0000,0.000,0.0000,0.000,0.0000,0.00000041,3420754.63,5395119.87,96187,0.00
1182,4,0.00,15.41,0.00,0.00,30293.0,115.88,0.0286,9.047,124.927,39.313,15.21,0.000,125.536,125.911,0.0270,126.661,0.0260,0.000,0.0000,0.000,0.0000,0.000,0.0000,0.000,0.0000,0.000,0.0000,0.00000029,3420818.77,5395196.59,96187,0.00
1181,4,0.00,13.78,0.00,0.00,30193.0,117.47,0.0286,7.457,124.927,39.315,13.65,0.000,125.536,125.911,0.0270,126.661,0.0260,0.000,0.0000,0.000,0.0000,0.000,0.0000,0.000,0.0000,0.000,0.0000,0.00000026,3420882.93,5395273.30,96187,0.00
1180,4,0.00,11.84,0.00,0.00,30093.0,119.15,0.0286,5.777,124.927,39.317,11.70,0.000,125.535,125.910,0.0270,126.660,0.0260,0.000,0.0000,0.000,0.0000,0.000,0.0000,0.000,0.0000,0.000,0.0000,0.00000032,3420947.09,5395350.00,96187,0.00
1179,4,0.00,10.85,0.00,0.00,29992.0,120.20,0.0286,4.727,124.927,39.320,7.60,0.000,125.534,125.909,0.0270,126.659,0.0260,0.000,0.0000,0.000,0.0000,0.000,0.0000,0.000,0.0000,0.000,0.0000,0.00000039,3421011.82,5395427.53,96187,0.00
1178,4,0.00,10.70,0.00,0.00,29896.0,120.14,0.0286,4.787,124.927,39.322,7.48,0.000,125.531,125.906,0.0270,126.656,0.0260,0.000,0.0000,0.000,0.0000,0.000,0.0000,0.000,0.0000,0.000,0.0000,0.00000063,3421073.35,5395501.22,96187,0.00
1177,4,0.00,10.28,0.00,0.00,29796.0,120.39,0.0286,4.537,124.927,39.324,7.05,0.000,125.530,125.905,0.0270,126.655,0.0260,0.000,0.0000,0.000,0.0000,0.000,0.0000,0.000,0.0000,0.000,0.0000,0.00000061,3421137.45,5395577.98,96187,0.00
1176,4,0.00,10.02,0.00,0.00,29696.0,120.59,0.0286,4.337,124.927,39.326,6.48,0.000,125.528,125.903,0.0270,126.653,0.0260,0.000,0.0000,0.000,0.0000,0.000,0.0000,0.000,0.0000,0.000,0.0000,0.00000069,3421201.54,5395654.74,96187,0.00
1175,4,0.00,9.79,0.00,0.00,29595.0,120.73,0.0286,4.197,124.927,39.328,6.27,0.000,125.527,125.902,0.0270,126.652,0.0260,0.000,0.0000,0.000,0.0000,0.000,0.0000,0.000,0.0000,0.000,0.0000,0.00000065,3421266.27,5395732.27,96187,0.00
1174,4,0.00,10.05,0.00,0.00,29494.0,120.30,0.0286,4.627,124.927,39.331,6.56,0.000,125.525,125.900,0.0270,126.650,0.0260,0.000,0.0000,0.000,0.0000,0.000,0.0000,0.000,0.0000,0.000,0.0000,0.00000074,3421331.00,5395809.79,96187,0.00
1173,4,0.00,9.81,0.00,0.00,29393.0,120.44,0.0286,4.487,124.927,39.333,6.71,0.000,125.523,125.898,0.0270,126.648,0.0260,0.000,0.0000,0.000,0.0000,0.000,0.0000,0.000,0.0000,0.000,0.0000,0.00000075,3421395.95,5395887.15,96187,0.00
1172,4,0.00,9.92,0.00,0.00,29290.0,120.35,0.0286,4.577,124.927,39.336,6.89,0.000,125.522,125.897,0.0270,126.647,0.0260,0.000,0.0000,0.000,0.0000,0.000,0.0000,0.000,0.0000,0.000,0.0000,0.00000065,3421462.47,5395965.78,96187,0.00
1171,4,0.00,9.90,0.00,0.00,29192.0,120.33,0.0286,4.597,124.927,39.338,6.83,0.000,125.520,125.895,0.0270,126.645,0.0260,0.000,0.0000,0.000,0.0000,0.000,0.0000,0.000,0.0000,0.000,0.0000,0.00000056,3421525.77,5396040.60,96187,0.00
1170,4,0.00,9.66,0.00,0.00,29092.0,120.48,0.0286,4.447,124.927,39.340,6.81,0.000,125.519,125.894,0.0270,126.644,0.0260,0.000,0.0000,0.000,0.0000,0.000,0.0000,0.000,0.0000,0.000,0.0000,0.00000060,3421590.36,5396116.94,96187,0.00
1169,4,0.00,9.72,0.00,0.00,28992.0,120.22,0.0286,4.707,124.927,39.343,6.80,0.000,125.518,125.893,0.0270,126.643,0.0260,0.000,0.0000,0.000,0.0000,0.000,0.0000,0.000,0.0000,0.000,0.0000,0.00000053,3421654.95,5396193.29,96187,0.00
1168,4,0.00,9.99,0.00,0.00,28892.0,119.98,0.0286,4.947,124.927,39.345,7.18,0.000,125.516,125.891,0.0270,126.641,0.0260,0.000,0.0000,0.000,0.0000,0.000,0.0000,0.000,0.0000,0.000,0.0000,0.00000059,3421719.45,5396269.70,96187,0.00
1167,4,0.00,13.17,0.00,0.00,28776.0,116.71,0.0286,8.217,124.927,39.349,12.66,0.000,125.518,125.893,0.0270,126.643,0.0260,0.000,0.0000,0.000,0.0000,0.000,0.0000,0.000,0.0000,0.000,0.0000,0.00000003,3421793.69,5396358.83,96187,0.00
1166,4,0.00,13.62,0.00,0.00,28677.0,116.28,0.0286,8.604,124.884,1539.405,12.97,0.000,125.471,125.846,0.0270,126.596,0.0260,0.000,0.0000,0.000,0.0000,0.000,0.0000,0.000,0.0000,0.000,0.0000,0.00008521,3421857.11,5396434.85,96187,0.00
1165,4,0.00,12.16,0.00,0.00,28577.0,117.67,0.0286,7.191,124.861,1539.410,11.55,0.000,125.446,125.821,0.0270,126.571,0.0260,0.000,0.0000,0.000,0.0000,0.000,0.0000,0.000,0.0000,0.000,0.0000,0.00012342,3421921.18,5396511.63,96187,0.00
1164,4,0.00,12.37,0.00,0.00,28479.0,117.28,0.0286,7.564,124.844,1539.413,11.99,0.000,125.427,125.802,0.0270,126.552,0.0260,0.000,0.0000,0.000,0.0000,0.000,0.0000,0.000,0.0000,0.000,0.0000,0.00012372,3421983.96,5396586.88,96187,0.00
1163,4,0.00,11.43,0.00,0.00,28383.0,118.18,0.0286,6.647,124.827,1539.416,11.03,0.000,125.407,125.782,0.0270,126.532,0.0260,0.000,0.0000,0.000,0.0000,0.000,0.0000,0.000,0.0000,0.000,0.0000,0.00012985,3422045.42,5396660.63,96187,0.00
1162,4,0.00,11.65,0.00,0.00,28287.0,117.97,0.0286,6.839,124.809,1539.419,11.19,0.000,125.387,125.762,0.0270,126.512,0.0260,0.000,0.0000,0.000,0.0000,0.000,0.0000,0.000,0.0000,0.000,0.0000,0.00013053,3422106.85,5396734.40,96187,0.00
1161,4,0.00,11.08,0.00,0.00,28193.0,118.38,0.0286,6.411,124.791,1539.421,10.67,0.000,125.367,125.742,0.0270,126.492,0.0260,0.000,0.0000,0.000,0.0000,0.000,0.0000,0.000,0.0000,0.000,0.0000,0.00012975,3422167.01,5396806.63,96187,0.00
1160,4,0.00,11.45,0.00,0.00,28095.0,117.93,0.0286,6.847,124.777,1539.423,11.21,0.000,125.350,125.725,0.0270,126.475,0.0260,0.000,0.0000,0.000,0.0000,0.000,0.0000,0.000,0.0000,0.000,0.0000,0.00013065,3422229.73,5396881.93,96187,0.00
1159,4,0.00,12.20,0.00,0.00,27995.0,117.19,0.0286,7.583,124.773,1539.425,11.90,0.000,125.346,125.721,0.0270,126.471,0.0260,0.000,0.0000,0.000,0.0000,0.000,0.0000,0.000,0.0000,0.000,0.0000,0.00010761,3422293.73,5396958.77,96187,0.00
1158,4,0.00,11.59,0.00,0.00,27895.0,117.70,0.0286,7.057,124.757,1539.428,11.39,0.000,125.329,125.704,0.0270,126.454,0.0260,0.000,0.0000,0.000,0.0000,0.000,0.0000,0.000,0.0000,0.000,0.0000,0.00011968,3422358.41,5397035.03,96187,0.00
1157,4,0.00,10.94,0.00,0.00,27796.0,118.13,0.0286,6.630,124.760,1539.430,10.87,0.000,125.333,125.708,0.0270,126.458,0.0260,0.000,0.0000,0.000,0.0000,0.000,0.0000,0.000,0.0000,0.000,0.0000,0.00010479,3422422.45,5397110.53,96187,0.00
1156,4,0.00,11.08,0.00,0.00,27696.0,118.08,0.0286,6.651,124.731,1539.433,10.97,0.000,125.300,125.675,0.0270,126.425,0.0260,0.000,0.0000,0.000,0.0000,0.000,0.0000,0.000,0.0000,0.000,0.0000,0.00013329,3422487.13,5397186.80,96187,0.00
1155,4,0.00,11.07,0.00,0.00,27595.0,118.00,0.0286,6.719,124.719,1539.435,10.95,0.000,125.286,125.661,0.0270,126.411,0.0260,0.000,0.0000,0.000,0.0000,0.000,0.0000,0.000,0.0000,0.000,0.0000,0.00012719,3422552.45,5397263.83,96187,0.00
1154,4,0.00,10.91,0.00,0.00,27495.0,118.19,0.0286,6.514,124.704,1539.437,10.73,0.000,125.269,125.644,0.0270,126.394,0.0260,0.000,0.0000,0.000,0.0000,0.000,0.0000,0.000,0.0000,0.000,0.0000,0.00013295,3422617.11,5397340.11,96187,0.00
1153,4,0.00,10.66,0.00,0.00,27394.0,118.43,0.0286,6.257,124.687,1539.439,10.50,0.000,125.250,125.625,0.0270,126.375,0.0260,0.000,0.0000,0.000,0.0000,0.000,0.0000,0.000,0.0000,0.000,0.0000,0.00014306,3422682.43,5397417.15,96187,0.00
1152,4,0.00,10.49,0.00,0.00,27294.0,118.52,0.0286,6.153,124.673,1539.441,10.39,0.000,125.235,125.610,0.0270,126.360,0.0260,0.000,0.0000,0.000,0.0000,0.000,0.0000,0.000,0.0000,0.000,0.0000,0.00014146,3422747.09,5397493.43,96187,0.00
1151,4,0.00,10.86,0.00,0.00,27194.0,118.08,0.0286,6.582,124.662,1539.443,10.82,0.000,125.223,125.598,0.0270,126.348,0.0260,0.000,0.0000,0.000,0.0000,0.000,0.0000,0.000,0.0000,0.000,0.0000,0.00013237,3422811.76,5397569.70,96187,0.00
1150,4,0.00,10.61,0.00,0.00,27093.0,118.51,0.0286,6.132,124.642,1539.445,10.36,0.000,125.201,125.576,0.0270,126.326,0.0260,0.000,0.0000,0.000,0.0000,0.000,0.0000,0.000,0.0000,0.000,0.0000,0.00015027,3422877.08,5397646.74,96187,0.00
1149,4,0.00,10.56,0.00,0.00,26993.0,118.43,0.0286,6.202,124.632,1539.448,10.47,0.000,125.189,125.564,0.0270,126.314,0.0260,0.000,0.0000,0.000,0.0000,0.000,0.0000,0.000,0.0000,0.000,0.0000,0.00013740,3422941.75,5397723.02,96187,0.00
1148,4,0.00,10.49,0.00,0.00,26893.0,118.46,0.0286,6.155,124.615,1539.449,10.42,0.000,125.171,125.546,0.0270,126.296,0.0260,0.000,0.0000,0.000,0.0000,0.000,0.0000,0.000,0.0000,0.000,0.0000,0.00014490,3423006.41,5397799.29,96187,0.00
1147,4,0.00,10.39,0.00,0.00,26791.0,118.61,0.0286,5.997,124.607,1539.451,10.21,0.000,125.161,125.536,0.0270,126.286,0.0260,0.000,0.0000,0.000,0.0000,0.000,0.0000,0.000,0.0000,0.000,0.0000,0.00012937,3423072.38,5397877.10,96187,0.00
1146,4,0.00,10.20,0.00,0.00,26693.0,118.70,0.0286,5.892,124.592,1539.453,10.10,0.000,125.145,125.520,0.0270,126.270,0.0260,0.000,0.0000,0.000,0.0000,0.000,0.0000,0.000,0.0000,0.000,0.0000,0.00013470,3423135.76,5397951.84,96187,0.00
1145,4,0.00,9.92,0.00,0.00,26594.0,118.82,0.0286,5.758,124.578,1539.456,6.58,0.000,125.129,125.504,0.0270,126.254,0.0260,0.000,0.0000,0.000,0.0000,0.000,0.0000,0.000,0.0000,0.000,0.0000,0.00013977,3423199.79,5398027.34,96187,0.00
1144,4,0.00,9.78,0.00,0.00,26488.0,119.12,0.0286,5.441,124.561,1539.458,9.57,0.000,125.110,125.485,0.0270,126.235,0.0260,0.000,0.0000,0.000,0.0000,0.000,0.0000,0.000,0.0000,0.000,0.0000,0.00015283,3423267.81,5398108.64,96187,0.00
1143,4,0.00,9.95,0.00,0.00,26393.0,118.85,0.0286,5.691,124.541,1539.460,9.76,0.000,125.087,125.462,0.0270,126.212,0.0260,0.000,0.0000,0.000,0.0000,0.000,0.0000,0.000,0.0000,0.000,0.0000,0.00015805,3423328.65,5398181.60,96187,0.00
1142,4,0.00,10.47,0.00,0.00,26293.0,118.21,0.0286,6.318,124.528,1539.462,10.39,0.000,125.073,125.448,0.0270,126.198,0.0260,0.000,0.0000,0.000,0.0000,0.000,0.0000,0.000,0.0000,0.000,0.0000,0.00015149,3423392.69,5398258.40,96187,0.00
1141,4,0.00,10.50,0.00,0.00,26193.0,118.08,0.0286,6.435,124.515,1539.464,10.41,0.000,125.058,125.433,0.0270,126.183,0.0260,0.000,0.0000,0.000,0.0000,0.000,0.0000,0.000,0.0000,0.000,0.0000,0.00014651,3423456.73,5398335.21,96187,0.00
1140,4,0.00,10.18,0.00,0.00,26096.0,118.36,0.0286,6.139,124.499,1539.466,10.09,0.000,125.040,125.415,0.0270,126.165,0.0260,0.000,0.0000,0.000,0.0000,0.000,0.0000,0.000,0.0000,0.000,0.0000,0.00015147,3423518.98,5398409.60,96187,0.00
1139,4,0.00,10.10,0.00,0.00,26000.0,118.46,0.0286,6.026,124.486,1539.469,10.00,0.000,125.026,125.401,0.0270,126.151,0.0260,0.000,0.0000,0.000,0.0000,0.000,0.0000,0.000,0.0000,0.000,0.0000,0.00014559,3423581.09,5398482.80,96187,0.00
1138,4,0.00,9.82,0.00,0.00,25903.0,118.65,0.0286,5.821,124.471,1539.471,9.73,0.000,125.009,125.384,0.0270,126.134,0.0260,0.000,0.0000,0.000,0.0000,0.000,0.0000,0.000,0.0000,0.000,0.0000,0.00014843,3423643.87,5398556.74,96187,0.00
1137,4,0.00,9.63,0.00,0.00,25806.0,118.78,0.0286,5.674,124.454,1539.472,9.60,0.000,124.990,125.365,0.0270,126.115,0.0260,0.000,0.0000,0.000,0.0000,0.000,0.0000,0.000,0.0000,0.000,0.0000,0.00015621,3423706.65,5398630.68,96187,0.00
1136,4,0.00,9.86,0.00,0.00,25710.0,118.61,0.0286,5.827,124.437,1539.474,9.75,0.000,124.971,125.346,0.0270,126.096,0.0260,0.000,0.0000,0.000,0.0000,0.000,0.0000,0.000,0.0000,0.000,0.0000,0.00016275,3423768.34,5398704.24,96187,0.00
1135,4,0.00,9.42,0.00,0.00,25613.0,118.98,0.0286,5.438,124.418,1539.476,9.36,0.000,124.949,125.324,0.0270,126.074,0.0260,0.000,0.0000,0.000,0.0000,0.000,0.0000,0.000,0.0000,0.000,0.0000,0.00017186,3423827.99,5398780.70,96187,0.00
1134,4,0.00,9.68,0.00,0.00,25520.0,118.65,0.0286,5.750,124.400,1539.478,6.96,0.000,124.928,125.303,0.0270,126.053,0.0260,0.000,0.0000,0.000,0.0000,0.000,0.0000,0.000,0.0000,0.000,0.0000,0.00017785,3423879.54,5398858.05,96187,0.00
1133,4,100.00,11.36,2.86,2.86,25420.0,116.97,0.0286,7.428,124.398,1539.479,11.28,0.000,124.926,125.301,0.0270,126.051,0.0260,0.000,0.0000,0.000,0.0000,0.000,0.0000,0.000,0.0000,0.000,0.0000,0.00013750,3423928.91,5398944.97,96187,0.00
1132,4,100.00,11.61,2.86,2.86,25320.0,116.71,0.0286,7.673,124.383,1539.481,11.48,0.000,124.909,125.284,0.0270,126.034,0.0260,0.000,0.0000,0.000,0.0000,0.000,0.0000,0.000,0.0000,0.000,0.0000,0.00013654,3423971.15,5399035.50,96187,0.00
1131,4,100.00,11.96,2.86,2.86,25220.0,116.30,0.0294,8.070,124.370,1539.483,11.82,0.000,124.000,124.500,0.0270,126.020,0.0260,0.000,0.0000,0.000,0.0000,0.000,0.0000,0.000,0.0000,0.000,0.0000,0.00012643,3424009.57,5399127.82,96187,0.00
5130,5,100.00,11.81,2.86,2.86,25170.0,116.51,0.0294,7.854,124.364,1539.484,11.43,0.000,124.000,124.500,0.0270,126.014,0.0260,0.000,0.0000,0.000,0.0000,0.000,0.0000,0.000,0.0000,0.000,0.0000,0.00012671,3424027.89,5399174.34,96187,0.00
1130,4,100.00,11.65,2.86,2.86,25120.0,116.72,0.0294,7.638,124.358,1539.484,11.43,0.000,124.000,124.500,0.0270,126.007,0.0260,0.000,0.0000,0.000,0.0000,0.000,0.0000,0.000,0.0000,0.000,0.0000,0.00012711,3424045.68,5399221.04,96187,0.00
1129,4,100.00,12.44,2.86,2.86,25020.0,115.69,0.0294,8.656,124.346,1539.486,12.34,0.000,124.000,124.500,0.0270,125.994,0.0260,0.000,0.0000,0.000,0.0000,0.000,0.0000,0.000,0.0000,0.000,0.0000,0.00012757,3424075.59,5399316.46,96187,0.00
1128,4,100.00,11.48,2.86,2.86,24920.0,116.73,0.0294,7.605,124.335,1539.488,11.31,0.000,124.000,124.500,0.0270,125.982,0.0260,0.000,0.0000,0.000,0.0000,0.000,0.0000,0.000,0.0000,0.000,0.0000,0.00012306,3424097.97,5399413.92,96187,0.00
1127,4,100.00,14.65,2.86,2.86,24820.0,113.55,0.0294,10.787,124.337,1539.491,14.44,0.000,124.000,124.500,0.0270,125.986,0.0260,0.000,0.0000,0.000,0.0000,0.000,0.0000,0.000,0.0000,0.000,0.0000,0.00008866,3424117.36,5399512.00,96187,0.00
1126,4,100.00,11.25,2.86,2.86,24720.0,116.87,0.0294,7.448,124.318,1539.493,11.11,0.000,124.000,124.500,0.0270,125.964,0.0260,0.000,0.0000,0.000,0.0000,0.000,0.0000,0.000,0.0000,0.000,0.0000,0.00011236,3424129.26,5399611.23,96187,0.00
1125,4,100.00,12.27,2.86,2.86,24620.0,115.88,0.0294,8.429,124.309,1539.495,12.16,0.000,124.000,124.500,0.0270,125.954,0.0260,0.000,0.0000,0.000,0.0000,0.000,0.0000,0.000,0.0000,0.000,0.0000,0.00010773,3424132.83,5399711.15,96187,0.00
1124,4,100.00,10.98,2.86,2.86,24520.0,117.16,0.0294,7.138,124.298,1539.497,10.80,0.000,124.000,124.500,0.0270,125.942,0.0260,0.000,0.0000,0.000,0.0000,0.000,0.0000,0.000,0.0000,0.000,0.0000,0.00011083,3424133.42,5399811.14,96187,0.00
1123,4,100.00,10.38,2.86,2.86,24420.0,117.65,0.0294,6.621,124.271,1539.499,10.24,0.000,124.000,124.500,0.0270,125.912,0.0260,0.000,0.0000,0.000,0.0000,0.000,0.0000,0.000,0.0000,0.000,0.0000,0.00014974,3424131.20,5399911.11,96187,0.00
1122,4,100.00,11.43,2.86,2.86,24320.0,116.53,0.0294,7.739,124.269,1539.500,11.39,0.000,124.000,124.500,0.0270,125.911,0.0260,0.000,0.0000,0.000,0.0000,0.000,0.0000,0.000,0.0000,0.000,0.0000,0.00011591,3424129.21,5400011.09,96187,0.00
1121,4,100.00,12.29,2.86,2.86,24220.0,115.64,0.0294,8.626,124.266,1539.502,12.23,0.000,124.000,124.500,0.0270,125.908,0.0260,0.000,0.0000,0.000,0.0000,0.000,0.0000,0.000,0.0000,0.000,0.0000,0.00009503,3424128.01,5400111.08,96187,0.00
1120,4,100.00,11.98,2.86,2.86,24120.0,115.84,0.0294,8.412,124.252,1539.504,11.92,0.000,124.000,124.500,0.0270,125.892,0.0260,0.000,0.0000,0.000,0.0000,0.000,0.0000,0.000,0.0000,0.000,0.0000,0.00010725,3424126.80,5400211.08,96187,0.00
1119,4,100.00,9.93,2.86,2.86,24020.0,118.00,0.0294,6.236,124.236,1539.506,9.78,0.000,124.000,124.500,0.0270,125.874,0.0260,0.000,0.0000,0.000,0.0000,0.000,0.0000,0.000,0.0000,0.000,0.0000,0.00012169,3424124.53,5400311.04,96187,0.00
1118,4,100.00,10.10,2.86,2.86,23920.0,117.69,0.0294,6.537,124.227,1539.508,9.95,0.000,124.000,124.500,0.0270,125.864,0.0260,0.000,0.0000,0.000,0.0000,0.000,0.0000,0.000,0.0000,0.000,0.0000,0.00011590,3424120.20,5400410.95,96187,0.00
5117,5,100.00,10.18,2.86,2.86,23875.0,117.60,0.0294,6.614,124.219,1539.509,10.08,0.000,124.000,124.500,0.0270,125.855,0.0260,0.000,0.0000,0.000,0.0000,0.000,0.0000,0.000,0.0000,0.000,0.0000,0.00012269,3424118.26,5400455.90,96187,0.00
1117,4,100.00,10.28,2.86,2.86,23820.0,117.50,0.0294,6.709,124.209,1539.510,10.23,0.000,124.000,124.500,0.0270,125.843,0.0260,0.000,0.0000,0.000,0.0000,0.000,0.0000,0.000,0.0000,0.000,0.0000,0.00013146,3424115.88,5400510.85,96187,0.00
1116,4,100.00,10.26,2.86,2.86,23720.0,117.39,0.0294,6.807,124.197,1539.511,10.12,0.000,124.000,124.500,0.0270,125.830,0.0260,0.000,0.0000,0.000,0.0000,0.000,0.0000,0.000,0.0000,0.000,0.0000,0.00012728,3424111.55,5400610.76,96187,0.00
1115,4,100.00,11.74,2.86,2.86,23620.0,115.97,0.0294,8.224,124.194,1539.513,11.65,0.000,124.000,124.500,0.0270,125.827,0.0260,0.000,0.0000,0.000,0.0000,0.000,0.0000,0.000,0.0000,0.000,0.0000,0.00010461,3424107.23,5400710.67,96187,0.00
1114,4,100.00,10.52,2.86,2.86,23520.0,117.10,0.0294,7.074,124.174,1539.514,10.48,0.000,124.000,124.500,0.0270,125.804,0.0260,0.000,0.0000,0.000,0.0000,0.000,0.0000,0.000,0.0000,0.000,0.0000,0.00013000,3424102.91,5400810.57,96187,0.00
1113,4,100.00,10.04,2.86,2.86,23420.0,117.45,0.0294,6.714,124.164,1539.516,9.99,0.000,124.000,124.500,0.0270,125.793,0.0260,0.000,0.0000,0.000,0.0000,0.000,0.0000,0.000,0.0000,0.000,0.0000,0.00012147,3424098.58,5400910.48,96187,0.00
1112,4,100.00,10.05,2.86,2.86,23320.0,117.40,0.0294,6.750,124.150,1539.518,9.96,0.000,124.000,124.500,0.0270,125.778,0.0260,0.000,0.0000,0.000,0.0000,0.000,0.0000,0.000,0.0000,0.000,0.0000,0.00012707,3424094.52,5401010.39,96187,0.00
1111,4,100.00,9.46,2.86,2.86,23220.0,118.08,0.0294,6.054,124.134,1539.519,9.40,0.000,124.000,124.500,0.0270,125.760,0.0260,0.000,0.0000,0.000,0.0000,0.000,0.0000,0.000,0.0000,0.000,0.0000,0.00013426,3424092.46,5401110.37,96187,0.00
1110,4,100.00,10.01,2.86,2.86,23120.0,117.35,0.0294,6.779,124.129,1539.520,9.87,0.000,124.000,124.500,0.0270,125.755,0.0260,0.000,0.0000,0.000,0.0000,0.000,0.0000,0.000,0.0000,0.000,0.0000,0.00011428,3424092.68,5401210.34,96187,0.00
1109,4,100.00,9.94,2.86,2.86,23020.0,117.54,0.0294,6.572,124.112,1539.522,9.80,0.000,124.000,124.500,0.0270,125.735,0.0260,0.000,0.0000,0.000,0.0000,0.000,0.0000,0.000,0.0000,0.000,0.0000,0.00013220,3424096.17,5401310.27,96187,0.00
1108,4,100.00,9.94,2.86,2.86,22920.0,117.54,0.0294,6.559,124.099,1539.523,9.80,0.000,124.000,124.500,0.0270,125.720,0.0260,0.000,0.0000,0.000,0.0000,0.000,0.0000,0.000,0.0000,0.000,0.0000,0.00013382,3424104.81,5401409.75,96187,0.00
1107,4,100.00,10.28,2.86,2.86,22820.0,116.99,0.0294,7.096,124.086,1539.525,10.21,0.000,124.000,124.500,0.0270,125.706,0.0260,0.000,0.0000,0.000,0.0000,0.000,0.0000,0.000,0.0000,0.000,0.0000,0.00014031,3424119.07,5401508.73,96187,0.00
1106,4,100.00,11.36,2.86,2.86,22720.0,115.95,0.0294,8.128,124.078,1539.526,11.23,0.000,124.000,124.500,0.0270,125.697,0.0260,0.000,0.0000,0.000,0.0000,0.000,0.0000,0.000,0.0000,0.000,0.0000,0.00012138,3424133.33,5401607.71,96187,0.00
1105,4,100.00,11.24,2.86,2.86,22620.0,116.05,0.0294,8.022,124.072,1539.528,11.14,0.000,124.000,124.500,0.0270,125.690,0.0260,0.000,0.0000,0.000,0.0000,0.000,0.0000,0.000,0.0000,0.000,0.0000,0.00010508,3424147.59,5401706.69,96187,0.00
1104,4,100.00,11.24,2.86,2.86,22520.0,116.05,0.0294,8.011,124.061,1539.530,11.14,0.000,124.000,124.500,0.0270,125.678,0.0260,0.000,0.0000,0.000,0.0000,0.000,0.0000,0.000,0.0000,0.000,0.0000,0.00010609,3424161.85,5401805.66,96187,0.00
1103,4,100.00,9.71,2.86,2.86,22420.0,117.34,0.0294,6.706,124.046,1539.531,9.65,0.000,124.000,124.500,0.0270,125.662,0.0260,0.000,0.0000,0.000,0.0000,0.000,0.0000,0.000,0.0000,0.000,0.0000,0.00011818,3424177.20,5401904.45,96187,0.00
1102,4,100.00,10.23,2.86,2.86,22320.0,116.96,0.0294,7.080,124.040,1539.532,9.97,0.000,124.000,124.500,0.0270,125.654,0.0260,0.000,0.0000,0.000,0.0000,0.000,0.0000,0.000,0.0000,0.000,0.0000,0.00010411,3424198.67,5402002.11,96187,0.00
1101,4,100.00,9.85,2.86,2.86,22220.0,117.15,0.0312,6.882,124.032,1539.534,9.81,0.000,124.000,124.500,0.0270,125.646,0.0260,0.000,0.0000,0.000,0.0000,0.000,0.0000,0.000,0.0000,0.000,0.0000,0.00010767,3424214.42,5402100.86,96187,0.00
1100,4,100.00,10.62,2.86,2.86,22120.0,116.31,0.0312,7.710,124.020,1539.536,10.58,0.000,124.000,124.500,0.0270,125.632,0.0260,0.000,0.0000,0.000,0.0000,0.000,0.0000,0.000,0.0000,0.000,0.0000,0.00011431,3424231.63,5402199.36,96187,0.00
1099,4,100.00,11.16,2.86,2.86,22020.0,115.81,0.0312,8.195,124.005,1539.538,11.09,0.000,124.000,124.500,0.0270,125.616,0.0260,0.000,0.0000,0.000,0.0000,0.000,0.0000,0.000,0.0000,0.000,0.0000,0.00012609,3424252.50,5402297.15,96187,0.00
1098,4,100.00,11.21,2.86,2.86,21920.0,115.64,0.0312,8.363,124.003,1539.539,11.07,0.000,124.000,124.500,0.0270,125.615,0.0260,0.000,0.0000,0.000,0.0000,0.000,0.0000,0.000,0.0000,0.000,0.0000,0.00010142,3424281.23,5402392.83,96187,0.00
1097,4,100.00,13.20,2.86,2.86,21820.0,113.58,0.0312,10.405,123.985,1539.541,13.07,0.000,124.000,124.500,0.0270,125.594,0.0260,0.000,0.0000,0.000,0.0000,0.000,0.0000,0.000,0.0000,0.000,0.0000,0.00011221,3424316.86,5402486.22,96187,0.00
1096,4,100.00,11.71,2.86,2.86,21720.0,115.06,0.0312,8.911,123.971,1539.542,11.65,0.000,124.000,124.500,0.0270,125.579,0.0260,0.000,0.0000,0.000,0.0000,0.000,0.0000,0.000,0.0000,0.000,0.0000,0.00012414,3424361.09,5402575.87,96187,0.00
1095,4,100.00,11.16,2.86,2.86,21620.0,115.64,0.0312,8.315,123.955,1539.543,11.05,0.000,124.000,124.500,0.0270,125.560,0.0260,0.000,0.0000,0.000,0.0000,0.000,0.0000,0.000,0.0000,0.000,0.0000,0.00013565,3424410.49,5402662.78,96187,0.00
1094,4,100.00,11.47,2.86,2.86,21520.0,115.16,0.0312,8.782,123.942,1539.544,11.41,0.000,124.000,124.500,0.0270,125.546,0.0260,0.000,0.0000,0.000,0.0000,0.000,0.0000,0.000,0.0000,0.000,0.0000,0.00013170,3424468.52,5402743.75,96187,0.00
1093,4,100.00,11.69,2.86,2.86,21420.0,114.90,0.0312,9.028,123.928,1539.545,11.66,0.000,124.000,124.500,0.0270,125.529,0.0260,0.000,0.0000,0.000,0.0000,0.000,0.0000,0.000,0.0000,0.000,0.0000,0.00013357,3424535.18,5402818.13,96187,0.00
1092,4,100.00,11.64,2.86,2.86,21320.0,114.90,0.0312,9.013,123.913,1539.546,11.58,0.000,124.000,124.500,0.0270,125.512,0.0260,0.000,0.0000,0.000,0.0000,0.000,0.0000,0.000,0.0000,0.000,0.0000,0.00013733,3424612.66,5402881.09,96187,0.00
1091,4,100.00,12.62,2.86,2.86,21220.0,114.01,0.0312,9.892,123.902,1539.547,12.49,0.000,124.000,124.500,0.0270,125.499,0.0260,0.000,0.0000,0.000,0.0000,0.000,0.0000,0.000,0.0000,0.000,0.0000,0.00012760,3424698.46,5402932.38,96187,0.00
1090,4,100.00,11.44,2.86,2.86,21120.0,115.04,0.0312,8.854,123.894,1539.547,11.41,0.000,124.000,124.500,0.0270,125.490,0.0260,0.000,0.0000,0.000,0.0000,0.000,0.0000,0.000,0.0000,0.000,0.0000,0.00011411,3424788.51,5402975.65,96187,0.00
1089,4,100.00,11.77,2.86,2.86,21020.0,114.70,0.0312,9.186,123.886,1539.547,11.58,0.000,124.000,124.500,0.0270,125.480,0.0260,0.000,0.0000,0.000,0.0000,0.000,0.0000,0.000,0.0000,0.000,0.0000,0.00010627,3424880.56,5403014.58,96187,0.00
1088,4,100.00,10.40,2.86,2.86,20920.0,116.05,0.0312,7.825,123.875,1539.548,10.29,0.000,124.000,124.500,0.0270,125.467,0.0260,0.000,0.0000,0.000,0.0000,0.000,0.0000,0.000,0.0000,0.000,0.0000,0.00010581,3424976.30,5403043.44,96187,0.00
1087,4,100.00,10.51,2.86,2.86,20820.0,115.81,0.0312,8.059,123.869,1539.549,10.47,0.000,124.000,124.500,0.0270,125.460,0.0260,0.000,0.0000,0.000,0.0000,0.000,0.0000,0.000,0.0000,0.000,0.0000,0.00009424,3425072.81,5403069.51,96187,0.00
1086,4,100.00,10.30,2.86,2.86,20720.0,115.92,0.0312,7.932,123.852,1539.550,10.24,0.000,124.000,124.500,0.0270,125.439,0.0260,0.000,0.0000,0.000,0.0000,0.000,0.0000,0.000,0.0000,0.000,0.0000,0.00011455,3425170.85,5403089.15,96187,0.00
1085,4,100.00,10.28,2.86,2.86,20620.0,115.98,0.0312,7.865,123.845,1539.551,10.22,0.000,124.000,124.500,0.0270,125.431,0.0260,0.000,0.0000,0.000,0.0000,0.000,0.0000,0.000,0.0000,0.000,0.0000,0.00010354,3425269.96,5403102.03,96187,0.00
1084,4,100.00,9.60,2.86,2.86,20520.0,116.48,0.0312,7.366,123.846,1539.552,9.56,0.000,124.000,124.500,0.0270,125.432,0.0260,0.000,0.0000,0.000,0.0000,0.000,0.0000,0.000,0.0000,0.000,0.0000,0.00008176,3425369.75,5403107.90,96187,0.00
1083,4,100.00,10.83,2.86,2.86,20420.0,115.43,0.0312,8.400,123.830,1539.553,10.68,0.000,124.000,124.500,0.0270,125.414,0.0260,0.000,0.0000,0.000,0.0000,0.000,0.0000,0.000,0.0000,0.000,0.0000,0.00009547,3425469.74,5403106.08,96187,0.00
1082,4,100.00,10.29,2.86,2.86,20320.0,115.75,0.0312,8.073,123.823,1539.554,10.17,0.000,124.000,124.500,0.0270,125.405,0.0260,0.000,0.0000,0.000,0.0000,0.000,0.0000,0.000,0.0000,0.000,0.0000,0.00008917,3425568.78,5403092.51,96187,0.00
1081,4,100.00,10.28,2.86,2.86,20220.0,115.77,0.0312,8.047,123.817,1539.555,10.25,0.000,124.000,124.500,0.0270,125.398,0.0260,0.000,0.0000,0.000,0.0000,0.000,0.0000,0.000,0.0000,0.000,0.0000,0.00007998,3425666.91,5403073.55,96187,0.00
1080,4,100.00,10.63,2.86,2.86,20120.0,115.49,0.0312,8.316,123.806,1539.556,10.48,0.000,124.000,124.500,0.0270,125.384,0.0260,0.000,0.0000,0.000,0.0000,0.000,0.0000,0.000,0.0000,0.000,0.0000,0.00008905,3425763.27,5403046.89,96187,0.00
1079,4,100.00,9.97,2.86,2.86,20020.0,116.02,0.0312,7.776,123.796,1539.556,9.91,0.000,124.000,124.500,0.0270,125.372,0.0260,0.000,0.0000,0.000,0.0000,0.000,0.0000,0.000,0.0000,0.000,0.0000,0.00009212,3425859.60,5403020.06,96187,0.00
1078,4,100.00,9.98,2.86,2.86,19920.0,115.94,0.0312,7.854,123.794,1539.556,9.88,0.000,124.000,124.500,0.0270,125.370,0.0260,0.000,0.0000,0.000,0.0000,0.000,0.0000,0.000,0.0000,0.000,0.0000,0.00007303,3425956.07,5402993.75,96187,0.00
1077,4,100.00,10.08,2.86,2.86,19820.0,115.73,0.0312,8.059,123.789,1539.557,9.99,0.000,123.750,124.250,0.0238,0.000,0.0000,0.000,0.0000,0.000,0.0000,0.000,0.0000,0.000,0.0000,0.000,0.0000,0.00006602,3426052.17,5402966.11,96187,0.00
1076,4,100.00,9.72,2.86,2.86,19720.0,116.05,0.0312,7.733,123.783,1539.557,9.67,0.000,123.750,124.250,0.0238,0.000,0.0000,0.000,0.0000,0.000,0.0000,0.000,0.0000,0.000,0.0000,0.000,0.0000,0.00006558,3426148.27,5402938.50,96187,0.00
1075,4,100.00,10.50,2.86,2.86,19620.0,115.29,0.0312,8.486,123.776,1539.557,10.44,0.000,123.750,124.250,0.0238,0.000,0.0000,0.000,0.0000,0.000,0.0000,0.000,0.0000,0.000,0.0000,0.000,0.0000,0.00006636,3426244.68,5402911.92,96187,0.00
1074,4,100.00,10.30,2.86,2.86,19520.0,115.33,0.0312,8.441,123.771,1539.557,10.19,0.000,123.750,124.250,0.0238,0.000,0.0000,0.000,0.0000,0.000,0.0000,0.000,0.0000,0.000,0.0000,0.000,0.0000,0.00006223,3426341.27,5402886.06,96187,0.00
1073,4,100.00,10.85,2.86,2.86,19420.0,114.87,0.0312,8.889,123.759,1539.558,10.80,0.000,123.750,124.250,0.0238,0.000,0.0000,0.000,0.0000,0.000,0.0000,0.000,0.0000,0.000,0.0000,0.000,0.0000,0.00007556,3426439.79,5402868.96,96187,0.00
1072,4,100.00,11.37,2.86,2.86,19320.0,114.21,0.0312,9.544,123.754,1539.558,11.24,0.000,123.750,124.250,0.0238,0.000,0.0000,0.000,0.0000,0.000,0.0000,0.000,0.0000,0.000,0.0000,0.000,0.0000,0.00006872,3426539.02,5402856.80,96187,0.00
1071,4,100.00,11.64,2.86,2.86,19220.0,114.01,0.0312,9.736,123.746,1539.558,11.47,0.000,123.750,124.250,0.0238,0.000,0.0000,0.000,0.0000,0.000,0.0000,0.000,0.0000,0.000,0.0000,0.000,0.0000,0.00007225,3426638.55,5402847.35,96187,0.00
1070,4,100.00,11.64,2.86,2.86,19120.0,114.01,0.0312,9.729,123.739,1539.559,11.47,0.000,123.750,124.250,0.0238,0.000,0.0000,0.000,0.0000,0.000,0.0000,0.000,0.0000,0.000,0.0000,0.000,0.0000,0.00007252,3426738.36,5402841.38,96187,0.00
1069,4,100.00,11.15,2.86,2.86,19020.0,114.35,0.0312,9.392,123.742,1539.559,11.10,0.000,123.750,124.250,0.0238,0.000,0.0000,0.000,0.0000,0.000,0.0000,0.000,0.0000,0.000,0.0000,0.000,0.0000,0.00005675,3426838.32,5402841.21,96187,0.00
1068,4,100.00,12.66,2.86,2.86,18920.0,112.85,0.0312,10.881,123.731,1539.560,12.62,0.000,123.750,124.250,0.0238,0.000,0.0000,0.000,0.0000,0.000,0.0000,0.000,0.0000,0.000,0.0000,0.000,0.0000,0.00006431,3426938.18,5402845.91,96187,0.00
1067,4,100.00,12.93,2.86,2.86,18820.0,112.59,0.0312,11.134,123.724,1539.562,12.79,0.000,123.750,124.250,0.0238,0.000,0.0000,0.000,0.0000,0.000,0.0000,0.000,0.0000,0.000,0.0000,0.000,0.0000,0.00006497,3427037.56,5402856.91,96187,0.00
1066,4,100.00,12.13,2.86,2.86,18720.0,113.36,0.0312,10.361,123.721,1539.562,11.94,0.000,123.750,124.250,0.0238,0.000,0.0000,0.000,0.0000,0.000,0.0000,0.000,0.0000,0.000,0.0000,0.000,0.0000,0.00005745,3427136.16,5402873.51,96187,0.00
1065,4,100.00,12.08,2.86,2.86,18620.0,113.38,0.0312,10.340,123.720,1539.563,12.00,0.000,123.750,124.250,0.0238,0.000,0.0000,0.000,0.0000,0.000,0.0000,0.000,0.0000,0.000,0.0000,0.000,0.0000,0.00004929,3427233.85,5402894.74,96187,0.00
1064,4,100.00,11.72,2.86,2.86,18520.0,113.61,0.0312,10.103,123.713,1539.563,11.66,0.000,123.750,124.250,0.0238,0.000,0.0000,0.000,0.0000,0.000,0.0000,0.000,0.0000,0.000,0.0000,0.000,0.0000,0.00005230,3427329.47,5402923.89,96187,0.00
1063,4,100.00,12.23,2.86,2.86,18420.0,113.22,0.0312,10.491,123.711,1539.565,12.11,0.000,123.750,124.250,0.0238,0.000,0.0000,0.000,0.0000,0.000,0.0000,0.000,0.0000,0.000,0.0000,0.000,0.0000,0.00004514,3427422.56,5402960.23,96187,0.00
1062,4,100.00,12.19,2.86,2.86,18320.0,113.18,0.0312,10.528,123.708,1539.566,12.00,0.000,123.750,124.250,0.0238,0.000,0.0000,0.000,0.0000,0.000,0.0000,0.000,0.0000,0.000,0.0000,0.000,0.0000,0.00004148,3427511.99,5403004.89,96187,0.00
1061,4,100.00,12.19,2.86,2.86,18220.0,113.18,0.0312,10.524,123.704,1539.566,12.00,0.000,123.750,124.250,0.0238,0.000,0.0000,0.000,0.0000,0.000,0.0000,0.000,0.0000,0.000,0.0000,0.000,0.0000,0.00004156,3427598.25,5403055.44,96187,0.00
1060,4,100.00,12.03,2.86,2.86,18120.0,113.45,0.0312,10.245,123.695,1539.567,11.86,0.000,123.750,124.250,0.0238,0.000,0.0000,0.000,0.0000,0.000,0.0000,0.000,0.0000,0.000,0.0000,0.000,0.0000,0.00005083,3427681.13,5403111.30,96187,0.00
1059,4,100.00,11.12,2.86,2.86,18020.0,114.17,0.0312,9.520,123.690,1539.568,11.02,0.000,123.750,124.250,0.0238,0.000,0.0000,0.000,0.0000,0.000,0.0000,0.000,0.0000,0.000,0.0000,0.000,0.0000,0.00004958,3427760.55,5403172.02,96187,0.00
1058,4,100.00,10.98,2.86,2.86,17920.0,114.31,0.0312,9.376,123.686,1539.569,10.88,0.000,123.750,124.250,0.0238,0.000,0.0000,0.000,0.0000,0.000,0.0000,0.000,0.0000,0.000,0.0000,0.000,0.0000,0.00004787,3427834.51,5403239.26,96187,0.00
1057,4,100.00,10.86,2.86,2.86,17820.0,114.40,0.0312,9.281,123.681,1539.570,10.73,0.000,123.750,124.250,0.0238,0.000,0.0000,0.000,0.0000,0.000,0.0000,0.000,0.0000,0.000,0.0000,0.000,0.0000,0.00004809,3427903.53,5403311.57,96187,0.00
1056,4,100.00,10.46,2.86,2.86,17720.0,114.70,0.0312,8.976,123.676,1539.571,10.41,0.000,123.750,124.250,0.0238,0.000,0.0000,0.000,0.0000,0.000,0.0000,0.000,0.0000,0.000,0.0000,0.000,0.0000,0.00005015,3427967.32,5403388.55,96187,0.00
1055,4,100.00,10.56,2.86,2.86,17620.0,114.66,0.0312,9.011,123.671,1539.571,10.36,0.000,123.750,124.250,0.0238,0.000,0.0000,0.000,0.0000,0.000,0.0000,0.000,0.0000,0.000,0.0000,0.000,0.0000,0.00004952,3428027.92,5403468.05,96187,0.00
1054,4,100.00,10.70,2.86,2.86,17520.0,114.50,0.0312,9.168,123.668,1539.572,10.63,0.000,123.750,124.250,0.0238,0.000,0.0000,0.000,0.0000,0.000,0.0000,0.000,0.0000,0.000,0.0000,0.000,0.0000,0.00004471,3428084.26,5403550.61,96187,0.00
1053,4,100.00,10.53,2.86,2.86,17420.0,114.60,0.0312,9.063,123.663,1539.573,10.49,0.000,123.750,124.250,0.0238,0.000,0.0000,0.000,0.0000,0.000,0.0000,0.000,0.0000,0.000,0.0000,0.000,0.0000,0.00004677,3428136.85,5403635.65,96187,0.00
1052,4,100.00,10.68,2.86,2.86,17320.0,114.52,0.0312,9.138,123.658,1539.573,10.61,0.000,123.750,124.250,0.0238,0.000,0.0000,0.000,0.0000,0.000,0.0000,0.000,0.0000,0.000,0.0000,0.000,0.0000,0.00004544,3428185.83,5403722.83,96187,0.00
1051,4,100.00,10.80,2.86,2.86,17220.0,114.47,0.0312,9.183,123.653,1539.574,10.67,0.000,123.750,124.250,0.0238,0.000,0.0000,0.000,0.0000,0.000,0.0000,0.000,0.0000,0.000,0.0000,0.000,0.0000,0.00004665,3428229.25,5403812.82,96187,0.00
1050,4,100.00,10.57,2.86,2.86,17120.0,114.62,0.0312,9.030,123.650,1539.575,10.42,0.000,123.750,124.250,0.0238,0.000,0.0000,0.000,0.0000,0.000,0.0000,0.000,0.0000,0.000,0.0000,0.000,0.0000,0.00004469,3428266.63,5403905.56,96187,0.00
1049,4,100.00,10.43,2.86,2.86,17020.0,114.74,0.0312,8.907,123.647,1539.575,10.32,0.000,123.750,124.250,0.0238,0.000,0.0000,0.000,0.0000,0.000,0.0000,0.000,0.0000,0.000,0.0000,0.000,0.0000,0.00004149,3428297.45,5404000.66,96187,0.00
1048,4,100.00,10.87,2.86,2.86,16920.0,114.27,0.0312,9.371,123.641,1539.575,10.76,0.000,123.750,124.250,0.0238,0.000,0.0000,0.000,0.0000,0.000,0.0000,0.000,0.0000,0.000,0.0000,0.000,0.0000,0.00004391,3428323.41,5404097.18,96187,0.00
1047,4,100.00,11.17,2.86,2.86,16820.0,113.87,0.0312,9.768,123.638,1539.576,11.10,0.000,123.750,124.250,0.0238,0.000,0.0000,0.000,0.0000,0.000,0.0000,0.000,0.0000,0.000,0.0000,0.000,0.0000,0.00004177,3428343.37,5404195.15,96187,0.00
1046,4,100.00,11.30,2.86,2.86,16720.0,113.97,0.0312,9.663,123.633,1539.575,11.23,0.000,123.750,124.250,0.0238,0.000,0.0000,0.000,0.0000,0.000,0.0000,0.000,0.0000,0.000,0.0000,0.000,0.0000,0.00004262,3428357.49,5404294.12,96187,0.00
1045,4,100.00,11.18,2.86,2.86,16620.0,114.02,0.0312,9.610,123.630,1539.576,11.09,0.000,123.750,124.250,0.0238,0.000,0.0000,0.000,0.0000,0.000,0.0000,0.000,0.0000,0.000,0.0000,0.000,0.0000,0.00004145,3428369.87,5404393.35,96187,0.00
1044,4,100.00,11.50,2.86,2.86,16520.0,113.63,0.0312,9.997,123.627,1539.577,11.47,0.000,123.750,124.250,0.0238,0.000,0.0000,0.000,0.0000,0.000,0.0000,0.000,0.0000,0.000,0.0000,0.000,0.0000,0.00003935,3428382.08,5404492.60,96187,0.00
1043,4,100.00,10.66,2.86,2.86,16420.0,114.37,0.0312,9.252,123.622,1539.578,10.62,0.000,123.750,124.250,0.0238,0.000,0.0000,0.000,0.0000,0.000,0.0000,0.000,0.0000,0.000,0.0000,0.000,0.0000,0.00003972,3428394.16,5404591.87,96187,0.00
1042,4,100.00,10.71,2.86,2.86,16320.0,114.41,0.0312,9.209,123.619,1539.578,10.54,0.000,123.750,124.250,0.0238,0.000,0.0000,0.000,0.0000,0.000,0.0000,0.000,0.0000,0.000,0.0000,0.000,0.0000,0.00003766,3428405.92,5404691.18,96187,0.00
1041,4,100.00,10.93,2.86,2.86,16220.0,114.28,0.0312,9.338,123.618,1539.579,10.90,0.000,123.750,124.250,0.0238,0.000,0.0000,0.000,0.0000,0.000,0.0000,0.000,0.0000,0.000,0.0000,0.000,0.0000,0.00003364,3428417.68,5404790.48,96187,0.00
1040,4,100.00,10.81,2.86,2.86,16120.0,114.34,0.0312,9.275,123.615,1539.579,10.76,0.000,123.750,124.250,0.0238,0.000,0.0000,0.000,0.0000,0.000,0.0000,0.000,0.0000,0.000,0.0000,0.000,0.0000,0.00003311,3428429.44,5404889.79,96187,0.00
1039,4,100.00,11.16,2.86,2.86,16020.0,114.06,0.0312,9.552,123.612,1539.579,10.95,0.000,123.750,124.250,0.0238,0.000,0.0000,0.000,0.0000,0.000,0.0000,0.000,0.0000,0.000,0.0000,0.000,0.0000,0.00003268,3428441.20,5404989.09,96187,0.00
1038,4,100.00,11.52,2.86,2.86,15920.0,113.54,0.0312,10.068,123.608,1539.578,11.36,0.000,123.750,124.250,0.0238,0.000,0.0000,0.000,0.0000,0.000,0.0000,0.000,0.0000,0.000,0.0000,0.000,0.0000,0.00003440,3428452.96,5405088.40,96187,0.00
1037,4,100.00,11.88,2.86,2.86,15820.0,113.32,0.0312,10.285,123.605,1539.579,11.75,0.000,123.750,124.250,0.0238,0.000,0.0000,0.000,0.0000,0.000,0.0000,0.000,0.0000,0.000,0.0000,0.000,0.0000,0.00003386,3428464.72,5405187.71,96187,0.00
1036,4,100.00,11.76,2.86,2.86,15720.0,113.28,0.0312,10.323,123.603,1539.579,11.62,0.000,123.750,124.250,0.0238,0.000,0.0000,0.000,0.0000,0.000,0.0000,0.000,0.0000,0.000,0.0000,0.000,0.0000,0.00003121,3428478.46,5405286.75,96187,0.00
1035,4,100.00,12.56,2.86,2.86,15620.0,112.56,0.0312,11.040,123.600,1539.581,12.37,0.000,123.750,124.250,0.0238,0.000,0.0000,0.000,0.0000,0.000,0.0000,0.000,0.0000,0.000,0.0000,0.000,0.0000,0.00003103,3428492.69,5405385.73,96187,0.00
1034,4,100.00,12.43,2.86,2.86,15520.0,112.79,0.0312,10.806,123.596,1539.581,12.26,0.000,123.750,124.250,0.0238,0.000,0.0000,0.000,0.0000,0.000,0.0000,0.000,0.0000,0.000,0.0000,0.000,0.0000,0.00003334,3428508.92,5405484.37,96187,0.00
1033,4,100.00,13.19,2.86,2.86,15420.0,111.87,0.0312,11.723,123.593,1539.580,13.10,0.000,123.750,124.250,0.0238,0.000,0.0000,0.000,0.0000,0.000,0.0000,0.000,0.0000,0.000,0.0000,0.000,0.0000,0.00003098,3428536.41,5405580.36,96187,0.00
1032,4,100.00,12.95,2.86,2.86,15320.0,112.18,0.0312,11.409,123.589,1539.581,12.85,0.000,123.750,124.250,0.0238,0.000,0.0000,0.000,0.0000,0.000,0.0000,0.000,0.0000,0.000,0.0000,0.000,0.0000,0.00003219,3428575.15,5405672.53,96187,0.00
1031,4,100.00,13.38,2.86,2.86,15220.0,111.62,0.0312,11.966,123.586,1539.581,13.31,0.000,123.750,124.250,0.0238,0.000,0.0000,0.000,0.0000,0.000,0.0000,0.000,0.0000,0.000,0.0000,0.000,0.0000,0.00003246,3428626.17,5405758.40,96187,0.00
1030,4,100.00,14.22,2.86,2.86,15120.0,110.83,0.0312,12.755,123.585,1539.582,14.15,0.000,123.750,124.250,0.0238,0.000,0.0000,0.000,0.0000,0.000,0.0000,0.000,0.0000,0.000,0.0000,0.000,0.0000,0.00002850,3428685.97,5405838.44,96187,0.00
1029,4,100.00,13.46,2.86,2.86,15020.0,111.64,0.0312,11.942,123.582,1539.582,13.29,0.000,123.750,124.250,0.0238,0.000,0.0000,0.000,0.0000,0.000,0.0000,0.000,0.0000,0.000,0.0000,0.000,0.0000,0.00002867,3428752.07,5405913.36,96187,0.00
1028,4,100.00,13.56,2.86,2.86,14920.0,111.52,0.0312,12.060,123.580,1539.581,13.31,0.000,123.750,124.250,0.0238,0.000,0.0000,0.000,0.0000,0.000,0.0000,0.000,0.0000,0.000,0.0000,0.000,0.0000,0.00002655,3428823.71,5405983.08,96187,0.00
1027,4,100.00,13.53,2.86,2.86,14820.0,111.63,0.0312,11.949,123.579,1539.581,13.14,0.000,123.750,124.250,0.0238,0.000,0.0000,0.000,0.0000,0.000,0.0000,0.000,0.0000,0.000,0.0000,0.000,0.0000,0.00002493,3428902.38,5406044.71,96187,0.00
1026,4,100.00,12.75,2.86,2.86,14720.0,112.27,0.0312,11.305,123.575,1539.582,12.46,0.000,123.750,124.250,0.0238,0.000,0.0000,0.000,0.0000,0.000,0.0000,0.000,0.0000,0.000,0.0000,0.000,0.0000,0.00002645,3428983.93,5406102.52,96187,0.00
1025,4,100.00,12.38,2.86,2.86,14620.0,112.68,0.0312,10.894,123.574,1539.582,12.33,0.000,123.750,124.250,0.0238,0.000,0.0000,0.000,0.0000,0.000,0.0000,0.000,0.0000,0.000,0.0000,0.000,0.0000,0.00002359,3429069.41,5406154.40,96187,0.00
1024,4,100.00,12.38,2.86,2.86,14520.0,112.68,0.0312,10.892,123.572,1539.583,12.33,0.000,123.750,124.250,0.0238,0.000,0.0000,0.000,0.0000,0.000,0.0000,0.000,0.0000,0.000,0.0000,0.000,0.0000,0.00002361,3429158.27,5406200.21,96187,0.00
1023,4,100.00,12.22,2.86,2.86,14420.0,112.93,0.0312,10.640,123.570,1539.583,12.00,0.000,123.750,124.250,0.0238,0.000,0.0000,0.000,0.0000,0.000,0.0000,0.000,0.0000,0.000,0.0000,0.000,0.0000,0.00002322,3429248.11,5406244.08,96187,0.00
1022,4,100.00,11.62,2.86,2.86,14320.0,113.52,0.0312,10.046,123.566,1539.583,11.58,0.000,123.750,124.250,0.0238,0.000,0.0000,0.000,0.0000,0.000,0.0000,0.000,0.0000,0.000,0.0000,0.000,0.0000,0.00002549,3429340.83,5406280.94,96187,0.00
1021,4,100.00,11.36,2.86,2.86,14220.0,113.65,0.0312,9.915,123.565,1539.582,11.26,0.000,123.750,124.250,0.0238,0.000,0.0000,0.000,0.0000,0.000,0.0000,0.000,0.0000,0.000,0.0000,0.000,0.0000,0.00002354,3429436.64,5406309.55,96187,0.00
1020,4,100.00,11.48,2.86,2.86,14120.0,113.62,0.0312,9.942,123.562,1539.584,11.34,0.000,123.750,124.250,0.0238,0.000,0.0000,0.000,0.0000,0.000,0.0000,0.000,0.0000,0.000,0.0000,0.000,0.0000,0.00002453,3429534.00,5406332.19,96187,0.00
1019,4,100.00,11.45,2.86,2.86,14020.0,113.54,0.0312,10.020,123.560,1539.583,11.38,0.000,123.750,124.250,0.0238,0.000,0.0000,0.000,0.0000,0.000,0.0000,0.000,0.0000,0.000,0.0000,0.000,0.0000,0.00002419,3429632.50,5406349.21,96187,0.00
1018,4,100.00,11.66,2.86,2.86,13920.0,113.47,0.0312,10.087,123.557,1539.583,11.52,0.000,123.750,124.250,0.0238,0.000,0.0000,0.000,0.0000,0.000,0.0000,0.000,0.0000,0.000,0.0000,0.000,0.0000,0.00002417,3429731.62,5406361.32,96187,0.00
1017,4,100.00,11.94,2.86,2.86,13820.0,113.17,0.0312,10.386,123.556,1539.584,11.79,0.000,123.750,124.250,0.0238,0.000,0.0000,0.000,0.0000,0.000,0.0000,0.000,0.0000,0.000,0.0000,0.000,0.0000,0.00002279,3429831.43,5406367.45,96187,0.00
1016,4,100.00,12.03,2.86,2.86,13720.0,113.01,0.0312,10.543,123.553,1539.583,11.97,0.000,123.750,124.250,0.0238,0.000,0.0000,0.000,0.0000,0.000,0.0000,0.000,0.0000,0.000,0.0000,0.000,0.0000,0.00002324,3429931.38,5406364.64,96187,0.00
1015,4,100.00,12.11,2.86,2.86,13620.0,112.91,0.0312,10.642,123.552,1539.583,11.98,0.000,123.750,124.250,0.0238,0.000,0.0000,0.000,0.0000,0.000,0.0000,0.000,0.0000,0.000,0.0000,0.000,0.0000,0.00002165,3430030.86,5406354.67,96187,0.00
1014,4,100.00,13.12,2.86,2.86,13520.0,111.98,0.0312,11.569,123.549,1539.583,12.97,0.000,123.750,124.250,0.0238,0.000,0.0000,0.000,0.0000,0.000,0.0000,0.000,0.0000,0.000,0.0000,0.000,0.0000,0.00002224,3430129.90,5406341.19,96187,0.00
1013,4,100.00,13.42,2.86,2.86,13420.0,111.72,0.0312,11.829,123.549,1539.584,13.35,0.000,123.700,123.800,0.0238,0.000,0.0000,0.000,0.0000,0.000,0.0000,0.000,0.0000,0.000,0.0000,0.000,0.0000,0.00001971,3430227.54,5406319.64,96187,0.00
1012,4,100.00,14.54,2.86,2.86,13320.0,110.39,0.0312,13.159,123.549,1539.584,14.37,0.000,123.700,123.800,0.0238,0.000,0.0000,0.000,0.0000,0.000,0.0000,0.000,0.0000,0.000,0.0000,0.000,0.0000,0.00001709,3430323.19,5406290.60,96187,0.00
1011,4,100.00,13.45,2.86,2.86,13220.0,111.71,0.0312,11.836,123.546,1539.583,13.23,0.000,123.700,123.800,0.0238,0.000,0.0000,0.000,0.0000,0.000,0.0000,0.000,0.0000,0.000,0.0000,0.000,0.0000,0.00001800,3430417.05,5406256.18,96187,0.00
1010,4,100.00,12.89,2.86,2.86,13120.0,112.08,0.0312,11.463,123.543,1539.583,12.84,0.000,123.700,123.800,0.0238,0.000,0.0000,0.000,0.0000,0.000,0.0000,0.000,0.0000,0.000,0.0000,0.000,0.0000,0.00002028,3430511.04,5406222.05,96187,0.00
1009,4,100.00,12.54,2.86,2.86,13020.0,112.44,0.0312,11.101,123.541,1539.582,12.42,0.000,123.700,123.800,0.0238,0.000,0.0000,0.000,0.0000,0.000,0.0000,0.000,0.0000,0.000,0.0000,0.000,0.0000,0.00001958,3430605.46,5406189.13,96187,0.00
1008,4,100.00,12.59,2.86,2.86,12920.0,112.50,0.0312,11.040,123.540,1539.583,12.42,0.000,123.700,123.800,0.0238,0.000,0.0000,0.000,0.0000,0.000,0.0000,0.000,0.0000,0.000,0.0000,0.000,0.0000,0.00001764,3430701.46,5406161.34,96187,0.00
1007,4,100.00,13.74,2.86,2.86,12820.0,111.26,0.0312,12.278,123.538,1539.584,13.64,0.000,123.700,123.800,0.0238,0.000,0.0000,0.000,0.0000,0.000,0.0000,0.000,0.0000,0.000,0.0000,0.000,0.0000,0.00001880,3430799.82,5406143.84,96187,0.00
1006,4,100.00,14.53,2.86,2.86,12720.0,110.51,0.0312,13.026,123.536,1539.585,14.45,0.000,123.700,123.800,0.0238,0.000,0.0000,0.000,0.0000,0.000,0.0000,0.000,0.0000,0.000,0.0000,0.000,0.0000,0.00001961,3430899.61,5406137.58,96187,0.00
1005,4,100.00,14.73,2.86,2.86,12620.0,110.26,0.0312,13.274,123.534,1539.585,14.62,0.000,123.700,123.800,0.0238,0.000,0.0000,0.000,0.0000,0.000,0.0000,0.000,0.0000,0.000,0.0000,0.000,0.0000,0.00001934,3430999.49,5406140.09,96187,0.00
1004,4,100.00,15.36,2.86,2.86,12520.0,109.74,0.0312,13.792,123.532,1539.585,15.28,0.000,123.700,123.800,0.0238,0.000,0.0000,0.000,0.0000,0.000,0.0000,0.000,0.0000,0.000,0.0000,0.000,0.0000,0.00001966,3431098.36,5406154.93,96187,0.00
1003,4,100.00,15.64,2.86,2.86,12420.0,109.35,0.0312,14.180,123.530,1539.585,15.60,0.000,123.700,123.800,0.0238,0.000,0.0000,0.000,0.0000,0.000,0.0000,0.000,0.0000,0.000,0.0000,0.000,0.0000,0.00001886,3431195.97,5406176.25,96187,0.00
1002,4,100.00,15.59,2.86,2.86,12320.0,109.53,0.0312,13.998,123.528,1539.585,15.45,0.000,123.700,123.800,0.0238,0.000,0.0000,0.000,0.0000,0.000,0.0000,0.000,0.0000,0.000,0.0000,0.000,0.0000,0.00001927,3431292.44,5406202.48,96187,0.00
1001,4,100.00,15.20,2.86,2.86,12220.0,109.68,0.0312,13.848,123.528,1539.586,15.08,0.000,123.700,123.800,0.0238,0.000,0.0000,0.000,0.0000,0.000,0.0000,0.000,0.0000,0.000,0.0000,0.000,0.0000,0.00001677,3431387.27,5406234.05,96187,0.00
1000,4,100.00,14.32,2.86,2.86,12120.0,110.76,0.0312,12.766,123.526,1539.586,14.16,0.000,123.700,123.800,0.0238,0.000,0.0000,0.000,0.0000,0.000,0.0000,0.000,0.0000,0.000,0.0000,0.000,0.0000,0.00001717,3431480.50,5406270.21,96187,0.00
999,4,100.00,16.04,2.86,2.86,12020.0,108.91,0.0312,14.617,123.527,1539.586,15.87,0.000,123.700,123.800,0.0238,0.000,0.0000,0.000,0.0000,0.000,0.0000,0.000,0.0000,0.000,0.0000,0.000,0.0000,0.00001296,3431574.42,5406304.55,96187,0.00
998,4,100.00,13.97,2.86,2.86,11920.0,110.87,0.0312,12.655,123.525,1539.586,13.93,0.000,123.700,123.800,0.0238,0.000,0.0000,0.000,0.0000,0.000,0.0000,0.000,0.0000,0.000,0.0000,0.000,0.0000,0.00001490,3431665.22,5406346.36,96187,0.00
997,4,100.00,14.02,2.86,2.86,11820.0,111.62,0.0312,11.903,123.523,1539.586,13.99,0.000,123.700,123.800,0.0238,0.000,0.0000,0.000,0.0000,0.000,0.0000,0.000,0.0000,0.000,0.0000,0.000,0.0000,0.00001495,3431752.99,5406394.18,96187,0.00
996,4,100.00,12.92,2.86,2.86,11720.0,112.03,0.0312,11.492,123.522,1539.585,12.89,0.000,123.700,123.800,0.0238,0.000,0.0000,0.000,0.0000,0.000,0.0000,0.000,0.0000,0.000,0.0000,0.000,0.0000,0.00001428,3431837.04,5406448.34,96187,0.00
995,4,100.00,12.54,2.86,2.86,11620.0,112.49,0.0312,11.030,123.520,1539.587,12.51,0.000,123.700,123.800,0.0238,0.000,0.0000,0.000,0.0000,0.000,0.0000,0.000,0.0000,0.000,0.0000,0.000,0.0000,0.00001564,3431918.69,5406505.96,96187,0.00
994,4,100.00,13.04,2.86,2.86,11520.0,111.94,0.0312,11.579,123.519,1539.586,13.01,0.000,123.700,123.800,0.0238,0.000,0.0000,0.000,0.0000,0.000,0.0000,0.000,0.0000,0.000,0.0000,0.000,0.0000,0.00001604,3431996.10,5406569.25,96187,0.00
993,4,100.00,13.04,2.86,2.86,11420.0,111.94,0.0312,11.577,123.517,1539.585,13.01,0.000,123.700,123.800,0.0238,0.000,0.0000,0.000,0.0000,0.000,0.0000,0.000,0.0000,0.000,0.0000,0.000,0.0000,0.00001605,3432071.12,5406635.36,96187,0.00
992,4,100.00,13.43,2.86,2.86,11320.0,111.59,0.0312,11.927,123.517,1539.584,13.40,0.000,123.700,123.800,0.0238,0.000,0.0000,0.000,0.0000,0.000,0.0000,0.000,0.0000,0.000,0.0000,0.000,0.0000,0.00001334,3432147.24,5406700.22,96187,0.00
991,4,100.00,13.03,2.86,2.86,11220.0,112.00,0.0312,11.514,123.514,1539.584,12.85,0.000,123.700,123.800,0.0238,0.000,0.0000,0.000,0.0000,0.000,0.0000,0.000,0.0000,0.000,0.0000,0.000,0.0000,0.00001549,3432223.36,5406765.07,96187,0.00
990,4,100.00,13.07,2.86,2.86,11120.0,111.83,0.0312,11.682,123.512,1539.583,13.04,0.000,123.700,123.800,0.0238,0.000,0.0000,0.000,0.0000,0.000,0.0000,0.000,0.0000,0.000,0.0000,0.000,0.0000,0.00001550,3432297.45,5406832.16,96187,0.00
989,4,100.00,13.47,2.86,2.86,11020.0,111.37,0.0312,12.141,123.511,1539.583,13.40,0.000,123.700,123.800,0.0238,0.000,0.0000,0.000,0.0000,0.000,0.0000,0.000,0.0000,0.000,0.0000,0.000,0.0000,0.00001516,3432369.91,5406901.08,96187,0.00
988,4,100.00,13.61,2.86,2.86,10920.0,111.43,0.0312,12.080,123.510,1539.584,13.44,0.000,123.700,123.800,0.0238,0.000,0.0000,0.000,0.0000,0.000,0.0000,0.000,0.0000,0.000,0.0000,0.000,0.0000,0.00001480,3432442.39,5406969.98,96187,0.00
987,4,100.00,13.86,2.86,2.86,10820.0,111.10,0.0312,12.408,123.508,1539.585,13.71,0.000,123.700,123.800,0.0238,0.000,0.0000,0.000,0.0000,0.000,0.0000,0.000,0.0000,0.000,0.0000,0.000,0.0000,0.00001463,3432514.87,5407038.87,96187,0.00
986,4,100.00,13.62,2.86,2.86,10720.0,111.37,0.0312,12.139,123.509,1539.584,13.48,0.000,123.700,123.800,0.0238,0.000,0.0000,0.000,0.0000,0.000,0.0000,0.000,0.0000,0.000,0.0000,0.000,0.0000,0.00001453,3432587.35,5407107.77,96187,0.00
985,4,100.00,13.40,2.86,2.86,10620.0,111.53,0.0312,11.975,123.505,1539.584,13.36,0.000,123.700,123.800,0.0238,0.000,0.0000,0.000,0.0000,0.000,0.0000,0.000,0.0000,0.000,0.0000,0.000,0.0000,0.00001452,3432659.83,5407176.67,96187,0.00
984,4,100.00,13.48,2.86,2.86,10520.0,111.35,0.0312,12.155,123.505,1539.584,13.44,0.000,123.700,123.800,0.0238,0.000,0.0000,0.000,0.0000,0.000,0.0000,0.000,0.0000,0.000,0.0000,0.000,0.0000,0.00001331,3432728.30,5407249.18,96187,0.00
983,4,100.00,14.22,2.86,2.86,10420.0,110.67,0.0312,12.833,123.503,1539.584,14.14,0.000,123.700,123.800,0.0238,0.000,0.0000,0.000,0.0000,0.000,0.0000,0.000,0.0000,0.000,0.0000,0.000,0.0000,0.00001345,3432789.90,5407327.95,96187,0.00
982,4,100.00,15.00,2.86,2.86,10320.0,110.07,0.0312,13.431,123.501,1539.584,14.92,0.000,123.700,123.800,0.0238,0.000,0.0000,0.000,0.0000,0.000,0.0000,0.000,0.0000,0.000,0.0000,0.000,0.0000,0.00001417,3432855.06,5407403.79,96187,0.00
981,4,100.00,15.27,2.86,2.86,10220.0,109.78,0.0312,13.720,123.500,1539.584,15.08,0.000,123.700,123.800,0.0238,0.000,0.0000,0.000,0.0000,0.000,0.0000,0.000,0.0000,0.000,0.0000,0.000,0.0000,0.00001443,3432919.93,5407479.89,96187,0.00
980,4,100.00,15.56,2.86,2.86,10120.0,109.37,0.0312,14.128,123.498,1539.584,15.50,0.000,123.700,123.800,0.0238,0.000,0.0000,0.000,0.0000,0.000,0.0000,0.000,0.0000,0.000,0.0000,0.000,0.0000,0.00001438,3432984.80,5407556.00,96187,0.00
979,4,100.00,15.65,2.86,2.86,10020.0,109.27,0.0312,14.227,123.497,1539.587,15.54,0.000,123.700,123.800,0.0238,0.000,0.0000,0.000,0.0000,0.000,0.0000,0.000,0.0000,0.000,0.0000,0.000,0.0000,0.00001436,3433049.46,5407632.28,96187,0.00
978,4,100.00,16.32,2.86,2.86,9920.0,108.63,0.0312,14.866,123.496,1539.588,16.25,0.000,123.700,123.800,0.0238,0.000,0.0000,0.000,0.0000,0.000,0.0000,0.000,0.0000,0.000,0.0000,0.000,0.0000,0.00001419,3433113.93,5407708.72,96187,0.00
977,4,100.00,15.46,2.86,2.86,9820.0,109.38,0.0312,14.114,123.494,1539.589,15.37,0.000,123.700,123.800,0.0238,0.000,0.0000,0.000,0.0000,0.000,0.0000,0.000,0.0000,0.000,0.0000,0.000,0.0000,0.00001385,3433177.95,5407785.54,96187,0.00
976,4,100.00,16.46,2.86,2.86,9720.0,108.64,0.0312,14.854,123.494,1539.589,16.35,0.000,123.700,123.800,0.0238,0.000,0.0000,0.000,0.0000,0.000,0.0000,0.000,0.0000,0.000,0.0000,0.000,0.0000,0.00001239,3433242.09,5407862.26,96187,0.00
975,4,100.00,15.36,2.86,2.86,9620.0,109.64,0.0312,13.853,123.493,1539.589,15.16,0.000,123.700,123.800,0.0238,0.000,0.0000,0.000,0.0000,0.000,0.0000,0.000,0.0000,0.000,0.0000,0.000,0.0000,0.00001233,3433303.26,5407941.35,96187,0.00
974,4,100.00,14.83,2.86,2.86,9520.0,110.08,0.0312,13.412,123.492,1539.587,14.70,0.000,123.700,123.800,0.0238,0.000,0.0000,0.000,0.0000,0.000,0.0000,0.000,0.0000,0.000,0.0000,0.000,0.0000,0.00001240,3433363.90,5408020.87,96187,0.00
973,4,100.00,14.26,2.86,2.86,9420.0,110.69,0.0312,12.800,123.490,1539.587,14.03,0.000,123.700,123.800,0.0238,0.000,0.0000,0.000,0.0000,0.000,0.0000,0.000,0.0000,0.000,0.0000,0.000,0.0000,0.00001241,3433424.55,5408100.38,96187,0.00
972,4,100.00,14.93,2.86,2.86,9320.0,110.14,0.0312,13.349,123.489,1539.587,14.89,0.000,123.700,123.800,0.0238,0.000,0.0000,0.000,0.0000,0.000,0.0000,0.000,0.0000,0.000,0.0000,0.000,0.0000,0.00001255,3433484.40,5408180.48,96187,0.00
971,4,100.00,13.81,2.86,2.86,9220.0,111.13,0.0312,12.358,123.488,1539.586,13.74,0.000,123.700,123.800,0.0238,0.000,0.0000,0.000,0.0000,0.000,0.0000,0.000,0.0000,0.000,0.0000,0.000,0.0000,0.00001294,3433542.60,5408261.80,96187,0.00
970,4,100.00,13.51,2.86,2.86,9120.0,111.48,0.0312,12.006,123.486,1539.585,13.39,0.000,123.700,123.800,0.0238,0.000,0.0000,0.000,0.0000,0.000,0.0000,0.000,0.0000,0.000,0.0000,0.000,0.0000,0.00001356,3433599.86,5408343.78,96187,0.00
969,4,100.00,13.53,2.86,2.86,9020.0,111.43,0.0312,12.055,123.485,1539.585,13.40,0.000,123.700,123.800,0.0238,0.000,0.0000,0.000,0.0000,0.000,0.0000,0.000,0.0000,0.000,0.0000,0.000,0.0000,0.00001284,3433655.27,5408427.02,96187,0.00
968,4,100.00,13.77,2.86,2.86,8920.0,111.20,0.0312,12.283,123.483,1539.586,13.68,0.000,123.700,123.800,0.0238,0.000,0.0000,0.000,0.0000,0.000,0.0000,0.000,0.0000,0.000,0.0000,0.000,0.0000,0.00001383,3433710.09,5408510.66,96187,0.00
967,4,100.00,14.07,2.86,2.86,8820.0,110.88,0.0312,12.602,123.482,1539.587,13.88,0.000,123.700,123.800,0.0238,0.000,0.0000,0.000,0.0000,0.000,0.0000,0.000,0.0000,0.000,0.0000,0.000,0.0000,0.00001288,3433764.50,5408594.56,96187,0.00
966,4,100.00,14.51,2.86,2.86,8720.0,110.52,0.0312,12.961,123.481,1539.586,14.33,0.000,123.700,123.800,0.0238,0.000,0.0000,0.000,0.0000,0.000,0.0000,0.000,0.0000,0.000,0.0000,0.000,0.0000,0.00001285,3433818.26,5408678.88,96187,0.00
965,4,100.00,14.68,2.86,2.86,8620.0,110.16,0.0312,13.321,123.481,1539.585,14.63,0.000,123.700,123.800,0.0238,0.000,0.0000,0.000,0.0000,0.000,0.0000,0.000,0.0000,0.000,0.0000,0.000,0.0000,0.00001162,3433871.69,5408763.41,96187,0.00
964,4,100.00,14.70,2.86,2.86,8520.0,110.23,0.0312,13.250,123.480,1539.587,14.55,0.000,123.700,123.800,0.0238,0.000,0.0000,0.000,0.0000,0.000,0.0000,0.000,0.0000,0.000,0.0000,0.000,0.0000,0.00001098,3433923.29,5408849.06,96187,0.00
963,4,100.00,14.76,2.86,2.86,8420.0,110.22,0.0312,13.261,123.481,1539.588,14.68,0.000,123.700,123.800,0.0238,0.000,0.0000,0.000,0.0000,0.000,0.0000,0.000,0.0000,0.000,0.0000,0.000,0.0000,0.00000970,3433973.70,5408935.43,96187,0.00
962,4,100.00,14.25,2.86,2.86,8320.0,110.56,0.0312,12.921,123.481,1539.588,14.19,0.000,123.700,123.800,0.0238,0.000,0.0000,0.000,0.0000,0.000,0.0000,0.000,0.0000,0.000,0.0000,0.000,0.0000,0.00000829,3434023.35,5409022.23,96187,0.00
961,4,100.00,15.12,2.86,2.86,8220.0,109.94,0.0312,13.541,123.481,1539.588,14.83,0.000,123.700,123.800,0.0238,0.000,0.0000,0.000,0.0000,0.000,0.0000,0.000,0.0000,0.000,0.0000,0.000,0.0000,0.00000806,3434071.39,5409109.92,96187,0.00
960,4,100.00,15.83,2.86,2.86,8140.0,109.19,0.0312,14.284,123.474,1539.588,15.66,0.000,123.700,123.800,0.0238,0.000,0.0000,0.000,0.0000,0.000,0.0000,0.000,0.0000,0.000,0.0000,0.000,0.0000,0.00001399,3434107.39,5409181.36,96187,0.00
959,4,100.00,15.83,2.86,2.86,8120.0,109.19,0.0312,14.284,123.474,1539.587,15.66,0.000,123.700,123.800,0.0238,0.000,0.0000,0.000,0.0000,0.000,0.0000,0.000,0.0000,0.000,0.0000,0.000,0.0000,0.00001399,3434116.25,5409199.29,96187,0.00
958,4,100.00,16.22,2.86,2.86,8020.0,108.98,0.0312,14.492,123.472,1539.586,15.88,0.000,123.700,123.800,0.0238,0.000,0.0000,0.000,0.0000,0.000,0.0000,0.000,0.0000,0.000,0.0000,0.000,0.0000,0.00001511,3434156.69,5409290.72,96187,0.00
957,4,100.00,16.51,2.86,2.86,7920.0,108.69,0.0312,14.780,123.470,1539.586,16.09,0.000,123.700,123.800,0.0238,0.000,0.0000,0.000,0.0000,0.000,0.0000,0.000,0.0000,0.000,0.0000,0.000,0.0000,0.00001610,3434193.73,5409383.58,96187,0.00
956,4,100.00,17.19,2.86,2.86,7820.0,108.49,0.0312,14.975,123.465,1539.588,16.34,0.000,123.700,123.800,0.0238,0.000,0.0000,0.000,0.0000,0.000,0.0000,0.000,0.0000,0.000,0.0000,0.000,0.0000,0.00002056,3434225.78,5409478.26,96187,0.00
955,4,100.00,16.55,2.86,2.86,7720.0,108.58,0.0312,14.883,123.463,1539.586,16.48,0.000,123.700,123.800,0.0238,0.000,0.0000,0.000,0.0000,0.000,0.0000,0.000,0.0000,0.000,0.0000,0.000,0.0000,0.00002150,3434254.22,5409574.14,96187,0.00
954,4,100.00,16.11,2.86,2.86,7620.0,108.90,0.0312,14.557,123.457,1539.587,16.00,0.000,123.700,123.800,0.0238,0.000,0.0000,0.000,0.0000,0.000,0.0000,0.000,0.0000,0.000,0.0000,0.000,0.0000,0.00002791,3434280.97,5409670.48,96187,0.00
953,4,100.00,15.82,2.86,2.86,7520.0,109.38,0.0312,14.073,123.453,1539.587,15.56,0.000,123.700,123.800,0.0238,0.000,0.0000,0.000,0.0000,0.000,0.0000,0.000,0.0000,0.000,0.0000,0.000,0.0000,0.00003020,3434306.85,5409767.08,96187,0.00
952,4,100.00,15.52,2.86,2.86,7420.0,109.68,0.0312,13.767,123.447,1539.587,15.22,0.000,123.700,123.800,0.0238,0.000,0.0000,0.000,0.0000,0.000,0.0000,0.000,0.0000,0.000,0.0000,0.000,0.0000,0.00003554,3434328.47,5409864.71,96187,0.00
951,4,100.00,15.80,2.86,2.86,7340.0,109.37,0.0312,14.075,123.445,1539.587,15.55,0.000,123.700,123.800,0.0238,0.000,0.0000,0.000,0.0000,0.000,0.0000,0.000,0.0000,0.000,0.0000,0.000,0.0000,0.00003526,3434343.24,5409943.33,96187,0.00
950,4,100.00,15.80,2.86,2.86,7320.0,109.37,0.0312,14.074,123.444,1539.586,15.55,0.000,123.700,123.800,0.0238,0.000,0.0000,0.000,0.0000,0.000,0.0000,0.000,0.0000,0.000,0.0000,0.000,0.0000,0.00003527,3434346.82,5409963.01,96187,0.00
949,4,100.00,14.69,2.86,2.86,7220.0,110.52,0.0312,12.920,123.440,1539.588,14.35,0.000,123.700,123.800,0.0238,0.000,0.0000,0.000,0.0000,0.000,0.0000,0.000,0.0000,0.000,0.0000,0.000,0.0000,0.00003887,3434365.53,5410061.24,96187,0.00
948,4,100.00,14.30,2.86,2.86,7180.0,110.76,0.0312,12.681,123.441,1539.587,14.20,0.000,123.700,123.800,0.0238,0.000,0.0000,0.000,0.0000,0.000,0.0000,0.000,0.0000,0.000,0.0000,0.000,0.0000,0.00003340,3434373.21,5410100.49,96187,0.00
947,4,100.00,14.30,2.86,2.86,7120.0,110.76,0.0312,12.679,123.439,1539.588,14.20,0.000,123.700,123.800,0.0238,0.000,0.0000,0.000,0.0000,0.000,0.0000,0.000,0.0000,0.000,0.0000,0.000,0.0000,0.00003343,3434384.76,5410159.37,96187,0.00
946,4,100.00,14.34,2.86,2.86,7020.0,110.79,0.0312,12.652,123.442,1539.588,14.10,0.000,123.700,123.800,0.0238,0.000,0.0000,0.000,0.0000,0.000,0.0000,0.000,0.0000,0.000,0.0000,0.000,0.0000,0.00002489,3434404.09,5410257.48,96187,0.00
945,4,100.00,13.71,2.86,2.86,6920.0,111.22,0.0312,12.225,123.445,1460.338,13.65,0.000,123.700,123.800,0.0238,0.000,0.0000,0.000,0.0000,0.000,0.0000,0.000,0.0000,0.000,0.0000,0.000,0.0000,0.00001858,3434423.15,5410355.65,96187,0.00
944,4,100.00,13.59,2.86,2.86,6820.0,111.41,0.0312,12.038,123.448,1381.088,13.40,0.000,123.700,123.800,0.0238,0.000,0.0000,0.000,0.0000,0.000,0.0000,0.000,0.0000,0.000,0.0000,0.000,0.0000,0.00001399,3434442.27,5410453.81,96187,0.00
943,4,100.00,12.94,2.86,2.86,6720.0,111.96,0.0312,11.490,123.450,1301.837,12.86,0.000,123.700,123.800,0.0238,0.000,0.0000,0.000,0.0000,0.000,0.0000,0.000,0.0000,0.000,0.0000,0.000,0.0000,0.00001124,3434461.64,5410551.91,96187,0.00
942,4,100.00,10.62,2.86,2.86,6620.0,114.39,0.0312,9.051,123.441,1222.588,10.57,0.000,123.700,123.800,0.0238,0.000,0.0000,0.000,0.0000,0.000,0.0000,0.000,0.0000,0.000,0.0000,0.000,0.0000,0.00003053,3434480.31,5410650.15,96187,0.00
941,4,100.00,10.62,2.86,2.86,6580.0,114.39,0.0312,9.054,123.444,1143.338,10.57,0.000,123.700,123.800,0.0238,0.000,0.0000,0.000,0.0000,0.000,0.0000,0.000,0.0000,0.000,0.0000,0.000,0.0000,0.00002665,3434487.97,5410689.41,96187,0.00
940,4,100.00,12.08,2.86,2.86,6520.0,112.87,0.0312,10.574,123.444,1064.088,12.03,0.000,123.700,123.800,0.0238,0.000,0.0000,0.000,0.0000,0.000,0.0000,0.000,0.0000,0.000,0.0000,0.000,0.0000,0.00002928,3434499.29,5410748.33,96187,0.00
939,4,100.00,12.79,2.86,2.86,6420.0,112.25,0.0312,11.197,123.447,984.839,12.72,0.000,123.700,123.800,0.0238,0.000,0.0000,0.000,0.0000,0.000,0.0000,0.000,0.0000,0.000,0.0000,0.000,0.0000,0.00002257,3434518.64,5410846.45,96187,0.00
938,4,100.00,14.01,2.86,2.86,6340.0,111.00,0.0312,12.451,123.451,905.590,13.97,0.000,123.700,123.800,0.0238,0.000,0.0000,0.000,0.0000,0.000,0.0000,0.000,0.0000,0.000,0.0000,0.000,0.0000,0.00001429,3434534.01,5410924.96,96187,0.00
937,4,100.00,14.01,2.86,2.86,6320.0,111.00,0.0312,12.453,123.453,826.339,13.97,0.000,123.700,123.800,0.0238,0.000,0.0000,0.000,0.0000,0.000,0.0000,0.000,0.0000,0.000,0.0000,0.000,0.0000,0.00001188,3434537.80,5410944.59,96187,0.00
936,2,120.00,13.55,2.86,2.86,6220.0,110.50,0.0312,12.950,123.450,747.089,13.55,0.000,123.700,123.800,0.0238,0.000,0.0000,0.000,0.0000,0.000,0.0000,0.000,0.0000,0.000,0.0000,0.000,0.0000,0.00000960,3434557.17,5411042.70,96187,0.00
