Ausleitung zum TP1 (geschätzt anhand BW E) 04.04.2016 12:00 - 29.08.2016 12.00 (3529 x 1h)
3529  1.000
-0.63882
-0.63882
-0.63176
-0.624656
-0.63882
-0.65279
-0.645825
-0.653326
-0.653326
-0.660475
-0.654549
-0.92714
-0.924209
-1.289974
-1.289974
-1.289974
-1.289974
-1.289974
0
0
0
-0.64
-1.280409
-0.655461
-0.921421
-0.96527
-1.078715
-0.96847
-1.007877
-1.007877
0
-0.950356
-1.007877
-0.96847
0
0
0
-0.951095
-1.013116
-1.005569
-0.977934
-0.963878
-0.925005
0
-0.917525
-0.910869
-1.796443
-1.583632
-1.551599
-1.618599
-1.618599
-1.691889
-1.618599
-1.691889
-1.618599
-1.618599
-1.680265
-1.618599
-1.700925
-1.69266
-1.64533
-1.702484
-1.691711
-1.702484
-1.557157
-1.657727
-1.596578
-1.691889
-1.703348
-1.716897
-1.699765
-1.627782
-1.696525
-1.696525
-1.974376
-1.667878
-1.66071
-1.221458
-1.69538
-1.696525
-1.696525
-1.720258
-1.696525
-1.720258
-1.627782
-1.696525
-1.627782
-1.627782
-1.627782
-1.691125
-1.680265
-1.691889
-1.776713
-1.716897
-1.77321
-1.696525
-1.696525
-1.696525
-1.703545
-1.691889
-1.691889
-1.59228
-1.706639
-1.691889
-1.727035
-1.716897
-1.618599
-1.618599
-1.631421
-1.618599
-1.618599
-1.691889
-1.691889
-1.716897
-1.697621
-1.696525
-1.757608
-1.720258
-1.961236
-1.696525
-1.784346
-1.770763
-1.798357
-1.861006
-1.861006
-1.992691
-1.999447
-1.776713
-1.776713
-1.795611
-2.132498
-1.691889
-1.716897
-1.716897
-1.716897
-2.016402
-1.999012
-1.997762
-1.997762
-1.997762
-1.86119
-1.91531
-1.961236
-1.828214
-1.770763
-1.696525
-1.770763
-1.696525
-1.616968
-1.59228
-1.618599
-1.536513
-1.536513
-1.536513
-1.618599
-1.701438
-1.761435
-1.633973
-1.691711
-1.557157
-1.579459
-1.507222
-1.494478
-1.414255
-1.370684
-1.507222
-1.654347
-1.610897
-1.633973
-1.618599
-1.696346
-1.696394
-1.594065
-1.557157
-1.50576
-1.431157
-1.431157
-1.431157
-1.519417
-1.702484
-1.680685
-1.691889
-1.618599
-1.618599
-1.578773
-1.564939
-1.556189
-1.472846
-1.42328
-1.431157
-1.39458
-1.654347
-1.507222
-1.431157
-1.431157
-1.431157
-1.431157
-1.360448
-1.371514
-1.431157
-1.443699
-1.449544
-1.472846
-1.619715
-1.680265
-1.691889
-1.618599
-1.631421
-1.554246
-1.633973
-1.581697
-1.582844
-1.654347
-1.561167
-1.596578
-1.557157
-1.633973
-1.618599
-1.691889
-1.631096
-1.596578
-1.794543
-1.557157
-1.633973
-1.713043
-1.693448
-1.618599
-1.716897
-1.680265
-1.618599
-1.691889
-1.632452
-1.616434
-1.716897
-1.64037
-1.696525
-1.708274
-1.696525
-1.696525
-1.770763
-1.696525
-1.557743
-1.627782
-1.649869
-1.618599
-1.618599
-1.550899
-1.633973
-1.557157
-1.583632
-1.580711
-1.618599
-1.691889
-1.618599
-1.691889
-1.64389
-1.691889
-1.691889
-1.680265
-1.618599
-2.001391
-1.691889
-1.691889
-1.997762
-1.997762
-1.618599
-1.691889
-1.696394
-1.685962
-1.675426
-1.691889
-1.618599
-1.691889
-1.668366
-1.691889
-1.630126
-1.616372
-1.627782
-1.757608
-1.720258
-1.696525
-1.696525
-1.696525
-1.66071
-1.66071
-1.66071
-1.727544
-1.66071
-1.727544
-1.68401
-1.730479
-1.717127
-1.709546
-1.678678
-1.716305
-1.68401
-1.242283
-1.730479
-1.709546
-1.667219
-1.666921
-1.661526
-1.632987
-1.620972
-1.689567
-1.69875
-1.624668
-1.649742
-1.589352
-1.547191
-1.581411
-1.517466
-1.534705
-1.534705
-1.588283
-1.566655
-1.540297
-1.578815
-1.522986
-1.525647
-1.513
-1.522604
-1.525647
-1.525647
-1.525647
-1.50847
-1.317234
-1.525647
-1.524969
-1.525647
-1.525647
-1.235409
-3.329922
-6.779905
-8.450233
-8.690161
-8.454806
-8.013928
-8.813232
-8.713782
-8.808479
-8.901896
-8.901896
-8.816356
-9.029729
-9.833977
-9.463157
-10.034095
-10.034095
-10.300761
-10.300761
-10.442811
-10.51137
-10.435753
-10.674756
-10.802986
-11.073281
-11.209695
-11.187431
-11.187431
-11.347659
-11.310402
-11.440234
-10.992008
-11.381648
-12.609393
-11.269673
-11.269673
-12.392925
-12.378978
-12.378978
-12.378978
-12.378978
-12.343565
-11.19897
-11.080353
-11.285712
-11.296591
-11.219135
-10.858677
-11.296591
-12.343565
-11.536695
-11.61707
-11.375751
-11.296591
-12.420982
-12.343565
-12.343565
-12.344648
-12.514244
-12.420982
-12.420982
-12.344648
-11.536695
-11.296591
-11.296591
-10.858677
-12.451659
-10.998133
-11.035564
-11.080353
-11.278717
-11.278717
-11.278717
-11.278717
-10.973933
-11.278717
-10.973933
-10.973933
-10.696478
-10.7908
-10.664065
-10.553906
-10.338918
-10.122584
-10.383769
-10.383769
-10.383769
-10.289989
-10.100743
-10.100743
-10.303088
-10.626873
-10.404884
-10.383769
-10.383769
-10.541536
-7.541059
-3.262211
-2.900774
-1.704792
-2.18276
-2.150923
-1.982602
-1.73448
-1.660466
-1.030466
-0.743784
-0.867891
-1.245636
-1.518474
-1.454985
-1.526494
-1.472668
-1.568868
-1.611627
-1.668713
-1.668298
-1.69617
-1.717127
-1.66071
-1.671676
-1.638983
-1.819576
-1.184994
-1.089931
-1.37532
-1.66071
-1.715628
-1.732464
-1.696525
-1.696525
-1.696525
-1.696525
-1.693015
-1.691889
-1.691889
-1.997762
-2.016402
-1.618599
-1.668366
-1.656243
-1.675426
-1.703348
-1.691889
-1.997762
-2.001391
-2.038678
-1.761435
-1.761435
-1.776713
-1.443897
-1.536513
-1.536513
-1.536513
-1.536513
-1.633973
-1.543573
-1.557157
-1.472846
-1.633973
-1.487349
-1.472846
-1.472863
-1.472571
-1.472371
-1.472055
-1.471832
-1.471517
-1.471295
-1.470914
-1.470626
-1.470406
-1.470094
-1.469808
-1.46959
-1.469306
-1.469088
-1.468779
-1.468563
-1.468189
-1.467908
-1.467667
-1.467387
-1.467148
-1.466896
-1.466685
-1.466381
-1.466104
-1.465895
-1.465527
-1.465252
-1.465018
-1.464744
-1.464511
-1.464266
-1.464061
-1.463764
-1.46356
-1.463264
-1.462929
-1.462728
-1.462433
-1.462167
-1.461939
-1.461703
-1.461504
-1.461213
-1.461016
-1.460726
-1.460399
-1.460176
-1.459916
-1.459693
-1.459435
-1.459243
-1.458986
-1.458729
-1.458539
-1.45819
-1.457936
-1.457719
-1.457466
-1.45725
-1.456999
-1.456784
-1.456564
-1.45638
-1.456102
-1.45579
-1.455578
-1.455332
-1.455086
-1.454877
-1.454633
-1.454424
-1.454212
-1.454035
-1.453764
-1.453459
-1.453254
-1.453015
-1.452811
-1.452574
-1.452402
-1.452136
-1.451931
-1.451761
-1.451497
-1.4512
-1.451002
-1.45077
-1.450573
-1.450343
-1.450147
-1.449919
-1.449786
-1.449528
-1.449239
-1.449046
-1.448822
-1.448598
-1.448407
-1.448185
-1.447995
-1.447775
-1.447649
-1.447399
-1.447118
-1.446931
-1.446715
-1.44653
-1.446314
-1.446162
-1.445917
-1.445704
-1.445586
-1.445343
-1.44507
-1.44489
-1.444681
-1.444503
-1.444295
-1.444118
-1.443912
-1.443769
-1.443564
-1.443361
-1.443125
-1.442923
-1.442783
-1.44255
-1.44235
-1.44218
-1.441981
-1.441812
-1.441649
-1.441514
-1.441224
-1.44103
-1.440864
-1.440671
-1.44054
-1.440315
-1.440125
-1.439962
-1.439807
-1.439558
-1.439398
-1.439211
-1.439052
-1.438867
-1.438709
-1.438525
-1.438368
-1.438186
-1.438039
-1.437824
-1.437645
-1.437526
-1.437313
-1.437136
-1.436985
-1.436809
-1.436659
-1.436484
-1.436335
-1.436138
-1.435966
-1.435819
-1.435648
-1.435538
-1.435334
-1.435165
-1.435022
-1.434855
-1.434713
-1.434524
-1.43436
-1.434219
-1.434056
-1.433917
-1.433756
-1.433618
-1.433458
-1.433357
-1.433105
-1.432983
-1.432883
-1.432692
-1.432536
-1.432404
-1.43225
-1.432118
-1.431966
-1.431836
-1.431627
-1.431513
-1.431384
-1.431236
-1.431144
-1.430961
-1.430815
-1.430689
-1.430544
-1.43042
-1.43022
-1.430113
-1.429991
-1.42985
-1.429729
-1.429589
-1.429469
-1.42933
-1.429248
-1.429074
-1.428882
-1.428838
-1.428667
-1.428532
-1.428418
-1.428284
-1.428171
-1.428039
-1.427927
-1.427796
-1.427612
-1.427538
-1.42741
-1.4273
-1.427173
-1.427047
-1.42694
-1.426815
-1.426708
-1.426531
-1.426371
-1.42634
-1.426218
-1.426115
-1.425995
-1.425892
-1.425773
-1.425709
-1.425555
-1.425385
-1.425285
-1.425206
-1.425091
-1.424993
-1.42488
-1.424783
-1.424671
-1.424575
-1.424464
-1.424301
-1.424207
-1.424134
-1.424041
-1.423933
-1.423878
-1.423735
-1.423629
-1.423538
-1.423433
-1.423241
-1.423189
-1.423123
-1.423035
-1.422933
-1.422846
-1.422746
-1.422697
-1.422561
-1.422462
-1.422327
-1.422229
-1.422095
-1.422086
-1.42199
-1.421909
-1.421814
-1.421733
-1.421639
-1.42146
-1.421417
-1.421325
-1.421247
-1.421193
-1.421152
-1.421026
-1.420936
-1.42086
-1.420772
-1.420599
-1.420561
-1.420438
-1.420401
-1.420352
-1.420279
-1.420195
-1.420159
-1.420039
-1.419956
-1.419837
-1.419755
-1.419638
-1.419605
-1.419561
-1.419492
-1.419413
-1.419345
-1.419267
-1.4192
-1.419075
-1.418998
-1.418933
-1.418857
-1.418864
-1.418753
-1.418678
-1.418615
-1.418541
-1.418385
-1.418359
-1.41825
-1.418225
-1.418153
-1.418129
-1.418058
-1.418034
-1.417928
-1.417859
-1.417754
-1.417685
-1.417581
-1.417559
-1.417456
-1.417471
-1.417404
-1.417348
-1.417282
-1.417226
-1.417116
-1.417052
-1.416997
-1.416933
-1.416879
-1.416851
-1.416789
-1.416736
-1.416674
-1.416621
-1.416516
-1.41642
-1.416403
-1.416343
-1.416292
-1.416268
-1.416253
-1.416159
-1.4161
-1.416051
-1.41595
-1.4159
-1.415843
-1.415752
-1.415738
-1.415717
-1.415669
-1.415614
-1.415567
-1.415469
-1.415415
-1.415368
-1.415314
-1.415268
-1.415215
-1.415196
-1.415151
-1.415098
-1.415054
-1.41496
-1.414874
-1.414864
-1.414813
-1.414769
-1.414718
-1.414675
-1.414659
-1.414609
-1.414566
-1.414476
-1.414434
-1.414385
-1.436955
-1.481678
-1.431157
-1.534339
-1.473499
-1.495249
-1.473499
-1.540743
-1.540743
-1.507222
-1.507222
-1.507222
-1.507222
-1.507222
-1.507222
-1.431157
-1.665688
-1.489276
-1.511568
-1.470373
-1.433079
-1.431157
-1.561167
-1.578326
-1.414255
-1.414255
-1.447681
-1.639604
-1.44873
-1.421381
-1.473499
-1.414255
-1.405531
-1.414255
-1.414255
-1.414255
-1.368508
-1.368508
-1.414255
-1.414255
-1.484326
-1.397286
-1.414255
-1.397286
-1.363029
-1.360448
-1.360448
-1.360809
-1.578773
-1.12486
-1.425936
-1.690413
-1.728697
-1.63613
-1.581411
-1.551124
-1.528034
-1.262446
-1.277706
-1.254943
-1.663015
-1.250476
-1.497198
-1.949573
-1.483031
-1.445122
-1.988318
-1.958853
-1.997462
-1.890541
-1.978073
-2.054026
-2.098766
-2.050503
-2.169775
-2.045172
-2.22098
-2.350109
-2.195312
-2.289257
-2.128856
-1.997462
-1.970093
-1.988318
-1.988318
-1.943565
-1.965546
-1.890541
-2.060907
-1.997462
-2.037658
-1.97121
-2.098766
-2.098766
-2.079643
-2.369614
-2.308959
-2.276198
-2.723472
-2.273505
-2.876218
-2.511741
-2.639926
-2.446954
-2.639926
-2.639926
-2.608203
-2.576426
-2.347417
-2.446954
-2.424114
-2.082659
-2.273505
-2.130665
-2.140283
-2.308959
-2.117203
-2.786776
-6.442462
-9.469782
-10.619156
-11.27825
-11.418183
-12.902368
-14.806061
-15.527255
-15.527255
-13.566751
-13.557973
-13.420264
-13.668385
-13.905922
-14.050144
-13.375312
-13.352688
-13.352688
-13.352688
-13.012902
-13.012902
-13.352688
-13.012902
-12.599627
-12.995192
-13.429893
-13.556634
-15.311176
-15.151119
-18.339937
-18.659689
-18.404251
-18.332523
-18.520119
-18.903078
-18.608814
-18.608814
-18.608814
-18.608814
-18.608814
-18.608814
-18.608814
-19.286198
-18.126894
-18.608814
-18.370632
-18.608814
-14.918838
-18.608814
-18.665134
-17.432863
-18.608814
-18.608814
-18.608814
-18.725885
-19.286198
-19.286198
-19.286198
-15.954104
-15.948222
-14.875775
-18.608814
-18.785761
-20.762615
-20.95109
-22.034433
-22.034433
-22.599937
-22.599937
-22.599937
-19.100088
-22.72473
-23.051928
-23.051928
-24.478003
-24.548752
-21.858784
-19.088335
-19.088335
-21.706224
-21.628147
-21.706224
-21.858784
-19.088335
-22.015352
-19.119553
-17.666559
-18.568411
-22.672626
-22.72473
-22.72473
-22.72473
-22.076431
-22.72473
-21.858784
-21.858784
-21.858784
-19.088335
-21.858784
-21.858784
-21.858784
-22.933969
-21.486725
-23.2146
-22.30961
-22.034433
-21.411774
-19.823715
-20.459314
-22.048281
-22.034433
-21.855791
-20.854576
-20.459314
-20.355516
-19.823715
-19.823715
-19.823715
-19.823715
-19.286198
-14.983843
-19.286198
-19.153549
-19.602547
-19.257586
-21.550543
-21.550543
-21.550543
-20.459314
-21.550543
-19.823715
-16.406662
-16.406662
-17.666559
-19.814646
-19.271933
-19.823715
-18.608814
-19.177416
-19.286198
-18.249676
-18.608814
-17.878914
-14.890703
-14.890703
-17.817862
-17.817862
-18.332523
-20.022953
-20.022953
-19.22637
-19.189365
-19.675915
-19.675915
-19.189365
-19.432299
-10.961289
-8.018856
-4.689878
-5.065298
-3.330788
-4.430142
-4.198785
-2.389359
-1.90986
-2.500592
-2.993504
-2.007739
-2.013943
-2.966965
-3.38231
-3.439164
-3.343945
-3.564126
-1.842053
-2.662794
-2.983019
-3.001872
-1.910703
-3.613764
-7.371904
-8.613809
-9.019751
-10.308785
-14.213521
-11.33674
-11.592844
-11.601842
-11.310402
-11.346162
-11.308469
-11.009789
-12.594116
-12.86698
-13.059664
-13.646331
-13.624293
-17.075186
-17.090679
-18.961832
-18.992842
-19.31135
-19.474657
-20.489206
-21.553968
-21.718842
-22.045301
-22.04985
-22.949255
-22.72473
-22.796808
-22.771963
-22.771963
-22.771963
-25.264004
-25.270473
-25.270473
-25.366472
-25.639214
-25.598375
-25.270473
-25.590349
-25.638712
-26.002443
-25.639618
-26.002443
-26.002443
-26.002443
-25.695501
-25.874491
-25.639618
-25.722086
-26.429998
-25.986591
-25.916424
-25.270473
-22.744879
-22.707996
-22.438105
-22.634201
-22.438105
-22.55839
-22.519403
-22.634201
-22.926662
-22.542576
-22.417917
-25.930416
-25.915907
-26.080931
-25.915907
-25.986591
-25.986591
-26.421511
-25.674948
-25.444595
-22.771963
-22.963999
-22.963999
-22.627701
-22.867226
-22.918886
-22.771963
-25.444595
-25.834383
-25.807775
-25.444595
-23.045427
-22.72473
-21.858784
-21.858784
-19.088335
-19.15151
-19.423677
-19.423677
-22.542576
-22.463886
-22.542576
-22.542576
-22.542576
-22.542576
-22.542576
-22.542576
-22.542576
-22.666761
-22.542576
-22.542576
-19.423677
-19.423677
-21.819925
-21.858784
-19.467852
-22.738419
-19.423677
-19.423677
-18.987375
-18.7628
-18.7628
-18.205023
-18.7628
-18.7628
-19.423677
-19.097837
-18.987375
-22.542576
-22.542576
-22.542576
-19.561029
-22.542576
-22.542576
-22.542576
-22.395514
-22.51565
-19.423677
-22.542576
-22.708311
-19.423677
-22.542576
-22.542576
-19.318415
-22.395514
-19.23461
-18.94702
-22.771963
-15.521156
-5.973066
-4.68607
-3.99188
-4.919014
-5.127211
-3.400836
-3.128922
-4.109796
-4.296455
-3.460014
-2.253626
-2.090462
-2.9602
-3.002874
-3.093275
-3.199032
-3.004178
-2.084978
-2.278524
-3.047175
-3.123898
-3.41014
-3.391267
-3.368538
-3.241288
-3.327435
-3.340754
-3.36435
-3.451747
-3.451747
-3.433885
-3.355186
-3.355186
-3.39958
-2.863037
-4.127983
-7.602423
-10.707371
-11.752632
-14.806061
-13.158371
-17.186255
-17.352564
-19.745604
-20.053539
-19.876757
-20.161411
-20.623838
-21.003284
-21.001957
-23.491648
-20.490622
-20.489206
-21.553968
-21.550543
-22.045301
-21.501316
-21.501316
-19.088335
-22.672626
-21.858784
-21.628147
-22.00589
-19.551228
-18.7628
-18.575367
-18.538462
-18.471582
-18.432777
-18.94702
-18.94702
-18.432777
-18.648331
-18.600418
-22.467407
-25.348852
-25.950436
-25.950436
-26.149845
-25.828163
-25.828163
-25.828163
-25.828163
-25.828163
-25.828163
-25.613865
-25.828163
-26.287786
-25.828163
-25.828163
-25.828163
-25.828163
-25.684017
-25.828163
-25.828163
-25.828163
-25.828163
-25.668182
-25.814943
-26.287786
-26.287786
-25.877424
-26.180523
-26.180523
-26.180523
-26.635643
-26.180523
-25.641951
-25.641951
-25.908926
-26.356962
-26.368114
-26.368114
-25.950436
-26.224926
-27.03227
-26.810188
-26.440952
-25.950436
-25.998629
-26.002443
-26.002443
-25.875061
-25.276682
-22.505081
-22.612364
-22.526443
-22.505081
-25.270672
-25.291275
-25.58214
-25.123886
-25.285795
-18.716848
-25.285795
-26.37067
-27.240202
-26.646147
-27.610752
-27.303497
-28.319872
-28.608643
-27.920584
-28.236933
-28.66535
-30.872269
-29.562273
-30.969355
-29.558947
-29.558947
-30.22879
-29.826359
-29.062006
-29.075478
-30.041815
-30.041815
-29.221598
-28.934158
-29.075478
-28.797197
-29.075478
-29.075478
-29.075478
-29.075478
-28.71875
-28.634785
-28.71875
-29.075478
-29.075478
-28.71875
-28.546259
-28.71875
-29.075478
-25.169975
-29.862951
-29.007034
-27.585377
-27.460884
-28.12048
-27.981972
-27.338209
-27.338209
-29.007034
-28.263071
-29.866325
-25.328789
-28.71875
-28.934158
-28.71875
-28.301651
-28.415329
-28.415329
-28.415329
-28.415329
-28.415329
-28.415329
-28.269594
-28.415329
-28.415329
-29.338001
-28.269594
-28.415329
-28.415329
-28.397943
-28.330883
-28.415329
-28.269594
-28.415329
-28.415329
-28.397943
-28.269594
-28.415329
-28.269594
-28.269594
-24.230818
-25.012318
-25.169975
-25.406805
-25.169975
-29.075478
-29.075478
-28.797197
-28.546259
-25.640589
-24.725597
-24.810678
-24.230818
-24.588036
-24.230818
-24.810678
-24.810678
-24.810678
-24.810678
-24.810678
-24.810678
-23.902454
-24.726034
-24.230818
-24.230818
-24.230818
-22.929449
-23.902454
-28.269594
-28.415329
-28.415329
-28.781319
-28.784208
-28.446774
-28.371714
-28.467009
-28.38632
-35.180943
-39.399792
-43.924957
-47.214775
-50.336433
-51.241463
-56.809807
-55.659729
-56.069889
-62.39053
-62.643341
-64.681183
-65.17527
-63.26762
-62.422585
-65.50547
-61.770046
-63.700081
-66.764038
-63.665401
-64.077744
-64.101776
-64.509048
-65.068581
-65.39193
-65.197212
-65.280991
-65.047699
-66.637177
-69.271523
-66.147179
-66.156166
-66.085068
-65.693199
-65.935669
-65.606247
-65.932335
-65.642761
-65.827133
-65.827133
-65.827133
-65.372841
-65.187286
-65.372841
-65.179169
-65.155655
-63.445744
-60.023659
-60.023659
-63.712257
-63.580982
-63.788296
-63.803993
-63.580982
-63.803993
-63.580982
-60.531055
-59.891109
-59.796135
-63.580982
-63.580982
-60.080944
-59.700977
-60.113537
-60.918011
-63.930668
-60.918011
-60.653664
-60.523571
-60.653664
-63.874573
-60.918011
-60.918011
-63.930668
-63.930668
-60.653664
-63.459648
-60.918011
-63.459648
-60.396217
-60.523571
-60.148403
-59.577751
-60.148403
-60.918011
-60.374397
-63.390499
-63.310589
-60.023659
-60.023659
-59.538906
-59.277843
-59.604473
-63.06649
-64.839508
-63.06649
-64.872543
-59.454659
-63.06649
-59.454659
-59.454659
-59.454659
-59.454659
-59.176121
-59.176121
-59.066399
-59.4142
-59.176121
-59.454659
-59.454659
-59.604473
-63.06649
-59.454659
-59.454659
-63.06649
-64.54171
-63.989418
-64.276314
-63.911457
-63.911457
-64.276314
-64.722343
-64.492912
-65.038605
-65.197281
-64.889771
-64.889771
-65.26226
-64.889771
-65.060593
-65.108582
-65.103569
-65.103569
-60.447117
-60.314812
-65.093941
-65.719788
-65.123001
-65.601349
-65.887695
-62.535816
-66.004219
-66.004219
-66.746613
-62.522579
-66.339203
-66.339203
-66.448349
-62.879677
-66.339203
-62.134979
-58.98996
-47.603374
-29.937799
-19.471535
-16.347345
-14.93499
-11.136033
-9.445464
-10.599095
-11.258254
-9.3928
-5.549009
-7.631005
-7.04208
-9.840752
-7.318131
-5.425143
-2.823582
-3.220254
-4.566289
-3.731916
-4.824751
-4.860226
-3.606867
-2.564774
-3.520352
-4.67976
-4.870889
-3.537916
-3.089504
-3.082314
-3.818928
-3.969136
-4.190907
-4.23641
-3.153827
-2.296939
-1.767502
-1.756431
-2.205424
-1.528509
-1.684753
-1.873291
-2.52177
-2.76115
-1.997537
-1.962639
-2.507222
-1.914475
-1.962639
-1.79205
-1.817166
-1.744449
-2.225664
-3.328609
-3.230345
-3.184098
-3.31201
-2.100842
0
-1.651203
-1.686701
-1.728697
-1.836497
-1.760281
-2.317951
-1.740134
-2.032507
-1.758276
-2.047282
-2.054601
-1.781516
-1.804261
-1.891044
-2.419663
-2.97443
-1.758276
-2.012275
-2.537985
-3.115289
-2.996282
-1.763911
-1.562285
-1.766721
-2.208833
-1.488652
-1.59411
-1.386596
-1.386596
-1.386596
-1.386596
-1.218924
-1.330343
-1.138978
-1.138978
-1.138978
-1.050301
-1.361615
-1.630065
-1.004985
-1.004985
-0.87239
-0.950675
0
0.021505
0
-1.299963
0
-0.846973
-0.924237
0
-0.069125
0
-0.846973
-1.322208
-1.004985
0
-1.574072
0
-0.877282
-1.248241
-1.588353
-1.683589
-1.683589
0
0
0
-0.846973
-1.004985
-1.14003
-1.59411
-1.817475
-2.054601
-2.021192
-2.847604
-2.267092
-2.150923
-2.757114
-3.340754
-3.707282
-6.413015
-9.900443
-10.802986
-11.528023
-12.702784
-12.998379
-12.917016
-13.375312
-13.126206
-18.468048
-26.394714
-42.425007
-48.992302
-47.688152
-57.964066
-58.141914
-59.374916
-62.370609
-64.920937
-67.744873
-72.38942
-69.763908
-69.652679
-71.320442
-74.654327
-72.684998
-71.123428
-72.048012
-73.191139
-72.100395
-71.712021
-71.25705
-72.491631
-72.317574
-71.726364
-69.202477
-69.408569
-68.738884
-68.922516
-69.380501
-68.977242
-68.583588
-68.737282
-68.424217
-68.046852
-68.385406
-68.046852
-67.786789
-67.786789
-67.41674
-67.157875
-67.157875
-66.833488
-66.372459
-66.656456
-66.067062
-66.067062
-65.688515
-62.158241
-61.897747
-60.413002
-67.080124
-61.135071
-60.476021
-60.76017
-59.390785
-59.552452
-59.299667
-58.923256
-59.377625
-60.008789
-60.411438
-66.337807
-68.410957
-68.866989
-66.786713
-66.544151
-67.877586
-68.245079
-68.053696
-68.260468
-68.223419
-68.124451
-68.068268
-68.068268
-67.087814
-66.339203
-66.088806
-66.406235
-62.641987
-66.339203
-66.729546
-66.746613
-66.746613
-66.746613
-66.746613
-66.89373
-68.53508
-68.30143
-69.87149
-73.621864
-68.888504
-69.86248
-69.618904
-72.973366
-69.524971
-69.992775
-70.282425
-70.213768
-68.02121
-67.956467
-67.935059
-68.723907
-68.356476
-66.788979
-66.72316
-66.72316
-65.772919
-66.355545
-66.415962
-66.300018
-65.694664
-65.694664
-64.272926
-64.938255
-60.438522
-60.673862
-60.810856
-60.810856
-64.938255
-64.938255
-61.008087
-66.548225
-60.638714
-59.529881
-59.529881
-59.529881
-59.778049
-60.181477
-60.231583
-60.231583
-60.326843
-60.428589
-59.966099
-60.319099
-60.606613
-60.523129
-61.342274
-60.853809
-60.544682
-60.202141
-62.286568
-61.449318
-60.429523
-60.67498
-61.167732
-66.516182
-62.132896
-61.938808
-61.938808
-61.936428
-62.08503
-62.225277
-61.897747
-60.374073
-60.099697
-60.141376
-60.806923
-60.858746
-67.702286
-67.140045
-66.790535
-68.509323
-66.652924
-67.107834
-67.473396
-67.351707
-66.452332
-66.070839
-66.585304
-67.103088
-67.140045
-66.391777
-62.217323
-66.391777
-62.170704
-66.391777
-62.170704
-60.858746
-60.858746
-60.858746
-60.476021
-61.197037
-61.028271
-60.950153
-61.374317
-61.947552
-61.553829
-61.152458
-61.455681
-60.945408
-60.754116
-60.754116
-61.110031
-60.388813
-60.411438
-60.411438
-66.89373
-59.664299
-59.377625
-59.729481
-59.624378
-59.829514
-59.765629
-59.580894
-59.456463
-59.878048
-47.438393
-29.465158
-18.751303
-15.923696
-11.343541
-10.265948
-11.890604
-9.820918
-9.139657
-6.277102
-8.307817
-6.936719
-5.22117
-2.716196
-2.429651
-3.314781
-4.573125
-3.992604
-2.991778
-2.125555
-2.430032
-2.964119
-3.191252
-3.226247
0
0
-0.040724
-0.044525
0
-0.112833
0
-1.282812
-1.699424
-1.541064
-1.693329
-1.742717
-1.795057
-2.480513
-3.206251
-3.167506
-3.338197
-3.493728
-2.961447
-2.97443
-2.051963
-2.20864
-2.757818
-2.596512
-1.898921
-1.797443
-1.797443
-1.660086
-0.94573
0
0.020995
-0.004786
0
0
0.007617
-0.003069
-0.964685
-0.709451
-0.709451
-0.709451
-0.698254
-0.709451
-0.938315
-0.93385
-0.930036
-1.376133
-1.403244
-1.33198
-1.405372
-1.392777
-1.411469
-1.429772
-1.407974
-1.517466
-1.429772
-1.429772
-0.978581
-0.978581
-0.978581
-0.978581
-1.239306
-1.504383
-1.044335
-1.036475
-1.504383
-1.039248
-1.326238
-1.04613
-1.026205
-1.021445
-1.04613
-1.04613
-0.972889
-1.021445
-1.021445
0
0
0
0
-0.951173
-1.315411
-1.32498
-0.712494
-0.762149
-1.085916
-0.746854
-1.318697
-2.349771
-1.808258
-2.094018
-1.930416
-2.140283
-2.092127
-2.62158
-2.454045
-1.804083
-2.272166
-2.030365
-2.030365
-1.877584
-1.916394
-2.030365
-2.22455
-2.698226
-2.730535
-2.072321
-2.223794
-1.202229
-1.998898
-2.698226
-2.260491
-1.331701
-1.234219
-1.902053
-2.186543
-2.756745
-4.533048
-8.033081
-8.610332
-6.297105
-6.363575
-5.535956
-5.6545
-5.61825
-5.460268
-5.446138
-5.80416
-5.789941
-5.571099
-5.261077
-5.42668
-5.42668
-5.538586
-5.613184
-5.973786
-5.905355
-5.701771
-5.894281
-6.318821
-6.037939
-6.592369
-4.866153
-4.506968
-3.553609
-3.281254
-2.507538
-2.834132
-2.693858
-3.085273
-1.972815
-1.928657
-1.857166
-2.511567
-2.197787
-2.937714
-3.071277
-3.179617
-3.107391
-2.150923
-2.243029
-1.872837
-1.983323
-1.870255
-2.054601
-2.054601
-1.813678
-1.865775
-1.628374
-1.766721
-1.562285
-1.59502
-1.696604
-1.562285
-1.435167
-1.562285
-1.386596
-1.558383
-1.523463
-1.488652
-1.330343
-1.170699
-1.331701
-1.331701
-1.777748
-2.223794
-2.223794
-2.634081
-1.331701
-1.966826
-2.072321
-2.345547
-2.030365
-2.446954
-2.030365
-2.479727
-1.954988
-1.439612
-1.277151
-1.004985
-1.004985
-1.344287
-1.683589
-1.683589
-1.558178
-1.716534
-1.683589
-1.917351
-1.683589
-1.683589
-1.683589
-1.683589
-1.683589
-1.683589
-1.558178
-1.683589
-0.958856
-1.244017
-1.683589
-1.529178
-1.883761
-2.082659
-1.883761
-1.883761
-2.082659
-2.067203
-2.31357
-1.797443
-1.714994
-1.797443
-1.883761
-1.883761
-2.273505
-1.883761
-2.017053
-1.883761
-1.883761
-1.565566
-1.714994
-1.797443
-2.175284
-1.586831
-1.797443
-1.794837
-2.573731
-2.33325
-2.297017
-1.331701
-2.113995
-2.030365
-2.030365
-1.797443
-1.797443
-1.797443
-1.797443
-1.004985
-1.590135
-2.245063
-2.576426
-2.538969
-1.331701
-1.814359
-1.331701
-1.220328
-1.386596
-1.386596
-1.386596
-1.331701
-1.740451
-1.234219
-1.331701
-1.331701
-1.386596
-1.766721
-1.766721
-1.766721
-1.766721
-1.766721
-1.766721
-1.992538
-1.992538
-2.516918
-3.142907
-1.766721
-1.766721
-1.59502
-1.766721
-1.766721
-1.766721
-1.766721
-1.562285
-1.766721
-1.992538
-1.889784
-2.730942
-1.874673
-2.435478
-2.025564
-2.054601
-2.996282
-2.983386
-2.961447
-3.081591
-3.081591
-3.02796
-2.996282
-3.02796
-2.054601
-2.054601
-1.905276
-1.874673
-2.458621
-1.874673
-1.874673
-1.693341
-1.693341
-2.161988
-1.783258
-1.874673
-1.874673
-1.874673
-1.723198
-1.874673
-1.783258
-1.874673
-1.874673
-1.874673
-1.781542
-1.966368
-2.550926
-2.054601
-2.054601
-2.054601
-2.996282
-2.161988
-2.996282
-2.996282
-1.897261
-1.891044
-1.891044
-1.966368
-1.949003
-2.474384
-1.998166
-1.891044
-1.998166
-1.930509
-1.891044
-1.891044
-1.891044
-1.891044
-1.781542
-1.930509
-1.998166
-1.998166
-1.998166
-2.054601
-2.018363
-2.03104
-2.054601
-2.054601
-2.054601
-2.054601
-1.758276
-2.661086
-3.102654
-3.104432
-2.996282
-2.996282
-2.992713
-1.989488
-1.891044
-1.966368
-2.731383
-3.563896
-2.661086
-1.930509
-2.47143
-1.998166
-1.998166
-2.054601
-2.054601
-3.056299
-3.776094
-2.110528
-1.874673
-2.435478
-2.048634
-2.935046
-2.934834
-3.496398
-3.551118
-2.97443
-2.948282
-1.966368
-2.934834
-1.891044
-2.426245
-1.891044
-1.785357
-2.03104
-1.965896
-2.110528
-2.847024
-2.054601
-1.723198
-1.874673
-1.783258
-1.693341
-2.7709
-2.861566
-1.844073
-1.995858
-1.7583
-1.992538
-1.766721
-1.766721
-1.693341
-1.693341
-1.783258
-1.761068
-1.696605
-1.766721
-1.766721
-1.628374
-1.562285
-1.766721
-1.562285
-1.562285
-1.562285
-1.562285
-1.562285
-1.992538
-1.562285
-1.562285
-3.488921
-3.488921
-1.466453
-1.435167
-1.593022
-1.386596
-1.386596
-1.386596
-1.386596
-1.386596
-1.386596
-1.386596
-1.59411
-2.127264
-1.59411
-1.59411
-2.450951
-1.821474
-1.562285
-1.766721
-2.462621
-1.766721
-2.534183
-2.660418
-2.500937
-1.667083
-1.488652
-1.59411
-1.59411
-1.59411
-1.59411
-1.821474
-2.555357
-3.076503
-2.23155
-1.59411
-1.562285
-1.839402
-1.992538
-2.0728
-1.766721
-1.992538
-2.239524
-2.239524
-1.992538
-2.155455
-2.239524
-1.992538
-1.953175
-1.562285
-1.562285
-1.435167
-1.766721
-1.766721
-1.764475
-1.703693
-1.693341
-1.693341
-1.693341
-1.693341
-1.695953
-1.977596
-1.98445
-1.693341
-1.723198
-1.693341
-2.39993
-2.239524
-1.876611
-1.992538
-2.658119
-3.980769
-3.43348
-1.737999
-1.59411
-1.742875
-1.563824
-2.5085
-3.241288
-3.058783
-3.173235
-3.190381
-3.063811
-3.058783
-3.241288
-3.058783
-3.058783
-2.991002
-2.883235
-3.058783
-3.058783
-2.991002
-3.058783
-3.058783
-3.058783
-3.190381
-3.033084
-2.9829
-3.083295
-2.166824
-2.150923
-3.107391
-2.162326
-2.246785
-1.728697
-1.762361
-1.737961
-2.506769
-3.340338
-3.386385
-3.245063
-2.262202
-2.262202
-2.863037
-2.863037
-3.385321
-3.404239
-3.474519
-3.404239
-3.404239
-1.842053
-1.817567
-1.804338
-2.371833
-1.765017
-1.758276
-2.372749
-1.891044
-1.82679
-1.848745
-1.891044
-1.891044
-1.870255
-1.804261
-1.687135
-1.758276
-1.758276
-1.758276
0
-1.614934
-1.683567
-1.753133
-1.693341
0
0
-1.520035
-1.783258
-1.67048
-1.734732
-1.758276
-1.639135
-1.758276
-2.032507
-1.813678
-1.844073
-1.693341
-1.693341
-1.576701
-1.605525
-1.634625
-1.693341
-1.693341
-1.844073
-1.693341
-1.693341
-1.693341
-1.693341
-1.992538
-1.953175
-1.992538
-1.766721
-1.766721
-1.766721
-1.874673
-2.424552
-1.891044
-2.412939
-2.97443
-1.891044
-1.998166
-2.012275
-1.966368
-1.998166
-1.848745
-1.781542
-1.758276
-1.911128
-1.891044
-1.82679
-1.848745
-1.891044
-1.758276
-1.639135
-1.804261
-1.82679
-2.413277
-1.870255
-1.891044
-1.891044
-1.930509
-1.891044
-1.663177
-1.839441
-1.874673
0
0
0
0
-1.520035
0
-0.07193
0
-0.009613
0.021173
-1.404358
-1.821941
-1.874673
-1.693341
-2.054601
-1.693341
-1.783258
-1.693341
-2.39993
-2.239524
-1.992538
-2.239524
-1.59502
-1.766721
-1.992538
-1.766721
-1.662226
-1.562285
0
-1.373858
0
-1.373858
0
0
-1.373858
-1.766721
-1.562285
-1.562285
-1.466453
-1.435167
-1.52984
0
0
-1.373858
-1.466453
-1.562285
0
-1.373858
-1.56354
-1.384905
-1.386596
-1.187216
-1.386596
0
-1.124707
-1.386596
-1.218924
-1.319711
-1.386596
-2.023507
-1.59411
-1.667083
-2.11584
-1.386596
-1.420272
0
-1.124707
-1.386596
-1.218924
-1.386596
-1.386596
-1.386596
-1.387019
-1.329537
-1.138978
-1.331701
-1.331701
-1.331701
-1.331701
-1.202521
-1.331701
-1.777748
-1.331701
-1.331701
-0.978718
-1.252618
-1.218924
-1.386596
-1.386596
-1.386596
-1.59411
-1.59411
-1.386596
-1.386596
-1.156022
-1.386596
-1.340913
-1.227513
-1.184477
0
0
0
1.124407
0
0
0
0
0
0
0
0
0
0
0
0
0
0
0
0
0
0
0
0
0
0
0
0
0
0
0
0
0
0
0
0
0.689622
-0.019024
-0.721944
-0.715856
-0.962471
-1.205657
-1.440561
-1.425395
-1.408986
-1.453363
-1.438002
-1.421941
-1.483367
-1.47835
-1.466073
-1.45399
-1.442288
-1.431084
-0.978581
0
0
0
0.003751
0
0
0
0
0
0
0
0.95295
0
-0.951173
-1.016443
-1.000124
-1.021445
-1.021445
-0.994244
-1.021445
-1.018876
-0.979298
-0.969962
-1.237172
0
0
-0.988198
-1.052279
-1.368203
-1.684126
-1.621179
0
0
0
0
0
0
0
0
0
0
0
0
0
0
0.005437
-0.969962
0
-0.010195
-0.00431
0
0
0
0
0
0
0
0
0
0
0
-0.005192
-0.980719
-1.02682
-0.969962
0
0
-0.962459
0
0
-0.962459
-0.972679
-1.429772
-0.978581
-0.967327
-0.967351
0
-0.962459
-0.975564
-0.978581
0
0
-0.962459
-0.967351
-0.995437
-0.969962
-0.967179
-1.023292
-0.936844
-0.990021
-1.247202
-1.529716
-1.504383
-1.036475
-1.504383
-1.537832
0
-0.63882
0
0
0
0
0
0
0
0
0
0
0
0
-1.289974
0
0
0
0
0
0.186224
0
-1.280409
-0.655461
0
-0.96527
-1.078715
-0.96847
0
0
0
0
0
0
0
0
-0.951095
-0.951095
-1.013116
-1.005569
-0.977934
-0.963878
-0.925005
-0.96527
-0.917525
-0.910869
-1.796443
-1.583632
0
0
0
0
0
0
0
-1.618599
-1.680265
0
0
-1.69266
0
0
-1.691711
0
-1.557157
0
-1.596578
-1.691889
0
0
-1.699765
0
0
0
0
0
0
-1.221458
0
0
-1.696525
-1.720258
-1.696525
0
0
-1.696525
-1.627782
-1.627782
-1.627782
-1.691125
-1.680265
-1.691889
-1.776713
-1.716897
-1.77321
-1.696525
-1.696525
0
-1.703545
0
-1.691889
0
0
-1.691889
-1.727035
-1.716897
-1.618599
-1.618599
-1.631421
-1.618599
-1.618599
-1.691889
-1.691889
-1.716897
-1.697621
-1.696525
-1.757608
-1.720258
-1.961236
-1.696525
-1.784346
-1.770763
-1.798357
-1.861006
-1.861006
-1.992691
-1.999447
-1.776713
-1.776713
-1.795611
-2.132498
-1.691889
-1.716897
-1.716897
-1.716897
-2.016402
-1.999012
-1.997762
-1.997762
-1.997762
-1.86119
-1.91531
-1.961236
-1.828214
-1.770763
-1.696525
-1.770763
-1.696525
-1.616968
-1.59228
-1.618599
-1.536513
-1.536513
-1.536513
-1.618599
-1.701438
-1.761435
-1.633973
-1.691711
-1.557157
-1.579459
-1.507222
-1.494478
-1.414255
-1.370684
-1.507222
-1.654347
-1.610897
-1.633973
-1.618599
-1.696346
-1.696394
-1.594065
-1.557157
-1.50576
-1.431157
-1.431157
-1.431157
-1.519417
-1.702484
-1.680685
-1.691889
-1.618599
-1.618599
-1.578773
-1.564939
-1.556189
-1.472846
-1.42328
-1.431157
-1.39458
-1.654347
-1.507222
-1.431157
-1.431157
-1.431157
-1.431157
-1.360448
-1.371514
-1.431157
-1.443699
-1.449544
-1.472846
-1.619715
-1.680265
-1.691889
-1.618599
-1.631421
-1.554246
-1.633973
-1.581697
-1.582844
-1.654347
-1.561167
-1.596578
-1.557157
-1.633973
-1.618599
-1.691889
-1.631096
-1.596578
-1.794543
-1.557157
-1.633973
-1.713043
-1.693448
-1.618599
-1.716897
-1.680265
-1.618599
-1.691889
-1.632452
-1.616434
-1.716897
-1.64037
-1.696525
-1.708274
-1.696525
-1.696525
-1.770763
-1.696525
-1.557743
-1.627782
-1.649869
-1.618599
-1.618599
-1.550899
-1.633973
-1.557157
-1.583632
-1.580711
-1.618599
-1.691889
-1.618599
-1.691889
-1.64389
-1.691889
-1.691889
-1.680265
-1.618599
-2.001391
-1.691889
-1.691889
-1.997762
-1.997762
-1.618599
-1.691889
-1.696394
-1.685962
-1.675426
-1.691889
-1.618599
-1.691889
-1.668366
-1.691889
-1.630126
-1.616372
-1.627782
-1.757608
-1.720258
-1.696525
-1.696525
-1.696525
-1.66071
-1.66071
-1.66071
-1.727544
-1.66071
-1.727544
-1.68401
-1.730479
-1.717127
-1.709546
-1.678678
-1.716305
-1.68401
-1.242283
-1.730479
-1.709546
-1.667219
-1.666921
-1.661526
-1.632987
-1.620972
-1.689567
-1.69875
-1.624668
-1.649742
-1.589352
-1.547191
-1.581411
-1.517466
-1.534705
-1.534705
-1.588283
-1.566655
-1.540297
-1.578815
-1.522986
-1.525647
-1.513
-1.522604
-1.525647
-1.525647
-1.525647
-1.50847
-1.317234
-1.525647
-1.524969
-1.525647
-1.525647
-1.235409
-3.329922
-6.779905
-8.450233
-8.690161
-8.454806
-8.013928
-8.813232
-8.713782
-8.808479
-8.901896
-8.901896
-8.816356
-9.029729
-9.833977
-9.463157
-10.034095
-10.034095
-10.300761
-10.300761
-10.442811
-10.51137
-10.435753
-10.674756
-10.802986
-11.073281
-11.209695
0
0
0
0
0
0
0
0
0
0
-12.392925
-12.378978
-12.378978
-12.378978
-12.378978
-12.343565
-11.19897
-11.080353
-11.285712
-11.296591
-11.219135
-10.858677
-11.296591
-12.343565
-11.536695
-11.61707
-11.375751
-11.296591
-12.420982
-12.343565
-12.343565
-12.344648
-12.514244
-12.420982
-12.420982
-12.344648
-11.536695
-11.296591
-11.296591
-10.858677
-12.451659
-10.998133
-11.035564
-11.080353
-11.278717
-11.278717
-11.278717
-11.278717
-10.973933
0
-10.973933
-10.973933
-10.696478
-10.7908
-10.664065
-10.553906
-10.338918
-10.122584
-10.383769
-10.383769
-10.383769
-10.289989
-10.100743
-10.100743
-10.303088
-10.626873
-10.404884
-10.383769
-10.383769
0
0
0
0
0
0
0
0
0
0
0
0
0
0
0
0
0
0
0
0
0
0
0
0
0
0
-1.638983
0
0
0
0
0
0
0
0
0
0
0
0
0
0
0
0
0
0
0
0
0
0
0
0
0
0
0
0
0
0
0
0
0
0
0
0
0
0
0
0
0
0
0
0
0
0
0
0
0
0
0
0
0
0
0
0
0
0
0
0
0
0
0
0
0
0
0
0
0
0
0
0
0
0
0
