"ID","KNO","TYP","STAT","SOHL","UF_L","UF_R","WSP","Q","V","AVOL","I1000","HEL","HGR","HWSPORI","HDECKDF","HSOHLOF","KS","B_WSP","FROUDE","IT","TIME","X","Y"
21384,1223,4,2369.00000,115.360001,131.940002,132.850006,127.314697,1500.00012,3.86457968,0.00000000E+00,1.18677545,128.075912,121.770477,127.314697,3047.86963,115.360001,34.9650345,0.00000000E+00,0.00000000E+00,1,0.166666672
21384,1222,4,2300.00000,117.720001,131.570007,131.690002,127.581322,1500.26990,1.25635362,0.00000000E+00,8.91182572E-02,127.915466,120.428925,127.581322,3047.86963,117.720001,34.9650345,0.00000000E+00,0.00000000E+00,3334,555.666687
21384,1221,4,2200.00000,110.770012,130.210007,131.619995,127.619415,1501.12109,0.556379914,0.00000000E+00,1.48235522E-02,127.661285,114.780434,127.619415,3047.86963,110.770004,34.9650345,0.00000000E+00,0.00000000E+00,3334,555.666687
21384,1220,4,2098.00000,116.610001,130.330002,131.490005,127.612617,1502.27808,0.685694873,0.00000000E+00,2.95615625E-02,127.632278,120.081917,127.612617,3047.86963,116.610001,34.9650345,0.00000000E+00,0.00000000E+00,3334,555.666687
21384,1219,4,1997.00012,118.070015,130.210007,131.479996,127.606613,1503.43091,0.769370258,0.00000000E+00,4.34691124E-02,127.632278,121.022217,127.606613,3047.86963,118.070007,34.9650345,0.00000000E+00,0.00000000E+00,3334,555.666687
21384,1218,4,1897.00000,117.960007,130.279999,131.500000,127.604935,1504.57788,0.752840817,0.00000000E+00,4.03860956E-02,127.632278,120.868919,127.604935,3047.86963,117.960007,34.9650345,0.00000000E+00,0.00000000E+00,3334,555.666687
21384,1217,4,1796.00000,117.059998,130.250000,131.199997,127.605331,1505.73450,0.695956290,0.00000000E+00,3.08427624E-02,127.632080,120.132057,127.605331,3047.86963,117.059998,34.9650345,0.00000000E+00,0.00000000E+00,3334,555.666687
21384,1216,4,1696.00000,117.280006,130.339996,131.160004,127.603279,1506.88000,0.699565113,0.00000000E+00,3.13914530E-02,127.628098,120.124878,127.603279,3047.86963,117.280006,34.9650345,0.00000000E+00,0.00000000E+00,3334,555.666687
21384,1215,4,1595.00000,117.220001,130.300003,130.990005,127.605232,1508.13220,0.626513660,0.00000000E+00,2.62249168E-02,127.627640,120.007660,127.605232,3047.86963,117.220001,34.9650345,0.00000000E+00,0.00000000E+00,3334,555.666687
21384,1214,4,1485.00012,116.290001,130.270004,131.119995,127.606140,1509.60999,0.565224051,0.00000000E+00,1.89368278E-02,127.624237,119.583122,127.606140,3047.86963,116.290001,34.9650345,0.00000000E+00,0.00000000E+00,3334,555.666687
21384,1213,4,1374.00000,116.470001,130.270004,130.820007,127.604538,1511.11340,0.572829604,0.00000000E+00,1.97164938E-02,127.621040,119.449898,127.604538,3047.86963,116.470001,34.9650345,0.00000000E+00,0.00000000E+00,3334,555.666687
21384,1212,4,1268.00000,116.959999,130.240005,130.399994,127.600838,1512.50671,0.626183271,0.00000000E+00,2.43216529E-02,127.619148,120.043129,127.600838,3047.86963,116.959999,34.9650345,0.00000000E+00,0.00000000E+00,3334,555.666687
21384,1211,4,1171.00000,116.739998,130.110001,133.919998,127.595100,1513.67688,0.711384177,0.00000000E+00,3.18110101E-02,127.617897,119.992966,127.595100,3047.86963,116.739998,34.9650345,0.00000000E+00,0.00000000E+00,3334,555.666687
21384,1210,4,1068.00000,117.559998,129.960007,136.699997,127.584900,1514.77075,0.851622224,0.00000000E+00,4.75218743E-02,127.616028,120.410828,127.584900,3047.86963,117.559998,34.9650345,0.00000000E+00,0.00000000E+00,3334,555.666687
21384,1209,4,958.000122,117.629997,130.130005,136.559998,127.576302,1515.80200,0.929057777,0.00000000E+00,5.48198521E-02,127.616028,120.247849,127.576302,3047.86963,117.629997,34.9650345,0.00000000E+00,0.00000000E+00,3334,555.666687
21384,1208,4,856.000000,117.120003,130.149994,135.520004,127.563683,1516.67139,1.05609548,0.00000000E+00,7.40477517E-02,127.613899,120.436623,127.563683,3047.86963,117.120003,34.9650345,0.00000000E+00,0.00000000E+00,3334,555.666687
21384,1207,4,754.000000,117.709999,130.119995,135.160004,127.553238,1517.48218,1.12825930,0.00000000E+00,8.49763080E-02,127.613861,120.526657,127.553238,3047.86963,117.709999,34.9650345,0.00000000E+00,0.00000000E+00,3334,555.666687
21384,1206,4,645.000000,116.400002,130.009995,129.940002,127.551201,1518.31824,1.07479525,0.00000000E+00,7.07488954E-02,127.613029,120.024666,127.551201,3047.86963,116.400002,34.9650345,0.00000000E+00,0.00000000E+00,3334,555.666687
21384,1205,4,545.000000,116.120003,129.850006,130.940002,127.545372,1519.07861,1.09179890,0.00000000E+00,7.36730695E-02,127.605186,119.961349,127.545372,3047.86963,116.120003,34.9650345,0.00000000E+00,0.00000000E+00,3334,555.666687
21384,1204,4,448.000000,117.320000,129.779999,130.800003,127.535286,1519.81348,1.16757238,0.00000000E+00,9.01949853E-02,127.600334,120.219597,127.535286,3047.86963,117.320000,34.9650345,0.00000000E+00,0.00000000E+00,3334,555.666687
21384,1203,4,343.000031,116.730011,129.570007,130.339996,127.536278,1520.61609,1.07295454,0.00000000E+00,7.03986511E-02,127.600197,120.030403,127.536278,3047.86963,116.730011,34.9650345,0.00000000E+00,0.00000000E+00,3334,555.666687
21384,1202,4,247.000015,116.169998,127.470001,130.309998,127.534882,1521.36169,1.03411829,0.00000000E+00,6.30752593E-02,127.591454,119.533035,127.534882,3047.86963,116.169998,34.9650345,0.00000000E+00,0.00000000E+00,3334,555.666687
21384,1201,4,138.000000,116.830002,127.269997,127.200005,127.540382,1522.31409,0.907085419,0.00000000E+00,5.42529561E-02,127.588402,120.226173,127.540382,3047.86963,116.830002,34.9650345,0.00000000E+00,0.00000000E+00,3334,555.666687
96187,1190,4,31096.0039,121.110008,137.960007,137.789993,127.543053,2679.52002,3.90882492,0.00000000E+00,1.74839950,127.588402,125.477325,127.543053,3047.86963,121.110008,34.9650345,0.00000000E+00,0.00000000E+00,2902,483.666687
96187,1189,4,30995.0020,117.720001,117.960007,132.070007,127.934944,2679.33032,2.11635041,0.00000000E+00,0.346625179,127.588402,122.814262,127.934944,3047.86963,117.720001,34.9650345,0.00000000E+00,0.00000000E+00,2902,483.666687
96187,1188,4,30895.0000,110.790001,110.820007,132.059998,128.070694,2678.89014,0.778587580,0.00000000E+00,3.68279703E-02,127.588402,120.250427,128.070694,3047.86963,110.790001,34.9650345,0.00000000E+00,0.00000000E+00,2902,483.666687
96187,1187,4,30795.0000,116.580002,116.820000,132.160004,128.029816,2678.29321,1.13258159,0.00000000E+00,0.114369325,127.588402,123.754181,128.029816,3047.86963,116.580002,34.9650345,0.00000000E+00,0.00000000E+00,2902,483.666687
96187,1186,4,30694.0000,120.500000,131.570007,132.070007,127.988457,2677.75293,1.35031736,0.00000000E+00,0.164555728,127.588402,124.790771,127.988457,3047.86963,120.500000,34.9650345,0.00000000E+00,0.00000000E+00,2902,483.666687
96187,1185,4,30594.0000,120.230003,131.509995,131.740005,127.958992,2677.28076,1.43837023,0.00000000E+00,0.178156778,127.588402,124.220795,127.958992,3047.86963,120.230003,34.9650345,0.00000000E+00,0.00000000E+00,2902,483.666687
96187,1184,4,30493.0000,119.250008,131.289993,131.500000,127.910477,2676.86255,1.62357581,0.00000000E+00,0.217348337,127.588402,123.852180,127.910477,3047.86963,119.250008,34.9650345,0.00000000E+00,0.00000000E+00,2902,483.666687
96187,1183,4,30393.0000,117.169998,131.199997,131.440002,127.861076,2676.50439,1.77541196,0.00000000E+00,0.250882357,127.588402,123.573990,127.861076,3047.86963,117.169998,34.9650345,0.00000000E+00,0.00000000E+00,2902,483.666687
96187,1182,4,30293.0000,115.879997,131.089996,131.259995,127.853401,2676.18481,1.69431770,0.00000000E+00,0.190759033,127.588402,123.147331,127.853401,3047.86963,115.879997,34.9650345,0.00000000E+00,0.00000000E+00,2902,483.666687
96187,1181,4,30193.0020,117.470001,131.119995,131.220001,127.848518,2675.88940,1.62215245,0.00000000E+00,0.151864097,127.588402,123.175255,127.848518,3047.86963,117.470001,34.9650345,0.00000000E+00,0.00000000E+00,2902,483.666687
96187,1180,4,30093.0020,119.150002,130.850006,130.960007,127.813148,2675.60547,1.73204958,0.00000000E+00,0.183893874,127.588402,123.576736,127.813148,3047.86963,119.150002,34.9650345,0.00000000E+00,0.00000000E+00,2902,483.666687
96187,1179,4,29992.0000,120.199997,127.800003,131.020004,127.776596,2675.31616,1.82030988,0.00000000E+00,0.227480516,127.588402,123.808617,127.776596,3047.86963,120.199997,34.9650345,0.00000000E+00,0.00000000E+00,2902,483.666687
96187,1178,4,29896.0000,120.140007,127.620003,130.809998,127.716316,2675.03735,1.99950767,0.00000000E+00,0.309192330,127.588402,124.302887,127.716316,3047.86963,120.140007,34.9650345,0.00000000E+00,0.00000000E+00,2902,483.666687
96187,1177,4,29796.0000,120.389999,127.440010,130.639999,127.692009,2674.74731,1.97045076,0.00000000E+00,0.297558039,127.588402,124.279594,127.692009,3047.86963,120.389999,34.9650345,0.00000000E+00,0.00000000E+00,2902,483.666687
96187,1176,4,29696.0000,120.589996,127.070007,130.580002,127.656631,2674.45679,1.99551058,0.00000000E+00,0.312731504,127.588402,124.389435,127.656631,3047.86963,120.589996,34.9650345,0.00000000E+00,0.00000000E+00,2902,483.666687
96187,1175,4,29595.0000,120.730003,127.000000,130.490005,127.629341,2674.16479,1.97876632,0.00000000E+00,0.299834281,127.588402,124.347618,127.629341,3047.86963,120.730003,34.9650345,0.00000000E+00,0.00000000E+00,2902,483.666687
96187,1174,4,29494.0039,120.300011,126.860008,130.320007,127.594849,2673.87549,1.99894273,0.00000000E+00,0.310084850,127.588402,124.469131,127.594849,3047.86963,120.300011,34.9650345,0.00000000E+00,0.00000000E+00,2902,483.666687
96187,1173,4,29393.0020,120.440002,127.150009,130.220001,127.560730,2673.58569,2.01264644,0.00000000E+00,0.318008542,127.588402,124.484894,127.560730,3047.86963,120.440002,34.9650345,0.00000000E+00,0.00000000E+00,2902,483.666687
96187,1172,4,29290.0020,120.350006,127.239998,130.240005,127.533905,2673.29102,1.98850286,0.00000000E+00,0.304968566,127.588402,124.359016,127.533905,3047.86963,120.350006,34.9650345,0.00000000E+00,0.00000000E+00,2902,483.666687
96187,1171,4,29192.0000,120.330002,127.160004,130.199997,127.514450,2673.00977,1.94252872,0.00000000E+00,0.285456866,127.588402,124.216980,127.514450,3047.86963,120.330002,34.9650345,0.00000000E+00,0.00000000E+00,2902,483.666687
96187,1170,4,29092.0000,120.480003,127.290001,130.110001,127.477158,2672.72095,1.98281229,0.00000000E+00,0.307886451,127.588402,124.288155,127.477158,3047.86963,120.480003,34.9650345,0.00000000E+00,0.00000000E+00,2902,483.666687
96187,1169,4,28992.0000,120.220009,127.020004,129.910004,127.454323,2672.43091,1.94853020,0.00000000E+00,0.292090297,127.588402,124.155464,127.454323,3047.86963,120.220009,34.9650345,0.00000000E+00,0.00000000E+00,2902,483.666687
96187,1168,4,28892.0000,119.980003,127.160004,129.940002,127.414429,2672.14111,1.99792683,0.00000000E+00,0.316542000,127.588402,124.268951,127.414429,3047.86963,119.980003,34.9650345,0.00000000E+00,0.00000000E+00,2902,483.666687
96187,1167,4,28776.0000,116.709999,129.369995,129.850006,127.532341,2671.61426,0.775692344,0.00000000E+00,3.56517062E-02,127.588402,120.943565,127.532341,3047.86963,116.709999,34.9650345,0.00000000E+00,0.00000000E+00,2902,483.666687
96187,1166,4,28677.0000,116.280006,129.250000,129.869995,127.453697,4165.29443,1.40766180,0.00000000E+00,0.131001413,127.514442,122.489128,127.453697,3047.86963,116.280006,34.9650345,0.00000000E+00,0.00000000E+00,2903,483.833344
96187,1165,4,28577.0000,117.670006,129.220001,129.800003,127.401192,4165.00879,1.64685678,0.00000000E+00,0.180522710,127.514442,122.985741,127.401192,3047.86963,117.670006,34.9650345,0.00000000E+00,0.00000000E+00,2903,483.833344
96187,1164,4,28479.0000,117.280006,129.270004,129.619995,127.360962,4164.77197,1.77747321,0.00000000E+00,0.177221432,127.510376,122.812927,127.360962,3047.86963,117.280006,34.9650345,0.00000000E+00,0.00000000E+00,2903,483.833344
96187,1163,4,28383.0039,118.180000,129.210007,129.580002,127.320457,4164.57080,1.89883089,0.00000000E+00,0.194710776,127.492661,122.789940,127.320457,3047.86963,118.180000,34.9650345,0.00000000E+00,0.00000000E+00,2903,483.833344
96187,1162,4,28287.0000,117.970001,129.160004,129.589996,127.274162,4164.38428,2.03011918,0.00000000E+00,0.224051997,127.470856,122.618958,127.274162,3047.86963,117.970001,34.9650345,0.00000000E+00,0.00000000E+00,2903,483.833344
96187,1161,4,28193.0000,118.380005,129.050003,129.429993,127.232178,4164.20605,2.12258363,0.00000000E+00,0.254452050,127.451889,122.415176,127.232178,3047.86963,118.380005,34.9650345,0.00000000E+00,0.00000000E+00,2903,483.833344
96187,1160,4,28095.0000,117.930000,129.350006,129.139999,127.191772,4164.02930,2.19371676,0.00000000E+00,0.252016574,127.429100,122.395424,127.191772,3047.86963,117.930000,34.9650345,0.00000000E+00,0.00000000E+00,2903,483.833344
96187,1159,4,27995.0039,117.190002,129.089996,129.360001,127.185036,4163.85938,2.11841321,0.00000000E+00,0.214056596,127.421967,122.017372,127.185036,3047.86963,117.190002,34.9650345,0.00000000E+00,0.00000000E+00,2903,483.833344
96187,1158,4,27895.0020,117.700012,129.089996,129.259995,127.152596,4163.68994,2.16477728,0.00000000E+00,0.233393952,127.386360,122.237671,127.152596,3047.86963,117.700005,34.9650345,0.00000000E+00,0.00000000E+00,2903,483.833344
96187,1157,4,27796.0000,118.129997,129.039993,129.000000,127.193466,4163.48584,1.85524404,0.00000000E+00,0.214491904,127.386360,122.282394,127.193466,3047.86963,118.129997,34.9650345,0.00000000E+00,0.00000000E+00,2903,483.833344
96187,1156,4,27696.0000,118.080002,129.050003,129.130005,127.107521,4163.26025,2.15473509,0.00000000E+00,0.288782924,127.312408,122.391029,127.107521,3047.86963,118.080002,34.9650345,0.00000000E+00,0.00000000E+00,2903,483.833344
96187,1155,4,27595.0000,118.000000,129.039993,128.949997,127.072945,4163.06152,2.18571854,0.00000000E+00,0.260723203,127.312408,122.322960,127.072945,3047.86963,118.000000,34.9650345,0.00000000E+00,0.00000000E+00,2903,483.833344
96187,1154,4,27495.0000,118.190002,129.070007,128.919998,127.037720,4162.88135,2.22761369,0.00000000E+00,0.256257266,127.285904,122.386467,127.037720,3047.86963,118.190002,34.9650345,0.00000000E+00,0.00000000E+00,2903,483.833344
96187,1153,4,27394.0000,118.430000,129.059998,128.929993,127.002228,4162.70410,2.26666713,0.00000000E+00,0.270381570,127.259598,122.452156,127.002228,3047.86963,118.430000,34.9650345,0.00000000E+00,0.00000000E+00,2903,483.833344
96187,1152,4,27294.0000,118.519997,128.979996,128.910004,126.975830,4162.52783,2.26410842,0.00000000E+00,0.270056188,127.237381,122.441719,126.975830,3047.86963,118.519997,34.9650345,0.00000000E+00,0.00000000E+00,2903,483.833344
96187,1151,4,27194.0039,118.080002,128.910004,128.899994,126.956314,4162.34912,2.23388028,0.00000000E+00,0.259521872,127.214111,122.349724,126.956314,3047.86963,118.080002,34.9650345,0.00000000E+00,0.00000000E+00,2903,483.833344
96187,1150,4,27093.0020,118.510002,129.089996,128.869995,126.913795,4162.16748,2.29911542,0.00000000E+00,0.284941465,127.175621,122.530518,126.913795,3047.86963,118.510002,34.9650345,0.00000000E+00,0.00000000E+00,2903,483.833344
96187,1149,4,26993.0000,118.430000,128.960007,128.899994,126.895340,4161.98682,2.25952649,0.00000000E+00,0.268638760,127.160133,122.387375,126.895340,3047.86963,118.430000,34.9650345,0.00000000E+00,0.00000000E+00,2903,483.833344
96187,1148,4,26893.0000,118.460007,128.919998,128.880005,126.861572,4161.80469,2.28692842,0.00000000E+00,0.280666053,127.124954,122.473915,126.861572,3047.86963,118.460007,34.9650345,0.00000000E+00,0.00000000E+00,2903,483.833344
96187,1147,4,26791.0000,118.610001,128.970001,128.820007,126.846603,4161.61719,2.23247337,0.00000000E+00,0.259098738,127.106857,122.313492,126.846603,3047.86963,118.610001,34.9650345,0.00000000E+00,0.00000000E+00,2903,483.833344
96187,1146,4,26693.0000,118.699997,128.869995,128.800003,126.816048,4161.43750,2.25349712,0.00000000E+00,0.267052054,127.072472,122.368813,126.816048,3047.86963,118.699997,34.9650345,0.00000000E+00,0.00000000E+00,2903,483.833344
96187,1145,4,26594.0000,118.820000,125.400002,128.710007,126.786865,4161.25732,2.26551771,0.00000000E+00,0.266958952,127.047081,122.455215,126.786865,3047.86963,118.820000,34.9650345,0.00000000E+00,0.00000000E+00,2903,483.833344
96187,1144,4,26488.0000,119.120010,128.869995,128.690002,126.766365,4161.05078,2.22445035,0.00000000E+00,0.297897935,127.023232,122.609177,126.766365,3047.86963,119.120010,34.9650345,0.00000000E+00,0.00000000E+00,2903,483.833344
96187,1143,4,26393.0039,118.849998,128.770004,128.610001,126.710197,4160.93066,2.34179735,0.00000000E+00,0.308199853,126.975838,122.589615,126.710197,3047.86963,118.849998,34.9650345,0.00000000E+00,0.00000000E+00,2904,484.000000
96187,1142,4,26293.0020,118.209999,128.649994,128.600006,126.685455,4160.84277,2.31893849,0.00000000E+00,0.296206385,126.962242,122.494164,126.685455,3047.86963,118.209999,34.9650345,0.00000000E+00,0.00000000E+00,2904,484.000000
96187,1141,4,26193.0000,118.080002,128.550003,128.490005,126.658829,4160.75391,2.30714035,0.00000000E+00,0.292791545,126.931519,122.403557,126.658829,3047.86963,118.080002,34.9650345,0.00000000E+00,0.00000000E+00,2904,484.000000
96187,1140,4,26096.0000,118.360001,128.449997,128.509995,126.624931,4160.66504,2.32885098,0.00000000E+00,0.301346570,126.898788,122.431854,126.624931,3047.86963,118.360001,34.9650345,0.00000000E+00,0.00000000E+00,2904,484.000000
96187,1139,4,26000.0000,118.460007,128.460007,128.529999,126.600616,4160.57568,2.31113815,0.00000000E+00,0.293332219,126.874947,122.382889,126.600616,3047.86963,118.460007,34.9650345,0.00000000E+00,0.00000000E+00,2904,484.000000
96187,1138,4,25903.0020,118.650002,128.380005,128.440002,126.568817,4160.48438,2.32417154,0.00000000E+00,0.299727321,126.842598,122.422905,126.568817,3047.86963,118.650002,34.9650345,0.00000000E+00,0.00000000E+00,2904,484.000000
96187,1137,4,25806.0000,118.779999,128.380005,128.380005,126.533691,4160.39063,2.34717083,0.00000000E+00,0.312511295,126.811737,122.489357,126.533691,3047.86963,118.779999,34.9650345,0.00000000E+00,0.00000000E+00,2904,484.000000
96187,1136,4,25710.0000,118.610001,128.360001,128.440002,126.497810,4160.29688,2.36959624,0.00000000E+00,0.323660553,126.781296,122.523659,126.497810,3047.86963,118.610001,34.9650345,0.00000000E+00,0.00000000E+00,2904,484.000000
96187,1135,4,25613.0000,118.980003,128.339996,128.369995,126.457245,4160.19922,2.40428042,0.00000000E+00,0.339804322,126.747627,122.602089,126.457245,3047.86963,118.980003,34.9650345,0.00000000E+00,0.00000000E+00,2904,484.000000
96187,1134,4,25520.0000,118.650002,128.300003,125.610001,126.419037,4160.10400,2.42750382,0.00000000E+00,0.359806657,126.716499,122.614639,126.419037,3047.86963,118.650002,34.9650345,0.00000000E+00,0.00000000E+00,2904,484.000000
96187,1133,4,25420.0000,116.970001,128.250000,128.300003,126.430992,4159.99414,2.23625994,0.00000000E+00,0.308952540,126.708130,122.240646,126.430992,3047.86963,116.970001,34.9650345,0.00000000E+00,0.00000000E+00,2904,484.000000
96187,1132,4,25320.0000,116.709999,128.190002,128.289993,126.385361,4159.88477,2.30317211,0.00000000E+00,0.294958532,126.647911,122.215279,126.385361,3047.86963,116.709999,34.9650345,0.00000000E+00,0.00000000E+00,2904,484.000000
96187,1131,4,25220.0000,116.300003,128.179993,128.229996,126.355812,4159.78027,2.30359197,0.00000000E+00,0.294614792,126.626228,122.195389,126.355812,3047.86963,116.300003,36.2026443,0.00000000E+00,0.00000000E+00,2904,484.000000
96187,5130,5,25170.0000,116.510002,128.164993,128.285004,126.341156,4159.72754,2.30328059,0.00000000E+00,0.295572191,126.611588,122.197365,126.341156,3047.86963,116.510002,36.1639481,0.00000000E+00,0.00000000E+00,2904,484.000000
96187,1130,4,25120.0000,116.720001,128.149994,128.339996,126.326355,4159.67432,2.30330491,0.00000000E+00,0.296605736,126.596619,122.203316,126.326355,3047.86963,116.720001,36.1249847,0.00000000E+00,0.00000000E+00,2904,484.000000
96187,1129,4,25020.0000,115.690002,128.029999,128.100006,126.299484,4159.56787,2.29238486,0.00000000E+00,0.292534232,126.568604,122.199097,126.299484,3047.86963,115.690002,36.0505028,0.00000000E+00,0.00000000E+00,2904,484.000000
96187,1128,4,24920.0039,116.730011,128.039993,128.179993,126.273483,4159.45947,2.27987099,0.00000000E+00,0.286383748,126.539864,122.123215,126.273483,3047.86963,116.730011,35.9827995,0.00000000E+00,0.00000000E+00,2904,484.000000
96187,1127,4,24820.0020,113.550003,127.990005,128.169998,126.284012,4159.35107,2.11840487,0.00000000E+00,0.226206467,126.530502,121.543770,126.284012,3047.86963,113.550003,35.9963875,0.00000000E+00,0.00000000E+00,2904,484.000000
96187,1126,4,24720.0000,116.870003,127.980003,128.089996,126.230835,4159.24316,2.24553037,0.00000000E+00,0.272815049,126.473381,121.938828,126.230835,3047.86963,116.870003,35.8778954,0.00000000E+00,0.00000000E+00,2904,484.000000
96187,1125,4,24620.0000,115.879997,128.039993,128.119995,126.209351,4159.13232,2.22223711,0.00000000E+00,0.263397217,126.463692,121.813454,126.209351,3047.86963,115.879997,35.8222923,0.00000000E+00,0.00000000E+00,2904,484.000000
96187,1124,4,24520.0000,117.160004,127.959999,128.110001,126.179840,4159.02051,2.23492265,0.00000000E+00,0.269765854,126.432976,121.856697,126.179840,3047.86963,117.160004,35.7501373,0.00000000E+00,0.00000000E+00,2904,484.000000
96187,1123,4,24420.0000,117.650017,127.889999,128.000000,126.107437,4158.90869,2.41112876,0.00000000E+00,0.345736623,126.382484,122.307877,126.107437,3047.86963,117.650009,35.5897179,0.00000000E+00,0.00000000E+00,2904,484.000000
96187,1122,4,24320.0000,116.529999,127.930000,127.919998,126.108307,4158.79590,2.27562666,0.00000000E+00,0.283676475,126.382484,121.897461,126.108307,3047.86963,116.529999,35.5780716,0.00000000E+00,0.00000000E+00,2904,484.000000
96187,1121,4,24220.0000,115.639999,127.870003,127.900002,126.102783,4158.68311,2.18336034,0.00000000E+00,0.246366486,126.356133,121.520119,126.102783,3047.86963,115.639999,35.5604477,0.00000000E+00,0.00000000E+00,2904,484.000000
96187,1120,4,24120.0020,115.839996,127.760002,127.790001,126.065231,4158.57129,2.23566270,0.00000000E+00,0.269404203,126.314056,121.722305,126.065231,3047.86963,115.839996,35.4757919,0.00000000E+00,0.00000000E+00,2904,484.000000
96187,1119,4,24020.0020,118.000000,127.780006,127.900002,126.019936,4158.45850,2.30890679,0.00000000E+00,0.297654837,126.283089,121.924896,126.019936,3047.86963,118.000000,35.3771172,0.00000000E+00,0.00000000E+00,2904,484.000000
96187,1118,4,23920.0000,117.690002,127.639999,127.760002,125.997238,4158.34473,2.28141642,0.00000000E+00,0.285139531,126.265724,121.804482,125.997238,3047.86963,117.690002,35.3204918,0.00000000E+00,0.00000000E+00,2904,484.000000
96187,5117,5,23875.0000,117.604500,127.680504,127.755501,125.974937,4158.29346,2.32034731,0.00000000E+00,0.300780237,126.244766,121.888878,125.974937,3047.86963,117.604500,35.2735443,0.00000000E+00,0.00000000E+00,2904,484.000000
96187,1117,4,23820.0000,117.500000,127.730011,127.750000,125.945839,4158.23096,2.37044430,0.00000000E+00,0.321770191,126.226212,121.995880,125.945839,3047.86963,117.500000,35.2123795,0.00000000E+00,0.00000000E+00,2904,484.000000
96187,1116,4,23720.0000,117.389999,127.510002,127.620003,125.917007,4158.11768,2.35792589,0.00000000E+00,0.315499038,126.201675,121.923035,125.917007,3047.86963,117.389999,35.1432610,0.00000000E+00,0.00000000E+00,2904,484.000000
96187,1115,4,23620.0000,115.970016,127.680000,127.620003,125.912682,4158.00391,2.25155950,0.00000000E+00,0.270788968,126.183418,121.561150,125.912682,3047.86963,115.970009,35.1242485,0.00000000E+00,0.00000000E+00,2904,484.000000
96187,1114,4,23520.0000,117.099998,127.589996,127.580002,125.854736,4157.93652,2.37184405,0.00000000E+00,0.320240051,126.127113,121.891899,125.854736,3047.86963,117.099998,35.0063286,0.00000000E+00,0.00000000E+00,2905,484.166687
96187,1113,4,23420.0000,117.449997,127.459999,127.440010,125.829399,4157.89697,2.34672117,0.00000000E+00,0.307619452,126.113098,121.747963,125.829399,3047.86963,117.449997,34.9473419,0.00000000E+00,0.00000000E+00,2905,484.166687
96187,1112,4,23320.0020,117.400002,127.419998,127.360008,125.792526,4157.85742,2.36982703,0.00000000E+00,0.318623722,126.075981,121.766548,125.792526,3047.86963,117.400002,34.8678017,0.00000000E+00,0.00000000E+00,2905,484.166687
96187,1111,4,23220.0000,118.080002,127.510002,127.480003,125.747612,4157.81689,2.41947508,0.00000000E+00,0.337324172,126.039833,121.875206,125.747612,3047.86963,118.080002,34.7748489,0.00000000E+00,0.00000000E+00,2905,484.166687
96187,1110,4,23120.0000,117.349998,127.330002,127.220001,125.739944,4157.77588,2.32006478,0.00000000E+00,0.296271175,126.026176,121.598503,125.739944,3047.86963,117.349998,34.7470131,0.00000000E+00,0.00000000E+00,2905,484.166687
96187,1109,4,23020.0000,117.540009,127.449997,127.339996,125.694397,4157.73242,2.37932181,0.00000000E+00,0.330772310,125.975800,121.900856,125.694397,3047.86963,117.540009,34.6490211,0.00000000E+00,0.00000000E+00,2905,484.166687
96187,1108,4,22920.0000,117.540009,127.449997,127.339996,125.657623,4157.68799,2.39314127,0.00000000E+00,0.337331295,125.947807,121.900833,125.657623,3047.86963,117.540009,34.5704079,0.00000000E+00,0.00000000E+00,2905,484.166687
96187,1107,4,22820.0000,116.990005,127.200005,127.239998,125.627510,4157.64209,2.37759829,0.00000000E+00,0.340627193,125.917404,121.891159,125.627510,3047.86963,116.990005,34.4953880,0.00000000E+00,0.00000000E+00,2905,484.166687
96187,1106,4,22720.0000,115.949997,127.180008,127.280006,125.609314,4157.59473,2.31713867,0.00000000E+00,0.312638581,125.890160,121.629593,125.609314,3047.86963,115.949997,34.4500237,0.00000000E+00,0.00000000E+00,2905,484.166687
96187,1105,4,22620.0039,116.050018,127.190002,127.260010,125.596931,4157.54785,2.24320841,0.00000000E+00,0.278603673,125.861923,121.449631,125.596931,3047.86963,116.050011,34.4165154,0.00000000E+00,0.00000000E+00,2905,484.166687
96187,1104,4,22520.0020,116.050018,127.190002,127.260010,125.566498,4157.50000,2.25348830,0.00000000E+00,0.282981455,125.824150,121.449600,125.566498,3047.86963,116.050011,34.3552818,0.00000000E+00,0.00000000E+00,2905,484.166687
96187,1103,4,22420.0000,117.339996,126.990005,127.020004,125.524475,4157.44971,2.30606437,0.00000000E+00,0.312913150,125.789360,121.560875,125.524475,3047.86963,117.339996,34.2721176,0.00000000E+00,0.00000000E+00,2905,484.166687
96187,1102,4,22320.0000,116.959999,126.930000,127.160004,125.507935,4157.39941,2.24941325,0.00000000E+00,0.281025469,125.772362,121.357201,125.507935,3047.86963,116.959999,34.2351341,0.00000000E+00,0.00000000E+00,2905,484.166687
96187,1101,4,22220.0000,117.150009,126.959999,126.970009,125.489113,4157.34961,2.21211743,0.00000000E+00,0.265056491,125.742676,121.217018,125.489113,3047.86963,117.150009,32.3272591,0.00000000E+00,0.00000000E+00,2905,484.166687
96187,1100,4,22120.0000,116.310013,126.890007,126.900002,125.457245,4157.29883,2.23279834,0.00000000E+00,0.278362066,125.708961,121.313950,125.457245,3047.86963,116.310005,32.2208099,0.00000000E+00,0.00000000E+00,2905,484.166687
96187,1099,4,22020.0000,115.810013,126.900002,126.940010,125.416023,4157.24658,2.28566813,0.00000000E+00,0.302394956,125.676140,121.428429,125.416023,3047.86963,115.810005,32.0904999,0.00000000E+00,0.00000000E+00,2905,484.166687
96187,1098,4,21920.0000,115.639999,126.709999,126.820000,125.431267,4157.19287,2.09417319,0.00000000E+00,0.246294543,125.675171,121.162308,125.431267,3047.86963,115.639999,32.0758629,0.00000000E+00,0.00000000E+00,2905,484.166687
96187,1097,4,21820.0020,113.580009,126.750000,126.650009,125.365074,4157.13818,2.27197862,0.00000000E+00,0.286996454,125.607979,121.234619,125.365074,3047.86963,113.580009,32.0512848,0.00000000E+00,0.00000000E+00,2905,484.166687
96187,1096,4,21720.0020,115.059998,126.709999,126.739998,125.330566,4157.08594,2.29287148,0.00000000E+00,0.305873245,125.596085,121.401466,125.330566,3047.86963,115.059998,32.0512848,0.00000000E+00,0.00000000E+00,2905,484.166687
96187,1095,4,21620.0000,115.639999,126.690002,126.769997,125.282730,4157.03174,2.35944319,0.00000000E+00,0.334848106,125.558495,121.532944,125.282730,3047.86963,115.639999,32.0512848,0.00000000E+00,0.00000000E+00,2905,484.166687
96187,1094,4,21520.0000,115.160004,126.570007,126.600006,125.249054,4156.97754,2.36071873,0.00000000E+00,0.332414865,125.532936,121.411484,125.249054,3047.86963,115.160004,32.0512848,0.00000000E+00,0.00000000E+00,2905,484.166687
96187,1093,4,21420.0000,114.900002,126.559998,126.559998,125.208832,4156.92236,2.38754416,0.00000000E+00,0.341903627,125.496117,121.439552,125.208832,3047.86963,114.900002,32.0512848,0.00000000E+00,0.00000000E+00,2905,484.166687
96187,1092,4,21320.0000,114.900002,126.510002,126.480003,125.166916,4156.86865,2.41621494,0.00000000E+00,0.355614811,125.460854,121.420746,125.166916,3047.86963,114.900002,32.0512848,0.00000000E+00,0.00000000E+00,2905,484.166687
96187,1091,4,21220.0000,114.010002,126.500000,126.600006,125.137993,4156.81445,2.39210749,0.00000000E+00,0.341010630,125.432587,121.290070,125.137993,3047.86963,114.010002,32.0512848,0.00000000E+00,0.00000000E+00,2905,484.166687
96187,1090,4,21120.0000,115.040001,126.449997,126.449997,125.119423,4156.76025,2.33333921,0.00000000E+00,0.313211352,125.403938,121.091934,125.119423,3047.86963,115.040001,32.0512848,0.00000000E+00,0.00000000E+00,2905,484.166687
96187,1089,4,21020.0020,114.699997,126.440010,126.280006,125.098404,4156.70605,2.29299092,0.00000000E+00,0.297212005,125.371124,120.928261,125.098404,3047.86963,114.699997,32.0512848,0.00000000E+00,0.00000000E+00,2905,484.166687
96187,1088,4,20920.0000,116.050018,126.339996,126.419998,125.066925,4156.65137,2.29995537,0.00000000E+00,0.299345225,125.335716,120.915489,125.066925,3047.86963,116.050011,32.0512848,0.00000000E+00,0.00000000E+00,2905,484.166687
96187,1087,4,20820.0000,115.810013,126.290001,126.280006,125.052940,4156.59668,2.23660445,0.00000000E+00,0.273258358,125.315178,120.721306,125.052940,3047.86963,115.810005,32.0512848,0.00000000E+00,0.00000000E+00,2905,484.166687
96187,1086,4,20720.0000,115.919998,126.160004,126.190002,124.991745,4156.54199,2.36883307,0.00000000E+00,0.329798341,125.262009,121.052917,124.991745,3047.86963,115.919998,32.0512848,0.00000000E+00,0.00000000E+00,2905,484.166687
96187,1085,4,20620.0000,115.980003,126.200005,126.230003,124.977531,4156.48730,2.29558325,0.00000000E+00,0.302518785,125.254761,120.892792,124.977531,3047.86963,115.980003,32.0512848,0.00000000E+00,0.00000000E+00,2905,484.166687
96187,1084,4,20520.0000,116.480003,126.050011,126.040001,124.999565,4156.42773,2.07454205,0.00000000E+00,0.239064351,125.242790,120.658371,124.999565,3047.86963,116.480003,32.0512848,0.00000000E+00,0.00000000E+00,2905,484.166687
96187,1083,4,20420.0000,115.430000,126.110001,126.230003,124.940208,4156.36865,2.22612715,0.00000000E+00,0.283858478,125.175880,120.814407,124.940208,3047.86963,115.430000,32.0512848,0.00000000E+00,0.00000000E+00,2905,484.166687
96187,1082,4,20320.0039,115.750000,125.919998,126.010002,124.917549,4156.31006,2.20349026,0.00000000E+00,0.271345794,125.167572,120.624695,124.917549,3047.86963,115.750000,32.0512848,0.00000000E+00,0.00000000E+00,2905,484.166687
96187,1081,4,20220.0020,115.769997,126.020004,126.020004,124.903938,4156.25195,2.14744449,0.00000000E+00,0.249037251,125.145142,120.442429,124.903938,3047.86963,115.769997,32.0512848,0.00000000E+00,0.00000000E+00,2905,484.166687
96187,1080,4,20120.0000,115.489998,125.970009,126.089996,124.860718,4156.19482,2.22291493,0.00000000E+00,0.278965741,125.104095,120.581696,124.860718,3047.86963,115.489998,32.0512848,0.00000000E+00,0.00000000E+00,2905,484.166687
96187,1079,4,20020.0000,116.020012,125.930000,125.959999,124.826653,4156.13770,2.24744058,0.00000000E+00,0.289974958,125.081291,120.648178,124.826653,3047.86963,116.020004,32.0512848,0.00000000E+00,0.00000000E+00,2905,484.166687
96187,1078,4,19920.0000,115.940010,125.820000,125.890007,124.829964,4156.08008,2.11402106,0.00000000E+00,0.236365348,125.072342,120.160179,124.829964,3047.86963,115.940010,32.0512848,0.00000000E+00,0.00000000E+00,2905,484.166687
96187,1077,4,19820.0000,115.730011,125.720001,125.779999,124.817650,4156.02246,2.07450485,0.00000000E+00,0.178396866,125.041191,120.061302,124.817650,3047.86963,115.730011,32.6543961,0.00000000E+00,0.00000000E+00,2905,484.166687
96187,1076,4,19720.0000,116.050018,125.739998,125.720001,124.800583,4155.99072,2.07078815,0.00000000E+00,0.178482234,125.019470,120.009949,124.800583,3047.86963,116.050011,32.5548820,0.00000000E+00,0.00000000E+00,2906,484.333344
96187,1075,4,19620.0000,115.290001,125.730003,125.760010,124.780136,4155.98926,2.08249593,0.00000000E+00,0.180884451,124.999931,120.015488,124.780136,3047.86963,115.290001,32.4472771,0.00000000E+00,0.00000000E+00,2906,484.333344
96187,1074,4,19520.0000,115.330002,125.520004,125.600006,124.770515,4155.98926,2.04476595,0.00000000E+00,0.170270741,124.987541,119.863297,124.770515,3047.86963,115.330002,32.3741074,0.00000000E+00,0.00000000E+00,2906,484.333344
96187,1073,4,19420.0000,114.870003,125.669998,125.690002,124.725883,4155.98779,2.16581655,0.00000000E+00,0.203007981,124.951736,120.204865,124.725883,3047.86963,114.870003,32.1917572,0.00000000E+00,0.00000000E+00,2906,484.333344
96187,1072,4,19320.0000,114.210014,125.449997,125.550011,124.717110,4155.98535,2.11661434,0.00000000E+00,0.187358335,124.950783,120.048927,124.717110,3047.86963,114.210007,32.1183128,0.00000000E+00,0.00000000E+00,2906,484.333344
96187,1071,4,19220.0000,114.010002,125.620003,125.480003,124.690750,4155.98340,2.14953494,0.00000000E+00,0.196511924,124.922653,120.086525,124.690750,3047.86963,114.010002,32.0512848,0.00000000E+00,0.00000000E+00,2906,484.333344
96187,1070,4,19120.0000,114.010002,125.620003,125.480003,124.669586,4155.98047,2.15598798,0.00000000E+00,0.198354155,124.905792,120.086517,124.669586,3047.86963,114.010002,32.0512848,0.00000000E+00,0.00000000E+00,2906,484.333344
96187,1069,4,19020.0000,114.349998,125.470009,125.449997,124.705536,4155.97754,1.89594603,0.00000000E+00,0.152504027,124.905792,119.928391,124.705536,3047.86963,114.349998,32.0512848,0.00000000E+00,0.00000000E+00,2906,484.333344
96187,1068,4,18920.0000,112.849998,125.480003,125.470009,124.658089,4155.97412,2.05004692,0.00000000E+00,0.177326292,124.856483,119.979462,124.658089,3047.86963,112.849998,32.0512848,0.00000000E+00,0.00000000E+00,2906,484.333344
96187,1067,4,18820.0000,112.589996,125.379997,125.489998,124.640602,4155.97119,2.04870915,0.00000000E+00,0.177844316,124.854668,119.989990,124.640602,3047.86963,112.589996,32.0512848,0.00000000E+00,0.00000000E+00,2906,484.333344
96187,1066,4,18720.0000,113.360001,125.300003,125.459999,124.640793,4155.96631,1.96528220,0.00000000E+00,0.159690320,124.846092,119.786469,124.640793,3047.86963,113.360001,32.0512848,0.00000000E+00,0.00000000E+00,2906,484.333344
96187,1065,4,18620.0000,113.379997,125.379997,125.430000,124.644096,4155.96094,1.87204432,0.00000000E+00,0.138956636,124.831726,119.499779,124.644096,3047.86963,113.379997,32.0512848,0.00000000E+00,0.00000000E+00,2906,484.333344
96187,1064,4,18520.0000,113.610001,125.269997,125.300003,124.624336,4155.95605,1.90034211,0.00000000E+00,0.147054523,124.805664,119.651360,124.624336,3047.86963,113.610001,32.0512848,0.00000000E+00,0.00000000E+00,2906,484.333344
96187,1063,4,18420.0000,113.220001,125.330002,125.420006,124.624931,4155.95117,1.82457829,0.00000000E+00,0.128574178,124.801727,119.287880,124.624931,3047.86963,113.220001,32.0512848,0.00000000E+00,0.00000000E+00,2906,484.333344
96187,1062,4,18320.0000,113.180000,125.180008,125.340004,124.617737,4155.94531,1.79628968,0.00000000E+00,0.119902588,124.784798,119.058830,124.617737,3047.86963,113.180000,32.0512848,0.00000000E+00,0.00000000E+00,2906,484.333344
96187,1061,4,18220.0000,113.180000,125.180008,125.340004,124.605179,4155.93994,1.79917073,0.00000000E+00,0.120503746,124.769897,119.058823,124.605179,3047.86963,113.180000,32.0512848,0.00000000E+00,0.00000000E+00,2906,484.333344
96187,1060,4,18120.0000,113.449997,125.310005,125.449997,124.566925,4155.93457,1.93009615,0.00000000E+00,0.147116661,124.744133,119.307396,124.566925,3047.86963,113.449997,32.0512848,0.00000000E+00,0.00000000E+00,2906,484.333344
96187,1059,4,18020.0000,114.169998,125.190002,125.260010,124.554428,4155.92822,1.91952693,0.00000000E+00,0.144045964,124.743263,119.306770,124.554428,3047.86963,114.169998,32.0512848,0.00000000E+00,0.00000000E+00,2906,484.333344
96187,1058,4,17920.0000,114.310005,125.190002,125.260010,124.542931,4155.92285,1.90565729,0.00000000E+00,0.139913335,124.729370,119.204247,124.542931,3047.86963,114.310005,32.0512848,0.00000000E+00,0.00000000E+00,2906,484.333344
96187,1057,4,17820.0000,114.400002,125.130005,125.230003,124.527351,4155.91602,1.91330481,0.00000000E+00,0.141750410,124.713188,119.202011,124.527351,3047.86963,114.400002,32.0512848,0.00000000E+00,0.00000000E+00,2906,484.333344
96187,1056,4,17720.0000,114.699997,125.130005,125.110001,124.508202,4155.90918,1.93711972,0.00000000E+00,0.147744313,124.697113,119.321739,124.508202,3047.86963,114.699997,32.0512848,0.00000000E+00,0.00000000E+00,2906,484.333344
96187,1055,4,17620.0000,114.660019,125.020004,125.190002,124.493912,4155.90186,1.93480980,0.00000000E+00,0.146979094,124.684937,119.283714,124.493912,3047.86963,114.660011,32.0512848,0.00000000E+00,0.00000000E+00,2906,484.333344
96187,1054,4,17520.0000,114.500015,125.169998,125.130005,124.491013,4155.89355,1.87743783,0.00000000E+00,0.133794740,124.676193,118.984779,124.491013,3047.86963,114.500008,32.0512848,0.00000000E+00,0.00000000E+00,2906,484.333344
96187,1053,4,17420.0000,114.600006,125.100006,125.089996,124.471939,4155.88623,1.90522635,0.00000000E+00,0.140103430,124.654259,119.123344,124.471939,3047.86963,114.600006,32.0512848,0.00000000E+00,0.00000000E+00,2906,484.333344
96187,1052,4,17320.0000,114.520004,125.130005,125.169998,124.459496,4155.87842,1.89787245,0.00000000E+00,0.137244433,124.643791,119.029671,124.459496,3047.86963,114.520004,32.0512848,0.00000000E+00,0.00000000E+00,2906,484.333344
96187,1051,4,17220.0000,114.470009,125.239998,125.139999,124.442474,4155.87061,1.91379285,0.00000000E+00,0.141049832,124.627602,119.102119,124.442474,3047.86963,114.470009,32.0512848,0.00000000E+00,0.00000000E+00,2906,484.333344
96187,1050,4,17120.0000,114.620003,125.040001,125.160011,124.432709,4155.86328,1.89272082,0.00000000E+00,0.135932878,124.617332,118.988235,124.432709,3047.86963,114.620003,32.0512848,0.00000000E+00,0.00000000E+00,2906,484.333344
96187,1049,4,17020.0000,114.739998,125.059998,125.139999,124.426651,4155.85498,1.85554802,0.00000000E+00,0.126983628,124.605644,118.837440,124.426651,3047.86963,114.739998,32.0512848,0.00000000E+00,0.00000000E+00,2906,484.333344
96187,1048,4,16920.0000,114.269997,125.110001,125.029999,124.407074,4155.84766,1.88941264,0.00000000E+00,0.135049567,124.585754,118.955574,124.407074,3047.86963,114.269997,32.0512848,0.00000000E+00,0.00000000E+00,2906,484.333344
96187,1047,4,16820.0000,113.870010,124.970009,125.010002,124.398941,4155.83838,1.86273921,0.00000000E+00,0.129356876,124.578331,118.847984,124.398941,3047.86963,113.870010,32.0512848,0.00000000E+00,0.00000000E+00,2906,484.333344
96187,1046,4,16720.0000,113.970009,125.199997,125.239998,124.382866,4155.83008,1.87842834,0.00000000E+00,0.132290497,124.561211,118.874321,124.382866,3047.86963,113.970009,32.0512848,0.00000000E+00,0.00000000E+00,2906,484.333344
96187,1045,4,16620.0000,114.020004,125.169998,125.110001,124.372131,4155.82178,1.86605740,0.00000000E+00,0.129358441,124.550774,118.807343,124.372131,3047.86963,114.020004,32.0512848,0.00000000E+00,0.00000000E+00,2906,484.333344
96187,1044,4,16520.0000,113.630005,125.100006,125.100006,124.363800,4155.81348,1.84308028,0.00000000E+00,0.123804539,124.539101,118.688370,124.363800,3047.86963,113.630005,32.0512848,0.00000000E+00,0.00000000E+00,2906,484.333344
96187,1043,4,16420.0000,114.370018,124.989998,125.000008,124.350410,4155.80518,1.84799051,0.00000000E+00,0.125342950,124.524010,118.695824,124.350410,3047.86963,114.370010,32.0512848,0.00000000E+00,0.00000000E+00,2906,484.333344
96187,1042,4,16320.0000,114.410004,124.949997,125.089996,124.342659,4155.79590,1.82392406,0.00000000E+00,0.119422093,124.514458,118.557457,124.342659,3047.86963,114.410004,32.0512848,0.00000000E+00,0.00000000E+00,2906,484.333344
96187,1041,4,16220.0020,114.279999,125.180008,125.180008,124.341576,4155.78662,1.76784015,0.00000000E+00,0.107488468,124.505959,118.284477,124.341576,3047.86963,114.279999,32.0512848,0.00000000E+00,0.00000000E+00,2906,484.333344
96187,1040,4,16120.0000,114.340012,125.100006,125.120003,124.332237,4155.77588,1.76025653,0.00000000E+00,0.106269799,124.490837,118.250648,124.332237,3047.86963,114.340004,32.0512848,0.00000000E+00,0.00000000E+00,2906,484.333344
96187,1039,4,16020.0000,114.059998,125.010002,125.190002,124.323509,4155.76563,1.74986875,0.00000000E+00,0.105233736,124.480469,118.206085,124.323509,3047.86963,114.059998,32.0512848,0.00000000E+00,0.00000000E+00,2906,484.333344
96187,1038,4,15920.0000,113.540001,125.029999,124.900002,124.308327,4155.75537,1.77408063,0.00000000E+00,0.111089863,124.466553,118.357559,124.308327,3047.86963,113.540001,32.0512848,0.00000000E+00,0.00000000E+00,2906,484.333344
96187,1037,4,15820.0010,113.320000,125.070000,125.169998,124.299873,4155.74512,1.75979781,0.00000000E+00,0.109190144,124.459000,118.348259,124.299873,3047.86963,113.320000,32.0512848,0.00000000E+00,0.00000000E+00,2906,484.333344
96187,1036,4,15720.0000,113.279999,124.900002,125.010002,124.298943,4155.73437,1.70543671,0.00000000E+00,0.101349160,124.451874,118.154984,124.298943,3047.86963,113.279999,32.0512848,0.00000000E+00,0.00000000E+00,2906,484.333344
96187,1035,4,15620.0000,112.559998,124.930000,125.089996,124.290344,4155.72314,1.69672227,0.00000000E+00,0.100695364,124.437828,118.113647,124.290344,3047.86963,112.559998,32.0512848,0.00000000E+00,0.00000000E+00,2906,484.333344
96187,1034,4,15520.0000,112.790009,125.050011,125.190002,124.270683,4155.71143,1.74903512,0.00000000E+00,0.108209386,124.421852,118.323112,124.270683,3047.86963,112.790009,32.0512848,0.00000000E+00,0.00000000E+00,2906,484.333344
96187,1033,4,15420.0010,111.870003,124.970009,125.029999,124.264694,4155.69922,1.72350562,0.00000000E+00,0.101782903,124.418343,118.076942,124.264694,3047.86963,111.870003,32.0512848,0.00000000E+00,0.00000000E+00,2906,484.333344
96187,1032,4,15320.0000,112.180000,125.029999,125.100006,124.248436,4155.68799,1.75641990,0.00000000E+00,0.106231548,124.402695,118.118103,124.248436,3047.86963,112.180000,32.0512848,0.00000000E+00,0.00000000E+00,2906,484.333344
96187,1031,4,15220.0000,111.620003,124.970009,124.930000,124.236382,4155.67578,1.76355672,0.00000000E+00,0.108902387,124.394211,118.022217,124.236382,3047.86963,111.620003,32.0512848,0.00000000E+00,0.00000000E+00,2906,484.333344
96187,1030,4,15120.0000,110.830002,125.020004,124.980003,124.237892,4155.66357,1.69674945,0.00000000E+00,9.63026807E-02,124.390465,117.714569,124.237892,3047.86963,110.830002,32.0512848,0.00000000E+00,0.00000000E+00,2906,484.333344
96187,1029,4,15020.0010,111.639999,124.930000,125.070000,124.228096,4155.64941,1.69703794,0.00000000E+00,9.82279330E-02,124.374855,117.787865,124.228096,3047.86963,111.639999,32.0512848,0.00000000E+00,0.00000000E+00,2906,484.333344
96187,1028,4,14920.0000,111.519997,124.830002,125.050011,124.224998,4155.63477,1.65949845,0.00000000E+00,9.18044746E-02,124.368553,117.523491,124.224998,3047.86963,111.519997,32.0512848,0.00000000E+00,0.00000000E+00,2906,484.333344
96187,1027,4,14820.0000,111.629997,124.769997,125.130005,124.223473,4155.61816,1.61524642,0.00000000E+00,8.60407576E-02,124.360115,117.259895,124.223473,3047.86963,111.629997,32.0512848,0.00000000E+00,0.00000000E+00,2906,484.333344
96187,1026,4,14720.0000,112.269997,124.730003,124.989998,124.208801,4155.60205,1.64947164,0.00000000E+00,9.29879174E-02,124.344612,117.571503,124.208801,3047.86963,112.269997,32.0512848,0.00000000E+00,0.00000000E+00,2906,484.333344
96187,1025,4,14620.0010,112.680000,125.029999,125.010002,124.206810,4155.58496,1.60805571,0.00000000E+00,8.41149241E-02,124.342026,117.258530,124.206810,3047.86963,112.680000,32.0512848,0.00000000E+00,0.00000000E+00,2906,484.333344
96187,1024,4,14520.0000,112.680000,125.029999,125.010002,124.198067,4155.56787,1.60960412,0.00000000E+00,8.52644667E-02,124.329987,117.258514,124.198067,3047.86963,112.680000,32.0512848,0.00000000E+00,0.00000000E+00,2906,484.333344
96187,1023,4,14420.0000,112.930000,124.930000,125.120003,124.191719,4155.54932,1.59635782,0.00000000E+00,8.47766995E-02,124.322685,117.340164,124.191719,3047.86963,112.930000,32.0512848,0.00000000E+00,0.00000000E+00,2906,484.333344
96187,1022,4,14320.0020,113.519997,125.100006,125.110001,124.176857,4155.54590,1.63222384,0.00000000E+00,9.43697914E-02,124.309677,117.690254,124.176857,3047.86963,113.519997,32.0512848,0.00000000E+00,0.00000000E+00,2907,484.500000
96187,1021,4,14220.0000,113.650002,124.910004,124.980003,124.173363,4155.56543,1.59784532,0.00000000E+00,8.82456377E-02,124.306305,117.454269,124.173363,3047.86963,113.650002,32.0512848,0.00000000E+00,0.00000000E+00,2907,484.500000
96187,1020,4,14120.0000,113.620003,124.959999,125.070000,124.159691,4155.58398,1.62564182,0.00000000E+00,9.35687944E-02,124.292091,117.480064,124.159691,3047.86963,113.620003,32.0512848,0.00000000E+00,0.00000000E+00,2907,484.500000
96187,1019,4,14020.0000,113.540001,124.959999,124.920006,124.150551,4155.59961,1.62426722,0.00000000E+00,9.36534852E-02,124.285133,117.460518,124.150551,3047.86963,113.540001,32.0512848,0.00000000E+00,0.00000000E+00,2907,484.500000
96187,1018,4,13920.0020,113.470001,124.989998,125.100006,124.140938,4155.61670,1.62528944,0.00000000E+00,9.48904902E-02,124.275475,117.429558,124.140938,3047.86963,113.470001,32.0512848,0.00000000E+00,0.00000000E+00,2907,484.500000
96187,1017,4,13820.0000,113.169998,124.959999,125.080009,124.136673,4155.63184,1.59474766,0.00000000E+00,9.03847739E-02,124.268784,117.309967,124.136673,3047.86963,113.169998,32.0512848,0.00000000E+00,0.00000000E+00,2907,484.500000
96187,1016,4,13720.0000,113.010002,125.010002,124.980003,124.126976,4155.64600,1.59785390,0.00000000E+00,9.31418240E-02,124.256851,117.397705,124.126976,3047.86963,113.010002,32.0512848,0.00000000E+00,0.00000000E+00,2907,484.500000
96187,1015,4,13620.0000,112.910004,124.890007,124.989998,124.122887,4155.66113,1.56714547,0.00000000E+00,8.75542611E-02,124.250404,117.193794,124.122887,3047.86963,112.910004,32.0512848,0.00000000E+00,0.00000000E+00,2907,484.500000
96187,1014,4,13520.0010,111.980011,124.949997,125.070000,124.111984,4155.67432,1.57934022,0.00000000E+00,9.11074504E-02,124.238129,117.212608,124.111984,3047.86963,111.980011,32.0512848,0.00000000E+00,0.00000000E+00,2907,484.500000
96187,1013,4,13420.0000,111.720001,125.070000,125.110001,124.111816,4155.68652,1.52978337,0.00000000E+00,6.89623654E-02,124.234978,116.816498,124.111816,3047.86963,111.720001,32.0512848,0.00000000E+00,0.00000000E+00,2907,484.500000
96187,1012,4,13320.0000,110.389999,124.900002,124.760010,124.122643,4155.69922,1.41444862,0.00000000E+00,5.98691627E-02,124.233101,116.205116,124.122643,3047.86963,110.389999,32.0512848,0.00000000E+00,0.00000000E+00,2907,484.500000
96187,1011,4,13220.0000,111.709999,124.940002,125.130005,124.103714,4155.71143,1.50035536,0.00000000E+00,6.34975284E-02,124.211975,116.343422,124.103714,3047.86963,111.709999,32.0512848,0.00000000E+00,0.00000000E+00,2907,484.500000
96187,1010,4,13120.0010,112.080009,124.920006,124.940002,124.089027,4155.72461,1.55127835,0.00000000E+00,7.15381280E-02,124.207687,116.771660,124.089027,3047.86963,112.080009,32.0512848,0.00000000E+00,0.00000000E+00,2907,484.500000
96187,1009,4,13020.0000,112.440002,124.860001,124.949997,124.085075,4155.73486,1.53157127,0.00000000E+00,6.91978186E-02,124.206177,116.737968,124.085075,3047.86963,112.440002,32.0512848,0.00000000E+00,0.00000000E+00,2907,484.500000
96187,1008,4,12920.0000,112.500008,124.920006,125.059998,124.086258,4155.74414,1.48086238,0.00000000E+00,6.25997484E-02,124.201668,116.428024,124.086258,3047.86963,112.500008,32.0512848,0.00000000E+00,0.00000000E+00,2907,484.500000
96187,1007,4,12820.0000,111.260002,124.900002,124.970009,124.076553,4155.75439,1.50208127,0.00000000E+00,6.66070879E-02,124.189842,116.699493,124.076553,3047.86963,111.260002,32.0512848,0.00000000E+00,0.00000000E+00,2907,484.500000
96187,1006,4,12720.0010,110.510017,125.010002,124.959999,124.067474,4155.76367,1.51681209,0.00000000E+00,6.93057701E-02,124.183594,116.821571,124.067474,3047.86963,110.510010,32.0512848,0.00000000E+00,0.00000000E+00,2907,484.500000
96187,1005,4,12620.0000,110.260002,124.879997,124.959999,124.062103,4155.77490,1.50697362,0.00000000E+00,6.83906153E-02,124.178558,116.877831,124.062103,3047.86963,110.260002,32.0512848,0.00000000E+00,0.00000000E+00,2907,484.500000
96187,1004,4,12520.0000,109.739998,125.070000,125.020004,124.053299,4155.78271,1.51919067,0.00000000E+00,6.95566237E-02,124.169960,116.845604,124.053299,3047.86963,109.739998,32.0512848,0.00000000E+00,0.00000000E+00,2907,484.500000
96187,1003,4,12420.0000,109.350006,124.959999,124.949997,124.048912,4155.79102,1.50325394,0.00000000E+00,6.71772584E-02,124.165314,116.657471,124.048912,3047.86963,109.350006,32.0512848,0.00000000E+00,0.00000000E+00,2907,484.500000
96187,1002,4,12320.0010,109.529999,124.980003,125.089996,124.039391,4155.79883,1.52090430,0.00000000E+00,6.86644316E-02,124.155922,116.675926,124.039391,3047.86963,109.529999,32.0512848,0.00000000E+00,0.00000000E+00,2907,484.500000
96187,1001,4,12220.0000,109.680000,124.760010,124.849998,124.041115,4155.80518,1.46703172,0.00000000E+00,6.03422001E-02,124.154877,116.239265,124.041115,3047.86963,109.680000,32.0512848,0.00000000E+00,0.00000000E+00,2907,484.500000
96187,1000,4,12120.0000,110.760002,124.920006,125.050011,124.033211,4155.81250,1.47895968,0.00000000E+00,6.16206527E-02,124.143799,116.335297,124.033211,3047.86963,110.760002,32.0512848,0.00000000E+00,0.00000000E+00,2907,484.500000
96187,999,4,12020.0000,108.910019,124.920006,124.779999,124.045547,4155.82080,1.35571659,0.00000000E+00,4.70623933E-02,124.143799,115.304291,124.045547,3047.86963,108.910011,32.0512848,0.00000000E+00,0.00000000E+00,2907,484.500000
96187,998,4,11920.0000,110.870003,124.800003,124.810005,124.037720,4155.82813,1.37567830,0.00000000E+00,5.34911789E-02,124.132782,115.827492,124.037720,3047.86963,110.870003,32.0512848,0.00000000E+00,0.00000000E+00,2907,484.500000
96187,997,4,11820.0000,111.620003,125.610001,125.610001,124.030479,4155.83398,1.38886726,0.00000000E+00,5.38204499E-02,124.127861,115.984138,124.030479,3047.86963,111.620003,32.0512848,0.00000000E+00,0.00000000E+00,2907,484.500000
96187,996,4,11720.0000,112.030006,124.920006,124.920006,124.028938,4155.83936,1.36219120,0.00000000E+00,5.15395626E-02,124.125374,115.950546,124.028938,3047.86963,112.030006,32.0512848,0.00000000E+00,0.00000000E+00,2907,484.500000
96187,995,4,11620.0020,112.489998,125.000008,125.000008,124.016670,4155.84521,1.41072774,0.00000000E+00,5.63643277E-02,124.114601,116.250099,124.016670,3047.86963,112.489998,32.0512848,0.00000000E+00,0.00000000E+00,2907,484.500000
96187,994,4,11520.0000,111.940002,124.949997,124.949997,124.012505,4155.84863,1.39987028,0.00000000E+00,5.77440597E-02,124.113159,116.262550,124.012505,3047.86963,111.940002,32.0512848,0.00000000E+00,0.00000000E+00,2907,484.500000
96187,993,4,11420.0000,111.940002,124.949997,124.949997,124.006592,4155.85352,1.40075409,0.00000000E+00,5.78523800E-02,124.106537,116.262550,124.006592,3047.86963,111.940002,32.0512848,0.00000000E+00,0.00000000E+00,2907,484.500000
96187,992,4,11320.0000,111.589996,124.989998,124.989998,124.008194,4155.85645,1.35132730,0.00000000E+00,4.84518595E-02,124.104706,115.852791,124.008194,3047.86963,111.589996,32.0512848,0.00000000E+00,0.00000000E+00,2907,484.500000
96187,991,4,11220.0010,112.000000,124.849998,125.000008,123.992416,4155.85889,1.42570674,0.00000000E+00,5.63348755E-02,124.090675,116.153862,123.992416,3047.86963,112.000000,32.0512848,0.00000000E+00,0.00000000E+00,2907,484.500000
96187,990,4,11120.0000,111.830002,124.870010,124.870010,123.986809,4155.86182,1.42543721,0.00000000E+00,5.64676635E-02,124.090355,116.130547,123.986809,3047.86963,111.830002,32.0512848,0.00000000E+00,0.00000000E+00,2907,484.500000
96187,989,4,11020.0000,111.370003,124.769997,124.810005,123.982750,4155.86328,1.41468894,0.00000000E+00,5.53477556E-02,124.085533,116.097229,123.982750,3047.86963,111.370003,32.0512848,0.00000000E+00,0.00000000E+00,2907,484.500000
96187,988,4,10920.0000,111.430000,124.870010,125.010002,123.978790,4155.86572,1.40409589,0.00000000E+00,5.40537573E-02,124.080017,116.040947,123.978790,3047.86963,111.430000,32.0512848,0.00000000E+00,0.00000000E+00,2907,484.500000
96187,987,4,10820.0010,111.099998,124.810005,124.930000,123.974648,4155.86719,1.39535284,0.00000000E+00,5.34971654E-02,124.074509,116.018600,123.974648,3047.86963,111.099998,32.0512848,0.00000000E+00,0.00000000E+00,2907,484.500000
96187,986,4,10720.0000,111.370003,124.959999,124.849998,123.981819,4155.86914,1.30443311,0.00000000E+00,5.26225306E-02,124.074509,115.955627,123.981819,3047.86963,111.370003,32.0512848,0.00000000E+00,0.00000000E+00,2907,484.500000
96187,985,4,10620.0000,111.530006,124.900002,124.890007,123.963730,4155.87012,1.39736557,0.00000000E+00,5.32496534E-02,124.056740,115.936447,123.963730,3047.86963,111.530006,32.0512848,0.00000000E+00,0.00000000E+00,2907,484.500000
96187,984,4,10520.0000,111.349998,124.800003,124.790009,123.963318,4155.87061,1.36387753,0.00000000E+00,4.89876904E-02,124.056740,115.566299,123.963318,3047.86963,111.349998,32.0512848,0.00000000E+00,0.00000000E+00,2907,484.500000
96187,983,4,10420.0010,110.669998,124.860001,124.810005,123.957436,4155.87158,1.37065780,0.00000000E+00,4.95739132E-02,124.052658,115.604874,123.957436,3047.86963,110.669998,32.0512848,0.00000000E+00,0.00000000E+00,2907,484.500000
96187,982,4,10320.0000,110.070000,125.040001,124.989998,123.949135,4155.87158,1.39332426,0.00000000E+00,5.21891117E-02,124.046463,115.765724,123.949135,3047.86963,110.070000,32.0512848,0.00000000E+00,0.00000000E+00,2907,484.500000
96187,981,4,10220.0000,109.779999,124.860001,125.020004,123.942726,4155.87109,1.40125525,0.00000000E+00,5.31488061E-02,124.042206,115.794037,123.942726,3047.86963,109.779999,32.0512848,0.00000000E+00,0.00000000E+00,2907,484.500000
96187,980,4,10120.0000,109.370003,124.870010,124.900002,123.937981,4155.87109,1.39722669,0.00000000E+00,5.30475639E-02,124.037766,115.802109,123.937981,3047.86963,109.370003,32.0512848,0.00000000E+00,0.00000000E+00,2907,484.500000
96187,979,4,10020.0010,109.270004,124.810005,124.890007,123.932297,4155.87061,1.39982641,0.00000000E+00,5.31041585E-02,124.031906,115.787140,123.932297,3047.86963,109.270004,32.0512848,0.00000000E+00,0.00000000E+00,2907,484.500000
96187,978,4,9920.00000,108.629997,124.879997,124.920006,123.928009,4155.87158,1.39281535,0.00000000E+00,5.25175445E-02,124.027382,115.661499,123.928009,3047.86963,108.629997,32.0512848,0.00000000E+00,0.00000000E+00,2907,484.500000
96187,977,4,9820.00000,109.379997,124.750000,124.810005,123.924088,4155.86768,1.38376236,0.00000000E+00,5.13708070E-02,124.022324,115.693527,123.924088,3047.86963,109.379997,32.0512848,0.00000000E+00,0.00000000E+00,2907,484.500000
96187,976,4,9720.00000,108.640007,125.070000,124.989998,123.925461,4155.86670,1.33869159,0.00000000E+00,4.60676141E-02,124.019905,115.053238,123.925461,3047.86963,108.640007,32.0512848,0.00000000E+00,0.00000000E+00,2907,484.500000
96187,975,4,9620.00000,109.640007,124.800003,124.970009,123.920898,4155.86377,1.33841240,0.00000000E+00,4.59069163E-02,124.012222,115.114479,123.920898,3047.86963,109.640007,32.0512848,0.00000000E+00,0.00000000E+00,2907,484.500000
96187,974,4,9520.00000,110.080002,124.779999,124.879997,123.916183,4155.86182,1.33910084,0.00000000E+00,4.63254750E-02,124.007530,115.201599,123.916183,3047.86963,110.080002,32.0512848,0.00000000E+00,0.00000000E+00,2907,484.500000
96187,973,4,9420.00000,110.690010,124.720001,124.920006,123.911491,4155.85938,1.33944666,0.00000000E+00,4.62892279E-02,124.002861,115.284958,123.911491,3047.86963,110.690010,32.0512848,0.00000000E+00,0.00000000E+00,2907,484.500000
96187,972,4,9320.00000,110.140007,125.040001,125.029999,123.906281,4155.85742,1.34344840,0.00000000E+00,4.67841960E-02,123.997993,115.331505,123.906281,3047.86963,110.140007,32.0512848,0.00000000E+00,0.00000000E+00,2907,484.500000
96187,971,4,9220.00000,111.129997,124.870010,124.910004,123.900055,4155.85156,1.35404646,0.00000000E+00,4.83551584E-02,123.992775,115.618401,123.900055,3047.86963,111.129997,32.0512848,0.00000000E+00,0.00000000E+00,2907,484.500000
96187,970,4,9120.00000,111.480011,124.870010,124.959999,123.892227,4155.84619,1.37467599,0.00000000E+00,5.06022908E-02,123.987106,115.766663,123.892227,3047.86963,111.480011,32.0512848,0.00000000E+00,0.00000000E+00,2907,484.500000
96187,969,4,9020.00000,111.430000,124.830002,124.930000,123.890633,4155.84326,1.35062373,0.00000000E+00,4.80384640E-02,123.985260,115.539932,123.890633,3047.86963,111.430000,32.0512848,0.00000000E+00,0.00000000E+00,2907,484.500000
96187,968,4,8920.00000,111.199997,124.879997,124.940002,123.881393,4155.83740,1.38109314,0.00000000E+00,5.16849086E-02,123.976463,115.866531,123.881393,3047.86963,111.199997,32.0512848,0.00000000E+00,0.00000000E+00,2907,484.500000
96187,967,4,8820.00000,110.879997,124.760010,124.920006,123.880447,4155.83203,1.35195529,0.00000000E+00,4.82942760E-02,123.975601,115.656136,123.880447,3047.86963,110.879997,32.0512848,0.00000000E+00,0.00000000E+00,2907,484.500000
96187,966,4,8720.00000,110.519997,124.849998,125.000008,123.875465,4155.82520,1.35295427,0.00000000E+00,4.82433923E-02,123.968674,115.561485,123.875465,3047.86963,110.519997,32.0512848,0.00000000E+00,0.00000000E+00,2907,484.500000
96187,965,4,8620.00000,110.160004,124.810005,124.790009,123.876968,4155.81738,1.30786026,0.00000000E+00,4.37760763E-02,123.967178,115.270683,123.876968,3047.86963,110.160004,32.0512848,0.00000000E+00,0.00000000E+00,2907,484.500000
96187,964,4,8520.00000,110.230003,124.779999,124.900002,123.877525,4155.81006,1.27122903,0.00000000E+00,4.13220376E-02,123.962280,114.990128,123.877525,3047.86963,110.230003,32.0512848,0.00000000E+00,0.00000000E+00,2907,484.500000
96187,963,4,8420.00000,110.220009,124.949997,124.900002,123.882164,4155.80078,1.20346332,0.00000000E+00,3.64644602E-02,123.960197,114.847519,123.882164,3047.86963,110.220009,32.0512848,0.00000000E+00,0.00000000E+00,2907,484.500000
96187,962,4,8320.00000,110.560013,124.750000,124.779999,123.888451,4155.79297,1.12175679,0.00000000E+00,3.11439000E-02,123.957275,114.749290,123.888451,3047.86963,110.560005,32.0512848,0.00000000E+00,0.00000000E+00,2907,484.500000
96187,961,4,8220.00000,109.940002,124.769997,125.029999,123.888359,4155.78369,1.09537220,0.00000000E+00,3.02353818E-02,123.950836,114.823891,123.888359,3047.86963,109.940002,32.0512848,0.00000000E+00,0.00000000E+00,2907,484.500000
96187,960,4,8140.00000,109.190002,124.849998,124.989998,123.846153,4155.77734,1.40506935,0.00000000E+00,5.28183877E-02,123.925819,115.509605,123.846153,3047.86963,109.190002,32.0512848,0.00000000E+00,0.00000000E+00,2907,484.500000
96187,959,4,8120.00000,109.190002,124.849998,124.989998,123.845070,4155.77783,1.40522146,0.00000000E+00,5.28359376E-02,123.925819,115.509605,123.845070,3047.86963,109.190002,32.0512848,0.00000000E+00,0.00000000E+00,2907,484.500000
96187,958,4,8020.00049,108.980003,124.860001,125.169998,123.836975,4155.77148,1.42315328,0.00000000E+00,5.69548048E-02,123.925819,115.525497,123.836975,3047.86963,108.980003,32.0512848,0.00000000E+00,0.00000000E+00,2907,484.500000
96187,957,4,7920.00000,108.690002,124.779999,125.169998,123.828049,4155.76367,1.44396675,0.00000000E+00,6.05836436E-02,123.925819,115.523659,123.828049,3047.86963,108.690002,32.0512848,0.00000000E+00,0.00000000E+00,2907,484.500000
96187,956,4,7820.00049,108.489998,124.830002,125.650002,123.802994,4155.75488,1.56251657,0.00000000E+00,7.74685442E-02,123.918167,115.817932,123.802994,3047.86963,108.489998,32.0512848,0.00000000E+00,0.00000000E+00,2907,484.500000
96187,955,4,7720.00000,108.580002,125.059998,125.100006,123.793083,4155.74414,1.57370937,0.00000000E+00,8.45624208E-02,123.918167,115.841087,123.793083,3047.86963,108.580002,32.0512848,0.00000000E+00,0.00000000E+00,2907,484.500000
96187,954,4,7620.00049,108.900002,124.900002,124.980003,123.758453,4155.73535,1.71501458,0.00000000E+00,0.134457320,123.896271,116.400658,123.758453,3047.86963,108.900002,32.0512848,0.00000000E+00,0.00000000E+00,2907,484.500000
96187,953,4,7520.00000,109.379997,124.940002,125.169998,123.736832,4155.72607,1.75285375,0.00000000E+00,0.163738757,123.890068,116.456024,123.736832,3047.86963,109.379997,32.0512848,0.00000000E+00,0.00000000E+00,2907,484.500000
96187,952,4,7420.00000,109.680000,124.900002,125.169998,123.698486,4155.71582,1.85332692,0.00000000E+00,0.233412728,123.864166,117.002007,123.698486,3047.86963,109.680000,32.0512848,0.00000000E+00,0.00000000E+00,2907,484.500000
96187,951,4,7340.00000,109.370003,124.920006,125.139999,123.680695,4155.70752,1.84871435,0.00000000E+00,0.232768953,123.855324,116.934708,123.680695,3047.86963,109.370003,32.0512848,0.00000000E+00,0.00000000E+00,2907,484.500000
96187,950,4,7320.00000,109.370003,124.920006,125.139999,123.675804,4155.70508,1.84993052,0.00000000E+00,0.233241826,123.850113,116.934708,123.675804,3047.86963,109.370003,32.0512848,0.00000000E+00,0.00000000E+00,2907,484.500000
96187,949,4,7220.00000,110.519997,125.180008,124.870010,123.644516,4155.69727,1.88505995,0.00000000E+00,0.258461505,123.822273,117.490829,123.644516,3047.86963,110.519997,32.0512848,0.00000000E+00,0.00000000E+00,2907,484.500000
96187,948,4,7180.00049,110.760002,124.959999,125.029999,123.657188,4155.69092,1.76525331,0.00000000E+00,0.221222326,123.822273,117.338890,123.657188,3047.86963,110.760002,32.0512848,0.00000000E+00,0.00000000E+00,2907,484.500000
96187,947,4,7120.00000,110.760002,124.959999,125.029999,123.643250,4155.68408,1.76868200,0.00000000E+00,0.222582951,123.802383,117.338890,123.643250,3047.86963,110.760002,32.0512848,0.00000000E+00,0.00000000E+00,2907,484.500000
96187,946,4,7020.00000,110.790001,124.890007,125.100006,123.660927,4155.67236,1.54843235,0.00000000E+00,0.165217817,123.801132,117.642494,123.660927,3047.86963,110.790001,32.0512848,0.00000000E+00,0.00000000E+00,2907,484.500000
96187,945,4,6920.00000,111.220001,124.900002,124.870010,123.672623,4076.40625,1.39999163,0.00000000E+00,0.131268427,123.783394,116.845497,123.672623,3047.86963,111.220001,32.0512848,0.00000000E+00,0.00000000E+00,2907,484.500000
96187,944,4,6820.00000,111.410004,124.810005,124.970009,123.683655,3997.13794,1.25657892,0.00000000E+00,0.105869606,123.773582,116.749252,123.683655,3047.86963,111.410004,32.0512848,0.00000000E+00,0.00000000E+00,2907,484.500000
96187,943,4,6720.00000,111.959999,124.820000,124.870010,123.688698,3917.86743,1.15946627,0.00000000E+00,9.16530490E-02,123.763077,116.921326,123.688698,3047.86963,111.959999,32.0512848,0.00000000E+00,0.00000000E+00,2907,484.500000
96187,942,4,6620.00000,114.390007,124.959999,124.980003,123.588409,3838.60034,1.76386130,0.00000000E+00,0.277742982,123.697304,119.439819,123.588409,3047.86963,114.390007,32.0512848,0.00000000E+00,0.00000000E+00,2907,484.500000
96187,941,4,6580.00049,114.390007,124.959999,124.980003,123.590599,3759.34546,1.72681451,0.00000000E+00,0.266077608,123.697304,119.403053,123.590599,3047.86963,114.390007,32.0512848,0.00000000E+00,0.00000000E+00,2907,484.500000
96187,940,4,6520.00000,112.870010,124.900002,124.920006,123.545036,3680.09058,1.91482270,0.00000000E+00,0.331869096,123.697304,119.362457,123.545036,3047.86963,112.870010,32.0512848,0.00000000E+00,0.00000000E+00,2907,484.500000
96187,939,4,6420.00000,112.250000,124.970009,125.010002,123.548706,3600.83325,1.77061808,0.00000000E+00,0.286084503,123.697304,118.831566,123.548706,3047.86963,112.250000,32.0512848,0.00000000E+00,0.00000000E+00,2907,484.500000
96187,938,4,6340.00049,111.000000,124.970009,124.980003,123.562737,3521.57690,1.61269498,0.00000000E+00,0.205022275,123.697304,117.288651,123.562737,3047.86963,111.000000,32.0512848,0.00000000E+00,0.00000000E+00,2907,484.500000
96187,937,4,6320.00000,111.000000,124.970009,124.980003,123.570824,3442.32544,1.57448149,0.00000000E+00,0.195167437,123.697304,117.232925,123.570824,3047.86963,111.000000,32.0512848,0.00000000E+00,0.00000000E+00,2907,484.500000
96187,936,2,6220.00000,110.500000,124.050003,124.050003,123.450005,3363.07080,2.16413784,0.00000000E+00,0.194526955,123.628105,0.00000000E+00,123.450005,3047.86963,110.500000,32.0512848,0.00000000E+00,0.00000000E+00,2907,484.500000
