"ID","KNO","TYP","STAT","SOHL","UF_L","UF_R","WSP","Q","V","AVOL","I1000","HEL","HGR","HWSPORI","HDECKDF","HSOHLOF","KS","B_WSP","FROUDE","IT","TIME","X","Y"
21384,1223,4,2369.00000,115.360001,131.940002,132.850006,126.784309,1500.00012,3.98938107,0.00000000E+00,1.30747902,127.595482,121.770477,126.784309,3047.86963,115.360001,34.9650345,0.00000000E+00,0.00000000E+00,307,307.000000
21384,1222,4,2300.00000,117.720001,131.570007,131.690002,127.081375,1500.07703,1.48673618,0.00000000E+00,0.148844719,127.463486,120.428719,127.081375,3047.86963,117.720001,34.9650345,0.00000000E+00,0.00000000E+00,391,391.000000
21384,1221,4,2200.00000,110.770012,130.210007,131.619995,127.124161,1500.31360,0.643547773,0.00000000E+00,2.29914691E-02,127.181984,114.779266,127.124161,3047.86963,110.770004,34.9650345,0.00000000E+00,0.00000000E+00,391,391.000000
21384,1220,4,2098.00000,116.610001,130.330002,131.490005,127.116035,1500.63513,0.823536932,0.00000000E+00,5.20154834E-02,127.143463,120.080750,127.116035,3047.86963,116.610001,34.9650345,0.00000000E+00,0.00000000E+00,391,391.000000
21384,1219,4,1997.00012,118.070015,130.210007,131.479996,127.108650,1500.95691,0.949105561,0.00000000E+00,8.36616755E-02,127.143463,121.020439,127.108650,3047.86963,118.070007,34.9650345,0.00000000E+00,0.00000000E+00,391,391.000000
21384,1218,4,1897.00000,117.960007,130.279999,131.500000,127.106552,1501.27844,0.923779488,0.00000000E+00,7.66009986E-02,127.143463,120.866608,127.106552,3047.86963,117.960007,34.9650345,0.00000000E+00,0.00000000E+00,391,391.000000
21384,1217,4,1796.00000,117.059998,130.250000,131.199997,127.107040,1501.60278,0.837933123,0.00000000E+00,5.48556745E-02,127.143463,120.128372,127.107040,3047.86963,117.059998,34.9650345,0.00000000E+00,0.00000000E+00,391,391.000000
21384,1216,4,1696.00000,117.280006,130.339996,131.160004,127.104530,1501.92432,0.843445957,0.00000000E+00,5.62430955E-02,127.140556,120.121117,127.104530,3047.86963,117.280006,34.9650345,0.00000000E+00,0.00000000E+00,391,391.000000
21384,1215,4,1595.00000,117.220001,130.300003,130.990005,127.106575,1502.27930,0.762494385,0.00000000E+00,4.95964400E-02,127.139435,120.002953,127.106575,3047.86963,117.220001,34.9650345,0.00000000E+00,0.00000000E+00,391,391.000000
21384,1214,4,1485.00012,116.290001,130.270004,131.119995,127.107620,1502.69812,0.673839569,0.00000000E+00,3.28839086E-02,127.133911,119.577316,127.107620,3047.86963,116.290001,34.9650345,0.00000000E+00,0.00000000E+00,391,391.000000
21384,1213,4,1374.00000,116.470001,130.270004,130.820007,127.105675,1503.12170,0.684346735,0.00000000E+00,3.45830061E-02,127.129181,119.442474,127.105675,3047.86963,116.470001,34.9650345,0.00000000E+00,0.00000000E+00,391,391.000000
21384,1212,4,1268.00000,116.959999,130.240005,130.399994,127.101326,1503.51416,0.751509666,0.00000000E+00,4.30783778E-02,127.127586,120.036179,127.101326,3047.86963,116.959999,34.9650345,0.00000000E+00,0.00000000E+00,391,391.000000
21384,1211,4,1171.00000,116.739998,130.110001,133.919998,127.094589,1503.84058,0.853631556,0.00000000E+00,5.50102070E-02,127.127419,119.984741,127.094589,3047.86963,116.739998,34.9650345,0.00000000E+00,0.00000000E+00,391,391.000000
21384,1210,4,1068.00000,117.559998,129.960007,136.699997,127.082634,1504.14368,1.02975559,0.00000000E+00,8.45117569E-02,127.127419,120.402565,127.082634,3047.86963,117.559998,34.9650345,0.00000000E+00,0.00000000E+00,391,391.000000
21384,1209,4,958.000122,117.629997,130.130005,136.559998,127.072594,1504.43091,1.11960077,0.00000000E+00,9.67274979E-02,127.127419,120.237244,127.072594,3047.86963,117.629997,34.9650345,0.00000000E+00,0.00000000E+00,391,391.000000
21384,1208,4,856.000000,117.120003,130.149994,135.520004,127.057579,1504.67285,1.28184032,0.00000000E+00,0.131415769,127.127419,120.423958,127.057579,3047.86963,117.120003,34.9650345,0.00000000E+00,0.00000000E+00,391,391.000000
21384,1207,4,754.000000,117.709999,130.119995,135.160004,127.045143,1504.89844,1.37323129,0.00000000E+00,0.153318360,127.127419,120.514015,127.045143,3047.86963,117.709999,34.9650345,0.00000000E+00,0.00000000E+00,391,391.000000
21384,1206,4,645.000000,116.400002,130.009995,129.940002,127.043060,1505.13354,1.29071200,0.00000000E+00,0.123842433,127.127419,120.010727,127.043060,3047.86963,116.400002,34.9650345,0.00000000E+00,0.00000000E+00,391,391.000000
21384,1205,4,545.000000,116.120003,129.850006,130.940002,127.036232,1505.34802,1.31350315,0.00000000E+00,0.128715694,127.122650,119.944748,127.036232,3047.86963,116.120003,34.9650345,0.00000000E+00,0.00000000E+00,391,391.000000
21384,1204,4,448.000000,117.320000,129.779999,130.800003,127.023880,1505.54956,1.41227639,0.00000000E+00,0.149909824,127.118553,120.203880,127.023880,3047.86963,117.320000,34.9650345,0.00000000E+00,0.00000000E+00,391,391.000000
21384,1203,4,343.000031,116.730011,129.570007,130.339996,127.025513,1505.77161,1.29093349,0.00000000E+00,0.125092208,127.118553,120.014763,127.025513,3047.86963,116.730011,34.9650345,0.00000000E+00,0.00000000E+00,391,391.000000
21384,1202,4,247.000015,116.169998,127.470001,130.309998,127.023994,1505.98364,1.23508990,0.00000000E+00,0.107265845,127.105301,119.515121,127.023994,3047.86963,116.169998,34.9650345,0.00000000E+00,0.00000000E+00,391,391.000000
21384,1201,4,138.000000,116.830002,127.269997,127.200005,127.029938,1506.25525,1.10481393,0.00000000E+00,0.100525647,127.099701,120.208160,127.029938,3047.86963,116.830002,34.9650345,0.00000000E+00,0.00000000E+00,391,391.000000
96187,1190,4,31096.0039,121.110008,137.960007,137.789993,127.202858,1964.74341,3.04516792,0.00000000E+00,1.35050881,127.099701,124.761971,127.202858,3047.86963,121.110008,34.9650345,0.00000000E+00,0.00000000E+00,1789,1789.00000
96187,1189,4,30995.0020,117.720001,117.960007,132.070007,127.415474,1964.57593,1.71485615,0.00000000E+00,0.303943276,127.099701,121.934868,127.415474,3047.86963,117.720001,34.9650345,0.00000000E+00,0.00000000E+00,1789,1789.00000
96187,1188,4,30895.0000,110.790001,110.820007,132.059998,127.500526,1964.18091,0.626934230,0.00000000E+00,3.22814919E-02,127.099701,119.453789,127.500526,3047.86963,110.790001,34.9650345,0.00000000E+00,0.00000000E+00,1789,1789.00000
96187,1187,4,30795.0000,116.580002,116.820000,132.160004,127.469131,1963.64221,0.941973567,0.00000000E+00,0.111593544,127.099701,123.241890,127.469131,3047.86963,116.580002,34.9650345,0.00000000E+00,0.00000000E+00,1789,1789.00000
96187,1186,4,30694.0000,120.500000,131.570007,132.070007,127.435974,1963.15674,1.12610459,0.00000000E+00,0.163095638,127.099701,124.346466,127.435974,3047.86963,120.500000,34.9650345,0.00000000E+00,0.00000000E+00,1789,1789.00000
96187,1185,4,30594.0000,120.230003,131.509995,131.740005,127.411430,1962.73401,1.19160795,0.00000000E+00,0.172427177,127.099701,123.736061,127.411430,3047.86963,120.230003,34.9650345,0.00000000E+00,0.00000000E+00,1789,1789.00000
96187,1184,4,30493.0000,119.250008,131.289993,131.500000,127.373810,1962.36169,1.33582807,0.00000000E+00,0.205256358,127.099701,123.258965,127.373810,3047.86963,119.250008,34.9650345,0.00000000E+00,0.00000000E+00,1789,1789.00000
96187,1183,4,30393.0000,117.169998,131.199997,131.440002,127.335587,1962.04553,1.45111024,0.00000000E+00,0.231470913,127.099701,122.666344,127.335587,3047.86963,117.169998,34.9650345,0.00000000E+00,0.00000000E+00,1789,1789.00000
96187,1182,4,30293.0000,115.879997,131.089996,131.259995,127.328056,1961.76465,1.36433351,0.00000000E+00,0.167343527,127.099701,122.532799,127.328056,3047.86963,115.879997,34.9650345,0.00000000E+00,0.00000000E+00,1789,1789.00000
96187,1181,4,30193.0020,117.470001,131.119995,131.220001,127.322662,1961.50513,1.29443586,0.00000000E+00,0.129254565,127.099701,122.636841,127.322662,3047.86963,117.470001,34.9650345,0.00000000E+00,0.00000000E+00,1789,1789.00000
96187,1180,4,30093.0020,119.150002,130.850006,130.960007,127.295921,1961.25745,1.38556612,0.00000000E+00,0.155955508,127.099701,123.098923,127.295921,3047.86963,119.150002,34.9650345,0.00000000E+00,0.00000000E+00,1789,1789.00000
96187,1179,4,29992.0000,120.199997,127.800003,131.020004,127.267204,1961.01282,1.46343076,0.00000000E+00,0.187978953,127.099701,123.303810,127.267204,3047.86963,120.199997,34.9650345,0.00000000E+00,0.00000000E+00,1789,1789.00000
96187,1178,4,29896.0000,120.140007,127.620003,130.809998,127.221855,1960.78345,1.61822033,0.00000000E+00,0.260944903,127.099701,123.791847,127.221855,3047.86963,120.140007,34.9650345,0.00000000E+00,0.00000000E+00,1789,1789.00000
96187,1177,4,29796.0000,120.389999,127.440010,130.639999,127.200310,1960.54517,1.59392118,0.00000000E+00,0.254080594,127.099701,123.763756,127.200310,3047.86963,120.389999,34.9650345,0.00000000E+00,0.00000000E+00,1789,1789.00000
96187,1176,4,29696.0000,120.589996,127.070007,130.580002,127.170776,1960.30469,1.61549675,0.00000000E+00,0.272083789,127.099701,123.888756,127.170776,3047.86963,120.589996,34.9650345,0.00000000E+00,0.00000000E+00,1789,1789.00000
96187,1175,4,29595.0000,120.730003,127.000000,130.490005,127.146805,1960.06165,1.59823155,0.00000000E+00,0.263765574,127.099701,123.870201,127.146805,3047.86963,120.730003,34.9650345,0.00000000E+00,0.00000000E+00,1789,1789.00000
96187,1174,4,29494.0039,120.300011,126.860008,130.320007,127.117332,1959.82031,1.61446011,0.00000000E+00,0.273523510,127.099701,124.019791,127.117332,3047.86963,120.300011,34.9650345,0.00000000E+00,0.00000000E+00,1789,1789.00000
96187,1173,4,29393.0020,120.440002,127.150009,130.220001,127.087975,1959.58142,1.62518430,0.00000000E+00,0.278913170,127.099701,124.035118,127.087975,3047.86963,120.440002,34.9650345,0.00000000E+00,0.00000000E+00,1789,1789.00000
96187,1172,4,29290.0020,120.350006,127.239998,130.240005,127.064247,1959.34180,1.60189033,0.00000000E+00,0.261125743,127.099701,123.904655,127.064247,3047.86963,120.350006,34.9650345,0.00000000E+00,0.00000000E+00,1789,1789.00000
96187,1171,4,29192.0000,120.330002,127.160004,130.199997,127.046288,1959.11682,1.56170368,0.00000000E+00,0.241547227,127.099701,123.768089,127.046288,3047.86963,120.330002,34.9650345,0.00000000E+00,0.00000000E+00,1789,1789.00000
96187,1170,4,29092.0000,120.480003,127.290001,130.110001,127.016174,1958.88879,1.59545803,0.00000000E+00,0.258410931,127.099701,123.804771,127.016174,3047.86963,120.480003,34.9650345,0.00000000E+00,0.00000000E+00,1789,1789.00000
96187,1169,4,28992.0000,120.220009,127.020004,129.910004,126.995941,1958.66162,1.56561613,0.00000000E+00,0.246910080,127.099701,123.514633,126.995941,3047.86963,120.220009,34.9650345,0.00000000E+00,0.00000000E+00,1789,1789.00000
96187,1168,4,28892.0000,119.980003,127.160004,129.940002,126.964027,1958.43555,1.60591292,0.00000000E+00,0.267645597,127.092186,123.753143,126.964027,3047.86963,119.980003,34.9650345,0.00000000E+00,0.00000000E+00,1789,1789.00000
96187,1167,4,28776.0000,116.709999,129.369995,129.850006,127.036057,1958.02258,0.616925955,0.00000000E+00,2.94000302E-02,127.092186,120.258621,127.036057,3047.86963,116.709999,34.9650345,0.00000000E+00,0.00000000E+00,1789,1789.00000
96187,1166,4,28677.0000,116.280006,129.250000,129.869995,126.964264,3452.42310,1.27432907,0.00000000E+00,0.141573891,127.009842,122.132408,126.964264,3047.86963,116.280006,34.9650345,0.00000000E+00,0.00000000E+00,1789,1789.00000
96187,1165,4,28577.0000,117.670006,129.220001,129.800003,126.919395,3452.01978,1.48491120,0.00000000E+00,0.168478072,127.009842,122.642853,126.919395,3047.86963,117.670006,34.9650345,0.00000000E+00,0.00000000E+00,1789,1789.00000
96187,1164,4,28479.0000,117.280006,129.270004,129.619995,126.886017,3451.69385,1.58832991,0.00000000E+00,0.183549270,127.006363,122.358154,126.886017,3047.86963,117.280006,34.9650345,0.00000000E+00,0.00000000E+00,1789,1789.00000
96187,1163,4,28383.0039,118.180000,129.210007,129.580002,126.850288,3451.40674,1.69198108,0.00000000E+00,0.201161399,126.987396,122.394691,126.850288,3047.86963,118.180000,34.9650345,0.00000000E+00,0.00000000E+00,1789,1789.00000
96187,1162,4,28287.0000,117.970001,129.160004,129.589996,126.810005,3451.14819,1.80565166,0.00000000E+00,0.217506900,126.965881,122.242531,126.810005,3047.86963,117.970001,34.9650345,0.00000000E+00,0.00000000E+00,1789,1789.00000
96187,1161,4,28193.0000,118.380005,129.050003,129.429993,126.771202,3450.90771,1.89264679,0.00000000E+00,0.260637790,126.945457,122.008530,126.771202,3047.86963,118.380005,34.9650345,0.00000000E+00,0.00000000E+00,1789,1789.00000
96187,1160,4,28095.0000,117.930000,129.350006,129.139999,126.735863,3450.66895,1.94573307,0.00000000E+00,0.249464974,126.923531,121.966026,126.735863,3047.86963,117.930000,34.9650345,0.00000000E+00,0.00000000E+00,1789,1789.00000
96187,1159,4,27995.0039,117.190002,129.089996,129.360001,126.727570,3450.44336,1.87061512,0.00000000E+00,0.208210096,126.913155,121.592026,126.727570,3047.86963,117.190002,34.9650345,0.00000000E+00,0.00000000E+00,1789,1789.00000
96187,1158,4,27895.0020,117.700012,129.089996,129.259995,126.697136,3450.22144,1.91497600,0.00000000E+00,0.230037093,126.879738,121.815109,126.697136,3047.86963,117.700005,34.9650345,0.00000000E+00,0.00000000E+00,1789,1789.00000
96187,1157,4,27796.0000,118.129997,129.039993,129.000000,126.720207,3449.98340,1.66641474,0.00000000E+00,0.212273195,126.879738,121.919250,126.720207,3047.86963,118.129997,34.9650345,0.00000000E+00,0.00000000E+00,1790,1790.00000
96187,1156,4,27696.0000,118.080002,129.050003,129.130005,126.647850,3449.95020,1.93307269,0.00000000E+00,0.261211544,126.812943,121.968452,126.647850,3047.86963,118.080002,34.9650345,0.00000000E+00,0.00000000E+00,1790,1790.00000
96187,1155,4,27595.0000,118.000000,129.039993,128.949997,126.619591,3449.91968,1.94245887,0.00000000E+00,0.262081116,126.810974,121.909279,126.619591,3047.86963,118.000000,34.9650345,0.00000000E+00,0.00000000E+00,1790,1790.00000
96187,1154,4,27495.0000,118.190002,129.070007,128.919998,126.587631,3449.89111,1.97298467,0.00000000E+00,0.255227536,126.782974,121.971931,126.587631,3047.86963,118.190002,34.9650345,0.00000000E+00,0.00000000E+00,1790,1790.00000
96187,1153,4,27394.0000,118.430000,129.059998,128.929993,126.553711,3449.86279,2.00924301,0.00000000E+00,0.270796359,126.755775,122.034561,126.553711,3047.86963,118.430000,34.9650345,0.00000000E+00,0.00000000E+00,1790,1790.00000
96187,1152,4,27294.0000,118.519997,128.979996,128.910004,126.527031,3449.83447,2.00727749,0.00000000E+00,0.270851493,126.732574,122.035072,126.527031,3047.86963,118.519997,34.9650345,0.00000000E+00,0.00000000E+00,1790,1790.00000
96187,1151,4,27194.0039,118.080002,128.910004,128.899994,126.506012,3449.80542,1.97956836,0.00000000E+00,0.262248129,126.708549,121.941109,126.506012,3047.86963,118.080002,34.9650345,0.00000000E+00,0.00000000E+00,1790,1790.00000
96187,1150,4,27093.0020,118.510002,129.089996,128.869995,126.465729,3449.77588,2.04061294,0.00000000E+00,0.287754476,126.671661,122.119530,126.465729,3047.86963,118.510002,34.9650345,0.00000000E+00,0.00000000E+00,1790,1790.00000
96187,1149,4,26993.0000,118.430000,128.960007,128.899994,126.445328,3449.74683,2.00366831,0.00000000E+00,0.272615999,126.653740,121.982704,126.445328,3047.86963,118.430000,34.9650345,0.00000000E+00,0.00000000E+00,1790,1790.00000
96187,1148,4,26893.0000,118.460007,128.919998,128.880005,126.411873,3449.71704,2.03000307,0.00000000E+00,0.288245112,126.619194,122.076843,126.411873,3047.86963,118.460007,34.9650345,0.00000000E+00,0.00000000E+00,1790,1790.00000
96187,1147,4,26791.0000,118.610001,128.970001,128.820007,126.394218,3449.68677,1.97903967,0.00000000E+00,0.262135625,126.599014,121.926025,126.394218,3047.86963,118.610001,34.9650345,0.00000000E+00,0.00000000E+00,1790,1790.00000
96187,1146,4,26693.0000,118.699997,128.869995,128.800003,126.364059,3449.65747,1.99878621,0.00000000E+00,0.271637827,126.565681,121.980148,126.364059,3047.86963,118.699997,34.9650345,0.00000000E+00,0.00000000E+00,1790,1790.00000
96187,1145,4,26594.0000,118.820000,125.400002,128.710007,126.335693,3449.62842,2.00638509,0.00000000E+00,0.270021081,126.540092,122.078918,126.335693,3047.86963,118.820000,34.9650345,0.00000000E+00,0.00000000E+00,1790,1790.00000
96187,1144,4,26488.0000,119.120010,128.869995,128.690002,126.308083,3449.59521,1.99040103,0.00000000E+00,0.312307477,126.511620,122.234222,126.308083,3047.86963,119.120010,34.9650345,0.00000000E+00,0.00000000E+00,1790,1790.00000
96187,1143,4,26393.0039,118.849998,128.770004,128.610001,126.258369,3449.56445,2.08532453,0.00000000E+00,0.319348127,126.469994,122.198181,126.258369,3047.86963,118.849998,34.9650345,0.00000000E+00,0.00000000E+00,1790,1790.00000
96187,1142,4,26293.0020,118.209999,128.649994,128.600006,126.231895,3449.53369,2.06304955,0.00000000E+00,0.304246485,126.451172,122.086586,126.231895,3047.86963,118.209999,34.9650345,0.00000000E+00,0.00000000E+00,1790,1790.00000
96187,1141,4,26193.0000,118.080002,128.550003,128.490005,126.203667,3449.50269,2.05308127,0.00000000E+00,0.302146047,126.419548,122.001244,126.203667,3047.86963,118.080002,34.9650345,0.00000000E+00,0.00000000E+00,1790,1790.00000
96187,1140,4,26096.0000,118.360001,128.449997,128.509995,126.169411,3449.47266,2.07408381,0.00000000E+00,0.313118100,126.386452,122.023499,126.169411,3047.86963,118.360001,34.9650345,0.00000000E+00,0.00000000E+00,1790,1790.00000
96187,1139,4,26000.0000,118.460007,128.460007,128.529999,126.143150,3449.44214,2.05775595,0.00000000E+00,0.305649072,126.360687,121.987007,126.143150,3047.86963,118.460007,34.9650345,0.00000000E+00,0.00000000E+00,1790,1790.00000
96187,1138,4,25903.0020,118.650002,128.380005,128.440002,126.110413,3449.41113,2.07084608,0.00000000E+00,0.312555790,126.327606,122.033272,126.110413,3047.86963,118.650002,34.9650345,0.00000000E+00,0.00000000E+00,1790,1790.00000
96187,1137,4,25806.0000,118.779999,128.380005,128.380005,126.074463,3449.37988,2.09415436,0.00000000E+00,0.326621294,126.295502,122.101791,126.074463,3047.86963,118.779999,34.9650345,0.00000000E+00,0.00000000E+00,1790,1790.00000
96187,1136,4,25710.0000,118.610001,128.360001,128.440002,126.037720,3449.34912,2.11642051,0.00000000E+00,0.339247584,126.263626,122.131096,126.037720,3047.86963,118.610001,34.9650345,0.00000000E+00,0.00000000E+00,1790,1790.00000
96187,1135,4,25613.0000,118.980003,128.339996,128.369995,125.996521,3449.31812,2.15022206,0.00000000E+00,0.358495384,126.228470,122.214325,125.996521,3047.86963,118.980003,34.9650345,0.00000000E+00,0.00000000E+00,1790,1790.00000
96187,1134,4,25520.0000,118.650002,128.300003,125.610001,125.956139,3449.28784,2.17663383,0.00000000E+00,0.384568423,126.194435,122.217949,125.956139,3047.86963,118.650002,34.9650345,0.00000000E+00,0.00000000E+00,1790,1790.00000
96187,1133,4,25420.0000,116.970001,128.250000,128.300003,125.955772,3449.25366,2.01041961,0.00000000E+00,0.331235528,126.179153,121.864983,125.955772,3047.86963,116.970001,34.9650345,0.00000000E+00,0.00000000E+00,1790,1790.00000
96187,1132,4,25320.0000,116.709999,128.190002,128.289993,125.914223,3449.21948,2.05622721,0.00000000E+00,0.309719115,126.124924,121.823402,125.914223,3047.86963,116.709999,34.9650345,0.00000000E+00,0.00000000E+00,1790,1790.00000
96187,1131,4,25220.0000,116.300003,128.179993,128.229996,125.884956,3449.18701,2.05624461,0.00000000E+00,0.275649518,126.100456,121.812965,125.884956,3047.86963,116.300003,34.0136032,0.00000000E+00,0.00000000E+00,1790,1790.00000
96187,5130,5,25170.0000,116.510002,128.164993,128.285004,125.871185,3449.17065,2.05604577,0.00000000E+00,0.276464283,126.086662,121.812988,125.871185,3047.86963,116.510002,34.0136032,0.00000000E+00,0.00000000E+00,1790,1790.00000
96187,1130,4,25120.0000,116.720001,128.149994,128.339996,125.857323,3449.15454,2.05614638,0.00000000E+00,0.277383178,126.072670,121.830086,125.857323,3047.86963,116.720001,34.0136032,0.00000000E+00,0.00000000E+00,1790,1790.00000
96187,1129,4,25020.0000,115.690002,128.029999,128.100006,125.832039,3449.12231,2.04538989,0.00000000E+00,0.273207366,126.046394,121.826691,125.832039,3047.86963,115.690002,34.0136032,0.00000000E+00,0.00000000E+00,1790,1790.00000
96187,1128,4,24920.0039,116.730011,128.039993,128.179993,125.807671,3449.08984,2.03271842,0.00000000E+00,0.266847879,126.019585,121.750168,125.807671,3047.86963,116.730011,34.0136032,0.00000000E+00,0.00000000E+00,1790,1790.00000
96187,1127,4,24820.0020,113.550003,127.990005,128.169998,125.814377,3449.05762,1.88002598,0.00000000E+00,0.207186922,126.009453,121.125618,125.814377,3047.86963,113.550003,34.0136032,0.00000000E+00,0.00000000E+00,1790,1790.00000
96187,1126,4,24720.0000,116.870003,127.980003,128.089996,125.767883,3449.02515,1.99894834,0.00000000E+00,0.252478600,125.959496,121.563293,125.767883,3047.86963,116.870003,34.0136032,0.00000000E+00,0.00000000E+00,1790,1790.00000
96187,1125,4,24620.0000,115.879997,128.039993,128.119995,125.747620,3448.99316,1.97665954,0.00000000E+00,0.243176594,125.949013,121.422585,125.747620,3047.86963,115.879997,34.0136032,0.00000000E+00,0.00000000E+00,1790,1790.00000
96187,1124,4,24520.0000,117.160004,127.959999,128.110001,125.720558,3448.96167,1.98860061,0.00000000E+00,0.249649480,125.920906,121.458084,125.720558,3047.86963,117.160004,34.0136032,0.00000000E+00,0.00000000E+00,1790,1790.00000
96187,1123,4,24420.0000,117.650017,127.889999,128.000000,125.657104,3448.92993,2.15349388,0.00000000E+00,0.323825419,125.875595,121.931648,125.657104,3047.86963,117.650009,34.0136032,0.00000000E+00,0.00000000E+00,1790,1790.00000
96187,1122,4,24320.0000,116.529999,127.930000,127.919998,125.655266,3448.89844,2.02441788,0.00000000E+00,0.262348145,125.875595,121.522102,125.655266,3047.86963,116.529999,34.0136032,0.00000000E+00,0.00000000E+00,1790,1790.00000
96187,1121,4,24220.0000,115.639999,127.870003,127.900002,125.648682,3448.86719,1.93618286,0.00000000E+00,0.225447178,125.848557,121.134842,125.648682,3047.86963,115.639999,34.0136032,0.00000000E+00,0.00000000E+00,1790,1790.00000
96187,1120,4,24120.0020,115.839996,127.760002,127.790001,125.615173,3448.83618,1.98538852,0.00000000E+00,0.247737095,125.811134,121.346008,125.615173,3047.86963,115.839996,34.0136032,0.00000000E+00,0.00000000E+00,1790,1790.00000
96187,1119,4,24020.0020,118.000000,127.780006,127.900002,125.575134,3448.80591,2.05291200,0.00000000E+00,0.274986327,125.782921,121.554314,125.575134,3047.86963,118.000000,34.0136032,0.00000000E+00,0.00000000E+00,1790,1790.00000
96187,1118,4,23920.0000,117.690002,127.639999,127.760002,125.553825,3448.77588,2.02613211,0.00000000E+00,0.262483746,125.765831,121.430710,125.553825,3047.86963,117.690002,34.0136032,0.00000000E+00,0.00000000E+00,1790,1790.00000
96187,5117,5,23875.0000,117.604500,127.680504,127.755501,125.534218,3448.76196,2.06193519,0.00000000E+00,0.277279258,125.747162,121.513840,125.534218,3047.86963,117.604500,34.0136032,0.00000000E+00,0.00000000E+00,1790,1790.00000
96187,1117,4,23820.0000,117.500000,127.730011,127.750000,125.508614,3448.74634,2.10802555,0.00000000E+00,0.297174722,125.730179,121.621056,125.508614,3047.86963,117.500000,34.0136032,0.00000000E+00,0.00000000E+00,1790,1790.00000
96187,1116,4,23720.0000,117.389999,127.510002,127.620003,125.481834,3448.71729,2.09568667,0.00000000E+00,0.291012406,125.706795,121.546791,125.481834,3047.86963,117.389999,34.0136032,0.00000000E+00,0.00000000E+00,1790,1790.00000
96187,1115,4,23620.0000,115.970016,127.680000,127.620003,125.475975,3448.68823,1.99469662,0.00000000E+00,0.247009978,125.689163,121.184174,125.475975,3047.86963,115.970009,34.0136032,0.00000000E+00,0.00000000E+00,1790,1790.00000
96187,1114,4,23520.0000,117.099998,127.589996,127.580002,125.425545,3448.65942,2.10641646,0.00000000E+00,0.294595212,125.639854,121.514870,125.425545,3047.86963,117.099998,34.0136032,0.00000000E+00,0.00000000E+00,1790,1790.00000
96187,1113,4,23420.0000,117.449997,127.459999,127.440010,125.402023,3448.63135,2.08158588,0.00000000E+00,0.281794131,125.625511,121.367493,125.402023,3047.86963,117.449997,34.0136032,0.00000000E+00,0.00000000E+00,1790,1790.00000
96187,1112,4,23320.0020,117.400002,127.419998,127.360008,125.368950,3448.60425,2.10214877,0.00000000E+00,0.291894495,125.591980,121.386589,125.368950,3047.86963,117.400002,34.0136032,0.00000000E+00,0.00000000E+00,1790,1790.00000
96187,1111,4,23220.0000,118.080002,127.510002,127.480003,125.329239,3448.57739,2.14662743,0.00000000E+00,0.309302598,125.559212,121.493385,125.329239,3047.86963,118.080002,34.0136032,0.00000000E+00,0.00000000E+00,1790,1790.00000
96187,1110,4,23120.0000,117.349998,127.330002,127.220001,125.320259,3448.55103,2.05344248,0.00000000E+00,0.268936008,125.545036,121.222176,125.320259,3047.86963,117.349998,34.0136032,0.00000000E+00,0.00000000E+00,1790,1790.00000
96187,1109,4,23020.0000,117.540009,127.449997,127.339996,125.279472,3448.52515,2.11091423,0.00000000E+00,0.302619606,125.500443,121.533394,125.279472,3047.86963,117.540009,34.0136032,0.00000000E+00,0.00000000E+00,1790,1790.00000
96187,1108,4,22920.0000,117.540009,127.449997,127.339996,125.246422,3448.49951,2.12260413,0.00000000E+00,0.307941943,125.474762,121.533379,125.246422,3047.86963,117.540009,34.0136032,0.00000000E+00,0.00000000E+00,1790,1790.00000
96187,1107,4,22820.0000,116.990005,127.200005,127.239998,125.218048,3448.47437,2.11043096,0.00000000E+00,0.311696589,125.446259,121.529175,125.218048,3047.86963,116.990005,34.0136032,0.00000000E+00,0.00000000E+00,1790,1790.00000
96187,1106,4,22720.0000,115.949997,127.180008,127.280006,125.201103,3447.09644,2.05089259,0.00000000E+00,0.283180237,125.421753,121.260406,125.201103,3047.86963,115.949997,34.0136032,0.00000000E+00,0.00000000E+00,1790,1790.00000
96187,1105,4,22620.0039,116.050018,127.190002,127.260010,125.188835,3447.07251,1.98077881,0.00000000E+00,0.250120401,125.395950,121.066803,125.188835,3047.86963,116.050011,34.0136032,0.00000000E+00,0.00000000E+00,1790,1790.00000
96187,1104,4,22520.0020,116.050018,127.190002,127.260010,125.161926,3447.04907,1.98924708,0.00000000E+00,0.253495455,125.362755,121.066795,125.161926,3047.86963,116.050011,34.0136032,0.00000000E+00,0.00000000E+00,1790,1790.00000
96187,1103,4,22420.0000,117.339996,126.990005,127.020004,125.124840,3447.02612,2.03981209,0.00000000E+00,0.280317605,125.331673,121.196892,125.124840,3047.86963,117.339996,34.0136032,0.00000000E+00,0.00000000E+00,1790,1790.00000
96187,1102,4,22320.0000,116.959999,126.930000,127.160004,125.109863,3447.00342,1.98338866,0.00000000E+00,0.250358552,125.316109,120.991013,125.109863,3047.86963,116.959999,34.0136032,0.00000000E+00,0.00000000E+00,1790,1790.00000
96187,1101,4,22220.0000,117.150009,126.959999,126.970009,125.092712,3446.98193,1.94788599,0.00000000E+00,0.234767660,125.289566,120.848221,125.092712,3047.86963,117.150009,32.0512848,0.00000000E+00,0.00000000E+00,1790,1790.00000
96187,1100,4,22120.0000,116.310013,126.890007,126.900002,125.065254,3445.60742,1.96562350,0.00000000E+00,0.246395826,125.260376,120.958023,125.065254,3047.86963,116.310005,32.0512848,0.00000000E+00,0.00000000E+00,1790,1790.00000
96187,1099,4,22020.0000,115.810013,126.900002,126.940010,125.029770,3445.58740,2.01374078,0.00000000E+00,0.267893255,125.231514,121.062157,125.029770,3047.86963,115.810005,32.0512848,0.00000000E+00,0.00000000E+00,1790,1790.00000
96187,1098,4,21920.0000,115.639999,126.709999,126.820000,125.038605,3445.56689,1.84497118,0.00000000E+00,0.217961907,125.227821,120.811234,125.038605,3047.86963,115.639999,32.0512848,0.00000000E+00,0.00000000E+00,1790,1790.00000
96187,1097,4,21820.0020,113.580009,126.750000,126.650009,124.985886,3445.54810,1.99493945,0.00000000E+00,0.249643832,125.173767,120.863655,124.985886,3047.86963,113.580009,32.0512848,0.00000000E+00,0.00000000E+00,1790,1790.00000
96187,1096,4,21720.0020,115.059998,126.709999,126.739998,124.955322,3445.53101,2.01758623,0.00000000E+00,0.268795222,125.160477,121.034081,124.955322,3047.86963,115.059998,32.0512848,0.00000000E+00,0.00000000E+00,1790,1790.00000
96187,1095,4,21620.0000,115.639999,126.690002,126.769997,124.914856,3445.51489,2.07661676,0.00000000E+00,0.293795168,125.128418,121.165344,124.914856,3047.86963,115.639999,32.0512848,0.00000000E+00,0.00000000E+00,1790,1790.00000
96187,1094,4,21520.0000,115.160004,126.570007,126.600006,124.886093,3445.50000,2.07458806,0.00000000E+00,0.289753139,125.105659,121.034294,124.886093,3047.86963,115.160004,32.0512848,0.00000000E+00,0.00000000E+00,1790,1790.00000
96187,1093,4,21420.0000,114.900002,126.559998,126.559998,124.852036,3445.48682,2.09674120,0.00000000E+00,0.296825558,125.073746,121.071327,124.852036,3047.86963,114.900002,32.0512848,0.00000000E+00,0.00000000E+00,1790,1790.00000
96187,1092,4,21320.0000,114.900002,126.510002,126.480003,124.816620,3445.47485,2.12084603,0.00000000E+00,0.307569385,125.043175,121.032440,124.816620,3047.86963,114.900002,32.0512848,0.00000000E+00,0.00000000E+00,1790,1790.00000
96187,1091,4,21220.0000,114.010002,126.500000,126.600006,124.791939,3445.46362,2.09598780,0.00000000E+00,0.292501807,125.018517,120.896309,124.791939,3047.86963,114.010002,32.0512848,0.00000000E+00,0.00000000E+00,1790,1790.00000
96187,1090,4,21120.0000,115.040001,126.449997,126.449997,124.775650,3445.45386,2.04057574,0.00000000E+00,0.266712487,124.993668,120.711525,124.775650,3047.86963,115.040001,32.0512848,0.00000000E+00,0.00000000E+00,1790,1790.00000
96187,1089,4,21020.0020,114.699997,126.440010,126.280006,124.757477,3445.44458,2.00284171,0.00000000E+00,0.251886040,124.965797,120.537529,124.757477,3047.86963,114.699997,32.0512848,0.00000000E+00,0.00000000E+00,1790,1790.00000
96187,1088,4,20920.0000,116.050018,126.339996,126.419998,124.731293,3445.43628,2.00745678,0.00000000E+00,0.252709597,124.936211,120.533775,124.731293,3047.86963,116.050011,32.0512848,0.00000000E+00,0.00000000E+00,1790,1790.00000
96187,1087,4,20820.0000,115.810013,126.290001,126.280006,124.719032,3445.42871,1.94866383,0.00000000E+00,0.229190141,124.918457,120.340706,124.719032,3047.86963,115.810005,32.0512848,0.00000000E+00,0.00000000E+00,1790,1790.00000
96187,1086,4,20720.0000,115.919998,126.160004,126.190002,124.669785,3445.42236,2.06582499,0.00000000E+00,0.276346684,124.875137,120.655701,124.669785,3047.86963,115.919998,32.0512848,0.00000000E+00,0.00000000E+00,1790,1790.00000
96187,1085,4,20620.0000,115.980003,126.200005,126.230003,124.657021,3445.41797,1.99969661,0.00000000E+00,0.252552658,124.867630,120.509209,124.657021,3047.86963,115.980003,32.0512848,0.00000000E+00,0.00000000E+00,1790,1790.00000
96187,1084,4,20520.0000,116.480003,126.050011,126.040001,124.671669,3445.41260,1.80711913,0.00000000E+00,0.199826553,124.856209,120.300537,124.671669,3047.86963,116.480003,32.0512848,0.00000000E+00,0.00000000E+00,1790,1790.00000
96187,1083,4,20420.0000,115.430000,126.110001,126.230003,124.625084,3445.40771,1.93715394,0.00000000E+00,0.235728115,124.803726,120.449493,124.625084,3047.86963,115.430000,32.0512848,0.00000000E+00,0.00000000E+00,1790,1790.00000
96187,1082,4,20320.0039,115.750000,125.919998,126.010002,124.606560,3445.40479,1.91447651,0.00000000E+00,0.223493636,124.795593,120.250710,124.606560,3047.86963,115.750000,32.0512848,0.00000000E+00,0.00000000E+00,1790,1790.00000
96187,1081,4,20220.0020,115.769997,126.020004,126.020004,124.595123,3445.40259,1.86276960,0.00000000E+00,0.203989238,124.776917,120.077446,124.595123,3047.86963,115.769997,32.0512848,0.00000000E+00,0.00000000E+00,1790,1790.00000
96187,1080,4,20120.0000,115.489998,125.970009,126.089996,124.560898,3445.40186,1.92808509,0.00000000E+00,0.227612510,124.744011,120.205292,124.560898,3047.86963,115.489998,32.0512848,0.00000000E+00,0.00000000E+00,1790,1790.00000
96187,1079,4,20020.0000,116.020012,125.930000,125.959999,124.533806,3445.40210,1.94873679,0.00000000E+00,0.235869765,124.725319,120.275520,124.533806,3047.86963,116.020004,32.0512848,0.00000000E+00,0.00000000E+00,1790,1790.00000
96187,1078,4,19920.0000,115.940010,125.820000,125.890007,124.535553,3445.40332,1.82851875,0.00000000E+00,0.190784574,124.717346,119.786659,124.535553,3047.86963,115.940010,32.0512848,0.00000000E+00,0.00000000E+00,1790,1790.00000
96187,1077,4,19820.0000,115.730011,125.720001,125.779999,124.525749,3445.40454,1.79231668,0.00000000E+00,0.139845446,124.692802,119.694199,124.525749,3047.86963,115.730011,32.0512848,0.00000000E+00,0.00000000E+00,1790,1790.00000
96187,1076,4,19720.0000,116.050018,125.739998,125.720001,124.512535,3445.40674,1.78857148,0.00000000E+00,0.139411345,124.675865,119.633797,124.512535,3047.86963,116.050011,32.0512848,0.00000000E+00,0.00000000E+00,1790,1790.00000
96187,1075,4,19620.0000,115.290001,125.730003,125.760010,124.496956,3445.40918,1.79758906,0.00000000E+00,0.140930444,124.660828,119.641899,124.496956,3047.86963,115.290001,32.0512848,0.00000000E+00,0.00000000E+00,1790,1790.00000
96187,1074,4,19520.0000,115.330002,125.520004,125.600006,124.489548,3445.41235,1.76324856,0.00000000E+00,0.132336900,124.651085,119.486137,124.489548,3047.86963,115.330002,32.0512848,0.00000000E+00,0.00000000E+00,1790,1790.00000
96187,1073,4,19420.0000,114.870003,125.669998,125.690002,124.455856,3445.41675,1.86811042,0.00000000E+00,0.157952979,124.623833,119.828583,124.455856,3047.86963,114.870003,32.0512848,0.00000000E+00,0.00000000E+00,1790,1790.00000
96187,1072,4,19320.0000,114.210014,125.449997,125.550011,124.449211,3445.42212,1.82309163,0.00000000E+00,0.145013779,124.622818,119.675758,124.449211,3047.86963,114.210007,32.0512848,0.00000000E+00,0.00000000E+00,1790,1790.00000
96187,1071,4,19220.0000,114.010002,125.620003,125.480003,124.429329,3445.42773,1.85061550,0.00000000E+00,0.151924655,124.601295,119.707108,124.429329,3047.86963,114.010002,32.0512848,0.00000000E+00,0.00000000E+00,1790,1790.00000
96187,1070,4,19120.0000,114.010002,125.620003,125.480003,124.413353,3445.43506,1.85498190,0.00000000E+00,0.153044835,124.588318,119.707115,124.413353,3047.86963,114.010002,32.0512848,0.00000000E+00,0.00000000E+00,1790,1790.00000
96187,1069,4,19020.0000,114.349998,125.470009,125.449997,124.438774,3445.44214,1.63361061,0.00000000E+00,0.118266456,124.588318,119.578499,124.438774,3047.86963,114.349998,32.0512848,0.00000000E+00,0.00000000E+00,1790,1790.00000
96187,1068,4,18920.0000,112.849998,125.480003,125.470009,124.404015,3445.44995,1.76240909,0.00000000E+00,0.136476174,124.550957,119.609207,124.404015,3047.86963,112.849998,32.0512848,0.00000000E+00,0.00000000E+00,1790,1790.00000
96187,1067,4,18820.0000,112.589996,125.379997,125.489998,124.390762,3445.45850,1.76051390,0.00000000E+00,0.137034193,124.548904,119.603920,124.390762,3047.86963,112.589996,32.0512848,0.00000000E+00,0.00000000E+00,1790,1790.00000
96187,1066,4,18720.0000,113.360001,125.300003,125.459999,124.390511,3445.46753,1.68792832,0.00000000E+00,0.122565500,124.542038,119.400726,124.390511,3047.86963,113.360001,32.0512848,0.00000000E+00,0.00000000E+00,1790,1790.00000
96187,1065,4,18620.0000,113.379997,125.379997,125.430000,124.392731,3445.47632,1.60625923,0.00000000E+00,0.106258348,124.531006,119.128105,124.392731,3047.86963,113.379997,32.0512848,0.00000000E+00,0.00000000E+00,1790,1790.00000
96187,1064,4,18520.0000,113.610001,125.269997,125.300003,124.377838,3445.48584,1.63080275,0.00000000E+00,0.112482414,124.511360,119.290474,124.377838,3047.86963,113.610001,32.0512848,0.00000000E+00,0.00000000E+00,1790,1790.00000
96187,1063,4,18420.0000,113.220001,125.330002,125.420006,124.378242,3445.49536,1.56350279,0.00000000E+00,9.80082080E-02,124.508255,118.919678,124.378242,3047.86963,113.220001,32.0512848,0.00000000E+00,0.00000000E+00,1790,1790.00000
96187,1062,4,18320.0000,113.180000,125.180008,125.340004,124.372910,3445.50537,1.53748047,0.00000000E+00,9.10415128E-02,124.495438,118.628120,124.372910,3047.86963,113.180000,32.0512848,0.00000000E+00,0.00000000E+00,1790,1790.00000
96187,1061,4,18220.0000,113.180000,125.180008,125.340004,124.363541,3445.51587,1.53938925,0.00000000E+00,9.13947821E-02,124.484169,118.628128,124.363541,3047.86963,113.180000,32.0512848,0.00000000E+00,0.00000000E+00,1790,1790.00000
96187,1060,4,18120.0000,113.449997,125.310005,125.449997,124.335365,3445.52734,1.65163755,0.00000000E+00,0.111507706,124.465111,118.882324,124.335365,3047.86963,113.449997,32.0512848,0.00000000E+00,0.00000000E+00,1790,1790.00000
96187,1059,4,18020.0000,114.169998,125.190002,125.260010,124.326088,3445.53955,1.64152646,0.00000000E+00,0.109057464,124.464272,118.929794,124.326088,3047.86963,114.169998,32.0512848,0.00000000E+00,0.00000000E+00,1790,1790.00000
96187,1058,4,17920.0000,114.310005,125.190002,125.260010,124.317566,3445.55225,1.62850904,0.00000000E+00,0.105731711,124.453819,118.829170,124.317566,3047.86963,114.310005,32.0512848,0.00000000E+00,0.00000000E+00,1790,1790.00000
96187,1057,4,17820.0000,114.400002,125.130005,125.230003,124.306053,3445.56543,1.63424146,0.00000000E+00,0.106835499,124.441696,118.830788,124.306053,3047.86963,114.400002,32.0512848,0.00000000E+00,0.00000000E+00,1790,1790.00000
96187,1056,4,17720.0000,114.699997,125.130005,125.110001,124.291916,3445.57959,1.65410972,0.00000000E+00,0.111311376,124.429703,118.948624,124.291916,3047.86963,114.699997,32.0512848,0.00000000E+00,0.00000000E+00,1790,1790.00000
96187,1055,4,17620.0000,114.660019,125.020004,125.190002,124.281364,3445.59448,1.65126848,0.00000000E+00,0.110473491,124.420578,118.908730,124.281364,3047.86963,114.660011,32.0512848,0.00000000E+00,0.00000000E+00,1790,1790.00000
96187,1054,4,17520.0000,114.500015,125.169998,125.130005,124.279190,3445.61011,1.60072851,0.00000000E+00,0.100344844,124.413940,118.608452,124.279190,3047.86963,114.500008,32.0512848,0.00000000E+00,0.00000000E+00,1790,1790.00000
96187,1053,4,17420.0000,114.600006,125.100006,125.089996,124.265160,3445.62598,1.62419176,0.00000000E+00,0.104999669,124.397675,118.749901,124.265160,3047.86963,114.600006,32.0512848,0.00000000E+00,0.00000000E+00,1790,1790.00000
96187,1052,4,17320.0000,114.520004,125.130005,125.169998,124.256042,3445.64233,1.61677611,0.00000000E+00,0.102590494,124.389885,118.651848,124.256042,3047.86963,114.520004,32.0512848,0.00000000E+00,0.00000000E+00,1790,1790.00000
96187,1051,4,17220.0000,114.470009,125.239998,125.139999,124.243477,3445.65918,1.62973452,0.00000000E+00,0.106500715,124.377777,118.725639,124.243477,3047.86963,114.470009,32.0512848,0.00000000E+00,0.00000000E+00,1790,1790.00000
96187,1050,4,17120.0000,114.620003,125.040001,125.160011,124.236069,3445.67603,1.61083817,0.00000000E+00,0.103393227,124.369881,118.614014,124.236069,3047.86963,114.620003,32.0512848,0.00000000E+00,0.00000000E+00,1790,1790.00000
96187,1049,4,17020.0000,114.739998,125.059998,125.139999,124.231316,3445.69214,1.57800663,0.00000000E+00,9.69444886E-02,124.360863,118.464287,124.231316,3047.86963,114.739998,32.0512848,0.00000000E+00,0.00000000E+00,1790,1790.00000
96187,1048,4,16920.0000,114.269997,125.110001,125.029999,124.216614,3445.70850,1.60661066,0.00000000E+00,0.104846545,124.345818,118.582397,124.216614,3047.86963,114.269997,32.0512848,0.00000000E+00,0.00000000E+00,1790,1790.00000
96187,1047,4,16820.0000,113.870010,124.970009,125.010002,124.210098,3445.72461,1.58310258,0.00000000E+00,0.101025604,124.339737,118.474258,124.210098,3047.86963,113.870010,32.0512848,0.00000000E+00,0.00000000E+00,1790,1790.00000
96187,1046,4,16720.0000,113.970009,125.199997,125.239998,124.197739,3445.74023,1.59589136,0.00000000E+00,0.104737215,124.326508,118.497421,124.197739,3047.86963,113.970009,32.0512848,0.00000000E+00,0.00000000E+00,1790,1790.00000
96187,1045,4,16620.0000,114.020004,125.169998,125.110001,124.189133,3445.75610,1.58463514,0.00000000E+00,0.103342146,124.318008,118.430519,124.189133,3047.86963,114.020004,32.0512848,0.00000000E+00,0.00000000E+00,1790,1790.00000
96187,1044,4,16520.0000,113.630005,125.100006,125.100006,124.182205,3445.77148,1.56436837,0.00000000E+00,9.95521843E-02,124.308556,118.301094,124.182205,3047.86963,113.630005,32.0512848,0.00000000E+00,0.00000000E+00,1790,1790.00000
96187,1043,4,16420.0000,114.370018,124.989998,125.000008,124.171516,3445.78687,1.56818092,0.00000000E+00,0.101999447,124.296555,118.319214,124.171516,3047.86963,114.370010,32.0512848,0.00000000E+00,0.00000000E+00,1790,1790.00000
96187,1042,4,16320.0000,114.410004,124.949997,125.089996,124.164848,3445.80200,1.54700482,0.00000000E+00,9.78369862E-02,124.288498,118.175636,124.164848,3047.86963,114.410004,32.0512848,0.00000000E+00,0.00000000E+00,1790,1790.00000
96187,1041,4,16220.0020,114.279999,125.180008,125.180008,124.163002,3445.81641,1.49845421,0.00000000E+00,8.80897343E-02,124.281181,117.905136,124.163002,3047.86963,114.279999,32.0512848,0.00000000E+00,0.00000000E+00,1790,1790.00000
96187,1040,4,16120.0000,114.340012,125.100006,125.120003,124.155220,3445.83008,1.49165869,0.00000000E+00,8.78095329E-02,124.269135,117.873810,124.155220,3047.86963,114.340004,32.0512848,0.00000000E+00,0.00000000E+00,1790,1790.00000
96187,1039,4,16020.0000,114.059998,125.010002,125.190002,124.147797,3445.84399,1.48259985,0.00000000E+00,8.76457915E-02,124.260483,117.831848,124.147797,3047.86963,114.059998,32.0512848,0.00000000E+00,0.00000000E+00,1790,1790.00000
96187,1038,4,15920.0000,113.540001,125.029999,124.900002,124.135590,3445.85791,1.50329089,0.00000000E+00,9.37739685E-02,124.249184,117.982643,124.135590,3047.86963,113.540001,32.0512848,0.00000000E+00,0.00000000E+00,1790,1790.00000
96187,1037,4,15820.0010,113.320000,125.070000,125.169998,124.128113,3445.87183,1.49093854,0.00000000E+00,9.30040255E-02,124.242348,117.977982,124.128113,3047.86963,113.320000,32.0512848,0.00000000E+00,0.00000000E+00,1790,1790.00000
96187,1036,4,15720.0000,113.279999,124.900002,125.010002,124.125992,3445.88550,1.44467008,0.00000000E+00,8.64176378E-02,124.235733,117.788834,124.125992,3047.86963,113.279999,32.0512848,0.00000000E+00,0.00000000E+00,1790,1790.00000
96187,1035,4,15620.0000,112.559998,124.930000,125.089996,124.118423,3445.89917,1.43718946,0.00000000E+00,8.66568983E-02,124.224251,117.747826,124.118423,3047.86963,112.559998,32.0512848,0.00000000E+00,0.00000000E+00,1790,1790.00000
96187,1034,4,15520.0000,112.790009,125.050011,125.190002,124.102859,3445.91284,1.48117578,0.00000000E+00,9.47745666E-02,124.211266,117.956223,124.102859,3047.86963,112.790009,32.0512848,0.00000000E+00,0.00000000E+00,1790,1790.00000
96187,1033,4,15420.0010,111.870003,124.970009,125.029999,124.096992,3445.92651,1.45861089,0.00000000E+00,8.95039588E-02,124.207115,117.706657,124.096992,3047.86963,111.870003,32.0512848,0.00000000E+00,0.00000000E+00,1790,1790.00000
96187,1032,4,15320.0000,112.180000,125.029999,125.100006,124.083679,3445.94019,1.48621559,0.00000000E+00,9.45970863E-02,124.194130,117.721100,124.083679,3047.86963,112.180000,32.0512848,0.00000000E+00,0.00000000E+00,1790,1790.00000
96187,1031,4,15220.0000,111.620003,124.970009,124.930000,124.073257,3445.95361,1.49193716,0.00000000E+00,9.66366380E-02,124.186172,117.629982,124.073257,3047.86963,111.620003,32.0512848,0.00000000E+00,0.00000000E+00,1790,1790.00000
96187,1030,4,15120.0000,110.830002,125.020004,124.980003,124.072594,3445.96704,1.43478322,0.00000000E+00,8.55181664E-02,124.181740,117.301132,124.072594,3047.86963,110.830002,32.0512848,0.00000000E+00,0.00000000E+00,1790,1790.00000
96187,1029,4,15020.0010,111.639999,124.930000,125.070000,124.063904,3445.97998,1.43511522,0.00000000E+00,8.70139301E-02,124.168846,117.377205,124.063904,3047.86963,111.639999,32.0512848,0.00000000E+00,0.00000000E+00,1790,1790.00000
96187,1028,4,14920.0000,111.519997,124.830002,125.050011,124.060112,3445.99292,1.40287137,0.00000000E+00,8.12586695E-02,124.162743,117.131111,124.060112,3047.86963,111.519997,32.0512848,0.00000000E+00,0.00000000E+00,1790,1790.00000
96187,1027,4,14820.0000,111.629997,124.769997,125.130005,124.057449,3446.00537,1.36546230,0.00000000E+00,7.63843358E-02,124.155098,116.861298,124.057449,3047.86963,111.629997,32.0512848,0.00000000E+00,0.00000000E+00,1790,1790.00000
96187,1026,4,14720.0000,112.269997,124.730003,124.989998,124.045517,3446.01807,1.39424467,0.00000000E+00,8.21645409E-02,124.142563,117.120316,124.045517,3047.86963,112.269997,32.0512848,0.00000000E+00,0.00000000E+00,1790,1790.00000
96187,1025,4,14620.0010,112.680000,125.029999,125.010002,124.042679,3446.03076,1.35833406,0.00000000E+00,7.41893277E-02,124.139221,116.874283,124.042679,3047.86963,112.680000,32.0512848,0.00000000E+00,0.00000000E+00,1790,1790.00000
96187,1024,4,14520.0000,112.680000,125.029999,125.010002,124.035049,3446.04272,1.35950148,0.00000000E+00,7.50134662E-02,124.129173,116.874290,124.035049,3047.86963,112.680000,32.0512848,0.00000000E+00,0.00000000E+00,1790,1790.00000
96187,1023,4,14420.0000,112.930000,124.930000,125.120003,124.029091,3446.05566,1.34845698,0.00000000E+00,7.44591355E-02,124.122528,116.950439,124.029091,3047.86963,112.930000,32.0512848,0.00000000E+00,0.00000000E+00,1790,1790.00000
96187,1022,4,14320.0020,113.519997,125.100006,125.110001,124.017029,3446.06787,1.37906587,0.00000000E+00,8.25048387E-02,124.111824,117.309975,124.017029,3047.86963,113.519997,32.0512848,0.00000000E+00,0.00000000E+00,1790,1790.00000
96187,1021,4,14220.0000,113.650002,124.910004,124.980003,124.013123,3446.08008,1.34950924,0.00000000E+00,7.69886151E-02,124.107986,117.091034,124.013123,3047.86963,113.650002,32.0512848,0.00000000E+00,0.00000000E+00,1790,1790.00000
96187,1020,4,14120.0000,113.620003,124.959999,125.070000,124.002014,3446.09253,1.37277508,0.00000000E+00,8.12959820E-02,124.096443,117.110886,124.002014,3047.86963,113.620003,32.0512848,0.00000000E+00,0.00000000E+00,1790,1790.00000
96187,1019,4,14020.0000,113.540001,124.959999,124.920006,123.994110,3446.10522,1.37124252,0.00000000E+00,8.11114535E-02,124.090050,117.088249,123.994110,3047.86963,113.540001,32.0512848,0.00000000E+00,0.00000000E+00,1790,1790.00000
96187,1018,4,13920.0020,113.470001,124.989998,125.100006,123.985855,3446.11768,1.37198949,0.00000000E+00,8.20128322E-02,124.081734,117.055290,123.985855,3047.86963,113.470001,32.0512848,0.00000000E+00,0.00000000E+00,1790,1790.00000
96187,1017,4,13820.0000,113.169998,124.959999,125.080009,123.981430,3446.13062,1.34594703,0.00000000E+00,7.79816061E-02,124.075554,116.941521,123.981430,3047.86963,113.169998,32.0512848,0.00000000E+00,0.00000000E+00,1790,1790.00000
96187,1016,4,13720.0000,113.010002,125.010002,124.980003,123.973190,3446.14551,1.34948230,0.00000000E+00,8.09133500E-02,124.065765,117.027252,123.973190,3047.86963,113.010002,32.0512848,0.00000000E+00,0.00000000E+00,1791,1791.00000
96187,1015,4,13620.0000,112.910004,124.890007,124.989998,123.968948,3446.19824,1.32322562,0.00000000E+00,7.60177150E-02,124.059853,116.820007,123.968948,3047.86963,112.910004,32.0512848,0.00000000E+00,0.00000000E+00,1791,1791.00000
96187,1014,4,13520.0010,111.980011,124.949997,125.070000,123.959915,3446.25098,1.33348048,0.00000000E+00,7.88949579E-02,124.049843,116.843941,123.959915,3047.86963,111.980011,32.0512848,0.00000000E+00,0.00000000E+00,1791,1791.00000
96187,1013,4,13420.0000,111.720001,125.070000,125.110001,123.959145,3446.30444,1.29092062,0.00000000E+00,5.00226989E-02,124.046898,116.425774,123.959145,3047.86963,111.720001,32.0512848,0.00000000E+00,0.00000000E+00,1791,1791.00000
96187,1012,4,13320.0000,110.389999,124.900002,124.760010,123.966606,3446.36035,1.19422483,0.00000000E+00,4.33769375E-02,124.045303,115.769753,123.966606,3047.86963,110.389999,32.0512848,0.00000000E+00,0.00000000E+00,1791,1791.00000
96187,1011,4,13220.0000,111.709999,124.940002,125.130005,123.953392,3446.41455,1.26501572,0.00000000E+00,4.59185392E-02,124.030457,115.918488,123.953392,3047.86963,111.709999,32.0512848,0.00000000E+00,0.00000000E+00,1791,1791.00000
96187,1010,4,13120.0010,112.080009,124.920006,124.940002,123.942940,3446.46704,1.30834413,0.00000000E+00,5.17704710E-02,124.027321,116.391335,123.942940,3047.86963,112.080009,32.0512848,0.00000000E+00,0.00000000E+00,1791,1791.00000
96187,1009,4,13020.0000,112.440002,124.860001,124.949997,123.940102,3446.51929,1.29140043,0.00000000E+00,5.00086509E-02,124.026222,116.362259,123.940102,3047.86963,112.440002,32.0512848,0.00000000E+00,0.00000000E+00,1791,1791.00000
96187,1008,4,12920.0000,112.500008,124.920006,125.059998,123.940903,3446.57227,1.24815202,0.00000000E+00,4.51867618E-02,124.022858,116.049316,123.940903,3047.86963,112.500008,32.0512848,0.00000000E+00,0.00000000E+00,1791,1791.00000
96187,1007,4,12820.0000,111.260002,124.900002,124.970009,123.934006,3446.62476,1.26619291,0.00000000E+00,4.80881706E-02,124.014473,116.325081,123.934006,3047.86963,111.260002,32.0512848,0.00000000E+00,0.00000000E+00,1791,1791.00000
96187,1006,4,12720.0010,110.510017,125.010002,124.959999,123.927536,3446.67896,1.27860892,0.00000000E+00,5.00833578E-02,124.010040,116.452911,123.927536,3047.86963,110.510010,32.0512848,0.00000000E+00,0.00000000E+00,1791,1791.00000
96187,1005,4,12620.0000,110.260002,124.879997,124.959999,123.923698,3446.73340,1.27011073,0.00000000E+00,4.93900888E-02,124.006424,116.512711,123.923698,3047.86963,110.260002,32.0512848,0.00000000E+00,0.00000000E+00,1791,1791.00000
96187,1004,4,12520.0000,109.739998,125.070000,125.020004,123.917473,3446.78735,1.28011394,0.00000000E+00,5.02135046E-02,124.000313,116.478531,123.917473,3047.86963,109.739998,32.0512848,0.00000000E+00,0.00000000E+00,1791,1791.00000
96187,1003,4,12420.0000,109.350006,124.959999,124.949997,123.914368,3446.84131,1.26614189,0.00000000E+00,4.84214015E-02,123.996979,116.283836,123.914368,3047.86963,109.350006,32.0512848,0.00000000E+00,0.00000000E+00,1791,1791.00000
96187,1002,4,12320.0010,109.529999,124.980003,125.089996,123.907639,3446.89429,1.28072429,0.00000000E+00,4.94607016E-02,123.990288,116.297394,123.907639,3047.86963,109.529999,32.0512848,0.00000000E+00,0.00000000E+00,1791,1791.00000
96187,1001,4,12220.0000,109.680000,124.760010,124.849998,123.908859,3446.94702,1.23468864,0.00000000E+00,4.33524624E-02,123.989479,115.865120,123.908859,3047.86963,109.680000,32.0512848,0.00000000E+00,0.00000000E+00,1791,1791.00000
96187,1000,4,12120.0000,110.760002,124.920006,125.050011,123.903290,3446.99902,1.24453843,0.00000000E+00,4.42887284E-02,123.981613,115.957703,123.903290,3047.86963,110.760002,32.0512848,0.00000000E+00,0.00000000E+00,1791,1791.00000
96187,999,4,12020.0000,108.910019,124.920006,124.779999,123.911919,3447.05176,1.14006209,0.00000000E+00,3.37460898E-02,123.981613,114.753616,123.911919,3047.86963,108.910011,32.0512848,0.00000000E+00,0.00000000E+00,1791,1791.00000
96187,998,4,11920.0000,110.870003,124.800003,124.810005,123.906265,3447.10596,1.15796995,0.00000000E+00,3.84800248E-02,123.973557,115.441803,123.906265,3047.86963,110.870003,32.0512848,0.00000000E+00,0.00000000E+00,1791,1791.00000
96187,997,4,11820.0000,111.620003,125.610001,125.610001,123.901184,3447.16162,1.16865361,0.00000000E+00,3.86784598E-02,123.970161,115.609444,123.901184,3047.86963,111.620003,32.0512848,0.00000000E+00,0.00000000E+00,1791,1791.00000
96187,996,4,11720.0000,112.030006,124.920006,124.920006,123.900040,3447.21753,1.14614737,0.00000000E+00,3.70149985E-02,123.968315,115.578674,123.900040,3047.86963,112.030006,32.0512848,0.00000000E+00,0.00000000E+00,1791,1791.00000
96187,995,4,11620.0020,112.489998,125.000008,125.000008,123.891441,3447.27344,1.18673491,0.00000000E+00,4.04677242E-02,123.960747,115.881462,123.891441,3047.86963,112.489998,32.0512848,0.00000000E+00,0.00000000E+00,1791,1791.00000
96187,994,4,11520.0000,111.940002,124.949997,124.949997,123.888443,3447.32861,1.17778552,0.00000000E+00,4.14573364E-02,123.959686,115.895355,123.888443,3047.86963,111.940002,32.0512848,0.00000000E+00,0.00000000E+00,1791,1791.00000
96187,993,4,11420.0000,111.940002,124.949997,124.949997,123.884254,3447.38525,1.17833734,0.00000000E+00,4.15155143E-02,123.954987,115.895386,123.884254,3047.86963,111.940002,32.0512848,0.00000000E+00,0.00000000E+00,1791,1791.00000
96187,992,4,11320.0000,111.589996,124.989998,124.989998,123.885429,3447.43994,1.13570476,0.00000000E+00,3.46936807E-02,123.953659,115.490974,123.885429,3047.86963,111.589996,32.0512848,0.00000000E+00,0.00000000E+00,1791,1791.00000
96187,991,4,11220.0010,112.000000,124.849998,125.000008,123.874382,3447.49316,1.19814026,0.00000000E+00,4.03307602E-02,123.943779,115.783569,123.874382,3047.86963,112.000000,32.0512848,0.00000000E+00,0.00000000E+00,1791,1791.00000
96187,990,4,11120.0000,111.830002,124.870010,124.870010,123.870407,3447.54663,1.19785976,0.00000000E+00,4.03926298E-02,123.943527,115.761208,123.870407,3047.86963,111.830002,32.0512848,0.00000000E+00,0.00000000E+00,1791,1791.00000
96187,989,4,11020.0000,111.370003,124.769997,124.810005,123.867554,3447.59985,1.18864250,0.00000000E+00,3.95734049E-02,123.940125,115.729225,123.867554,3047.86963,111.370003,32.0512848,0.00000000E+00,0.00000000E+00,1791,1791.00000
96187,988,4,10920.0000,111.430000,124.870010,125.010002,123.864754,3447.65381,1.17951751,0.00000000E+00,3.86481658E-02,123.936195,115.662735,123.864754,3047.86963,111.430000,32.0512848,0.00000000E+00,0.00000000E+00,1791,1791.00000
96187,987,4,10820.0010,111.099998,124.810005,124.930000,123.861824,3447.70728,1.17206252,0.00000000E+00,3.82120870E-02,123.932289,115.642036,123.861824,3047.86963,111.099998,32.0512848,0.00000000E+00,0.00000000E+00,1791,1791.00000
96187,986,4,10720.0000,111.370003,124.959999,124.849998,123.866577,3447.76587,1.09742045,0.00000000E+00,3.76809202E-02,123.932205,115.571449,123.866577,3047.86963,111.370003,32.0512848,0.00000000E+00,0.00000000E+00,1791,1791.00000
96187,985,4,10620.0000,111.530006,124.900002,124.890007,123.854149,3447.82471,1.17335320,0.00000000E+00,3.80144790E-02,123.919846,115.547729,123.854149,3047.86963,111.530006,32.0512848,0.00000000E+00,0.00000000E+00,1791,1791.00000
96187,984,4,10520.0000,111.349998,124.800003,124.790009,123.853844,3447.87866,1.14490306,0.00000000E+00,3.49517204E-02,123.919846,115.164848,123.853844,3047.86963,111.349998,32.0512848,0.00000000E+00,0.00000000E+00,1791,1791.00000
96187,983,4,10420.0010,110.669998,124.860001,124.810005,123.849709,3447.93213,1.15043139,0.00000000E+00,3.53355445E-02,123.916779,115.198677,123.849709,3047.86963,110.669998,32.0512848,0.00000000E+00,0.00000000E+00,1791,1791.00000
96187,982,4,10320.0000,110.070000,125.040001,124.989998,123.843910,3447.98511,1.16935873,0.00000000E+00,3.71985100E-02,123.912468,115.358566,123.843910,3047.86963,110.070000,32.0512848,0.00000000E+00,0.00000000E+00,1791,1791.00000
96187,981,4,10220.0000,109.779999,124.860001,125.020004,123.839409,3448.03857,1.17590535,0.00000000E+00,3.78926247E-02,123.909462,115.383980,123.839409,3047.86963,109.779999,32.0512848,0.00000000E+00,0.00000000E+00,1791,1791.00000
96187,980,4,10120.0000,109.370003,124.870010,124.900002,123.836075,3448.09204,1.17234123,0.00000000E+00,3.77866887E-02,123.906334,115.393700,123.836075,3047.86963,109.370003,32.0512848,0.00000000E+00,0.00000000E+00,1791,1791.00000
96187,979,4,10020.0010,109.270004,124.810005,124.890007,123.832085,3448.14526,1.17436683,0.00000000E+00,3.77979428E-02,123.902184,115.368347,123.832085,3047.86963,109.270004,32.0512848,0.00000000E+00,0.00000000E+00,1791,1791.00000
96187,978,4,9920.00000,108.629997,124.879997,124.920006,123.829071,3448.19897,1.16831315,0.00000000E+00,3.73710357E-02,123.899002,115.229996,123.829071,3047.86963,108.629997,32.0512848,0.00000000E+00,0.00000000E+00,1791,1791.00000
96187,977,4,9820.00000,109.379997,124.750000,124.810005,123.826309,3448.25244,1.16055048,0.00000000E+00,3.65353450E-02,123.895416,115.277786,123.826309,3047.86963,109.379997,32.0512848,0.00000000E+00,0.00000000E+00,1791,1791.00000
96187,976,4,9720.00000,108.640007,125.070000,124.989998,123.827240,3448.30518,1.12244356,0.00000000E+00,3.27363610E-02,123.893654,114.565697,123.827240,3047.86963,108.640007,32.0512848,0.00000000E+00,0.00000000E+00,1791,1791.00000
96187,975,4,9620.00000,109.640007,124.800003,124.970009,123.824043,3448.35840,1.12205601,0.00000000E+00,3.26053537E-02,123.888237,114.626595,123.824043,3047.86963,109.640007,32.0512848,0.00000000E+00,0.00000000E+00,1791,1791.00000
96187,974,4,9520.00000,110.080002,124.779999,124.879997,123.820732,3448.41138,1.12257540,0.00000000E+00,3.28870267E-02,123.884933,114.770889,123.820732,3047.86963,110.080002,32.0512848,0.00000000E+00,0.00000000E+00,1791,1791.00000
96187,973,4,9420.00000,110.690010,124.720001,124.920006,123.817444,3448.46484,1.12275445,0.00000000E+00,3.28704342E-02,123.881630,114.868835,123.817444,3047.86963,110.690010,32.0512848,0.00000000E+00,0.00000000E+00,1791,1791.00000
96187,972,4,9320.00000,110.140007,125.040001,125.029999,123.814384,3448.51733,1.12591112,0.00000000E+00,3.32164206E-02,123.878815,114.930428,123.814384,3047.86963,110.140007,32.0512848,0.00000000E+00,0.00000000E+00,1791,1791.00000
96187,971,4,9220.00000,111.129997,124.870010,124.910004,123.811195,3448.57007,1.13480318,0.00000000E+00,3.43089961E-02,123.876320,115.237610,123.811195,3047.86963,111.129997,32.0512848,0.00000000E+00,0.00000000E+00,1791,1791.00000
96187,970,4,9120.00000,111.480011,124.870010,124.959999,123.807182,3448.62378,1.15195727,0.00000000E+00,3.70948352E-02,123.873810,115.399025,123.807182,3047.86963,111.480011,32.0512848,0.00000000E+00,0.00000000E+00,1791,1791.00000
96187,969,4,9020.00000,111.430000,124.830002,124.930000,123.806290,3448.67700,1.13162398,0.00000000E+00,3.54455560E-02,123.872726,115.166801,123.806290,3047.86963,111.430000,32.0512848,0.00000000E+00,0.00000000E+00,1791,1791.00000
96187,968,4,8920.00000,111.199997,124.879997,124.940002,123.801476,3448.73120,1.15711105,0.00000000E+00,3.96781191E-02,123.868210,115.500259,123.801476,3047.86963,111.199997,32.0512848,0.00000000E+00,0.00000000E+00,1791,1791.00000
96187,967,4,8820.00000,110.879997,124.760010,124.920006,123.800835,3448.78589,1.13252521,0.00000000E+00,3.72297093E-02,123.867615,115.285217,123.800835,3047.86963,110.879997,32.0512848,0.00000000E+00,0.00000000E+00,1791,1791.00000
96187,966,4,8720.00000,110.519997,124.849998,125.000008,123.798126,3448.84033,1.13319111,0.00000000E+00,3.80094312E-02,123.863518,115.194557,123.798126,3047.86963,110.519997,32.0512848,0.00000000E+00,0.00000000E+00,1791,1791.00000
96187,965,4,8620.00000,110.160004,124.810005,124.790009,123.798683,3448.89526,1.09530485,0.00000000E+00,3.42956819E-02,123.861961,114.903130,123.798683,3047.86963,110.160004,32.0512848,0.00000000E+00,0.00000000E+00,1791,1791.00000
96187,964,4,8520.00000,110.230003,124.779999,124.900002,123.798759,3448.95093,1.06472635,0.00000000E+00,3.23556475E-02,123.858208,114.611183,123.798759,3047.86963,110.230003,32.0512848,0.00000000E+00,0.00000000E+00,1791,1791.00000
96187,963,4,8420.00000,110.220009,124.949997,124.900002,123.800941,3449.01050,1.00802743,0.00000000E+00,2.80441307E-02,123.855682,114.460487,123.800941,3047.86963,110.220009,32.0512848,0.00000000E+00,0.00000000E+00,1791,1791.00000
96187,962,4,8320.00000,110.560013,124.750000,124.779999,123.804008,3449.07349,0.939675868,0.00000000E+00,2.33485233E-02,123.852280,114.390068,123.804008,3047.86963,110.560005,32.0512848,0.00000000E+00,0.00000000E+00,1791,1791.00000
96187,961,4,8220.00000,109.940002,124.769997,125.029999,123.803856,3449.13965,0.917724013,0.00000000E+00,2.27026884E-02,123.847656,114.469643,123.803856,3047.86963,109.940002,32.0512848,0.00000000E+00,0.00000000E+00,1791,1791.00000
96187,960,4,8140.00000,109.190002,124.849998,124.989998,123.782326,3449.18848,1.17622161,0.00000000E+00,4.70149927E-02,123.838196,115.088501,123.782326,3047.86963,109.190002,32.0512848,0.00000000E+00,0.00000000E+00,1791,1791.00000
96187,959,4,8120.00000,109.190002,124.849998,124.989998,123.781670,3449.19971,1.17633581,0.00000000E+00,4.72716242E-02,123.838196,115.088509,123.781670,3047.86963,109.190002,32.0512848,0.00000000E+00,0.00000000E+00,1791,1791.00000
96187,958,4,8020.00049,108.980003,124.860001,125.169998,123.776985,3449.25659,1.19157195,0.00000000E+00,5.28740697E-02,123.838196,115.065102,123.776985,3047.86963,108.980003,32.0512848,0.00000000E+00,0.00000000E+00,1791,1791.00000
96187,957,4,7920.00000,108.690002,124.779999,125.169998,123.771729,3449.31543,1.20909584,0.00000000E+00,5.86029030E-02,123.838196,115.009941,123.771729,3047.86963,108.690002,32.0512848,0.00000000E+00,0.00000000E+00,1791,1791.00000
96187,956,4,7820.00049,108.489998,124.830002,125.650002,123.758026,3449.37500,1.30831599,0.00000000E+00,8.29148591E-02,123.838196,115.232582,123.758026,3047.86963,108.489998,32.0512848,0.00000000E+00,0.00000000E+00,1791,1791.00000
96187,955,4,7720.00000,108.580002,125.059998,125.100006,123.751579,3449.43530,1.31794643,0.00000000E+00,9.10183117E-02,123.838196,115.264175,123.751579,3047.86963,108.580002,32.0512848,0.00000000E+00,0.00000000E+00,1791,1791.00000
96187,954,4,7620.00049,108.900002,124.900002,124.980003,123.732849,3449.49683,1.43600023,0.00000000E+00,0.128220245,123.829491,115.801025,123.732849,3047.86963,108.900002,32.0512848,0.00000000E+00,0.00000000E+00,1791,1791.00000
96187,953,4,7520.00000,109.379997,124.940002,125.169998,123.725708,3449.55957,1.46738517,0.00000000E+00,0.139082983,123.829491,115.852379,123.725708,3047.86963,109.379997,32.0512848,0.00000000E+00,0.00000000E+00,1791,1791.00000
96187,952,4,7420.00000,109.680000,124.900002,125.169998,123.720497,3449.62256,1.54998064,0.00000000E+00,0.164589033,123.829491,116.411095,123.720497,3047.86963,109.680000,32.0512848,0.00000000E+00,0.00000000E+00,1791,1791.00000
96187,951,4,7340.00000,109.370003,124.920006,125.139999,123.718224,3449.67236,1.54497993,0.00000000E+00,0.163757861,123.829491,116.325470,123.718224,3047.86963,109.370003,32.0512848,0.00000000E+00,0.00000000E+00,1791,1791.00000
96187,950,4,7320.00000,109.370003,124.920006,125.139999,123.717598,3449.68481,1.54569602,0.00000000E+00,0.163991630,123.829491,116.325478,123.717598,3047.86963,109.370003,32.0512848,0.00000000E+00,0.00000000E+00,1791,1791.00000
96187,949,4,7220.00000,110.519997,125.180008,124.870010,123.713577,3449.74878,1.57344818,0.00000000E+00,0.181168243,123.829491,116.918701,123.713577,3047.86963,110.519997,32.0512848,0.00000000E+00,0.00000000E+00,1791,1791.00000
96187,948,4,7180.00049,110.760002,124.959999,125.029999,123.715240,3449.77612,1.47413945,0.00000000E+00,0.155331731,123.829491,116.767624,123.715240,3047.86963,110.760002,32.0512848,0.00000000E+00,0.00000000E+00,1791,1791.00000
96187,947,4,7120.00000,110.760002,124.959999,125.029999,123.713440,3449.81763,1.47613978,0.00000000E+00,0.155990630,123.824348,116.767662,123.713440,3047.86963,110.760002,32.0512848,0.00000000E+00,0.00000000E+00,1791,1791.00000
96187,946,4,7020.00000,110.790001,124.890007,125.100006,123.715797,3449.89062,1.29319274,0.00000000E+00,0.115987137,123.813522,117.090240,123.715797,3047.86963,110.790001,32.0512848,0.00000000E+00,0.00000000E+00,1791,1791.00000
96187,945,4,6920.00000,111.220001,124.900002,124.870010,123.719307,3370.71973,1.16484010,0.00000000E+00,9.15492401E-02,123.796295,116.311775,123.719307,3047.86963,111.220001,32.0512848,0.00000000E+00,0.00000000E+00,1791,1791.00000
96187,944,4,6820.00000,111.410004,124.810005,124.970009,123.722290,3291.55396,1.04157519,0.00000000E+00,7.33209848E-02,123.784325,116.251228,123.722290,3047.86963,111.410004,32.0512848,0.00000000E+00,0.00000000E+00,1791,1791.00000
96187,943,4,6720.00000,111.959999,124.820000,124.870010,123.724243,3212.39575,0.957132757,0.00000000E+00,6.29780591E-02,123.775146,116.509438,123.724243,3047.86963,111.959999,32.0512848,0.00000000E+00,0.00000000E+00,1791,1791.00000
96187,942,4,6620.00000,114.390007,124.959999,124.980003,123.716049,3133.23218,1.44341052,0.00000000E+00,0.186584041,123.775146,119.094490,123.716049,3047.86963,114.390007,32.0512848,0.00000000E+00,0.00000000E+00,1791,1791.00000
96187,941,4,6580.00049,114.390007,124.959999,124.980003,123.718971,3054.01294,1.40611172,0.00000000E+00,0.176939264,123.775146,119.053108,123.718971,3047.86963,114.390007,32.0512848,0.00000000E+00,0.00000000E+00,1791,1791.00000
96187,940,4,6520.00000,112.870010,124.900002,124.920006,123.718262,2974.80786,1.54670942,0.00000000E+00,0.216352746,123.775146,118.957184,123.718262,3047.86963,112.870010,32.0512848,0.00000000E+00,0.00000000E+00,1791,1791.00000
96187,939,4,6420.00000,112.250000,124.970009,125.010002,123.721565,2895.63159,1.42252505,0.00000000E+00,0.184471935,123.775146,118.397171,123.721565,3047.86963,112.250000,32.0512848,0.00000000E+00,0.00000000E+00,1791,1791.00000
96187,938,4,6340.00049,111.000000,124.970009,124.980003,123.724915,2816.44019,1.28930616,0.00000000E+00,0.130990133,123.775146,116.756737,123.724915,3047.86963,111.000000,32.0512848,0.00000000E+00,0.00000000E+00,1791,1791.00000
96187,937,4,6320.00000,111.000000,124.970009,124.980003,123.727509,2737.20483,1.25170970,0.00000000E+00,0.123323016,123.775146,116.692917,123.727509,3047.86963,111.000000,32.0512848,0.00000000E+00,0.00000000E+00,1791,1791.00000
96187,936,2,6220.00000,110.500000,124.050003,124.050003,123.724007,2658.00366,1.70384765,0.00000000E+00,0.120070592,123.775146,0.00000000E+00,123.724007,3047.86963,110.500000,32.0512848,0.00000000E+00,0.00000000E+00,1791,1791.00000
