"IAB","ITYPE","WIDTH","HEIT","ZTR","ZTL","XL","ZO","RNI","DZERO","HZERO","QZERO","ZS","CKS","HR0","HR1","RNV1","HR2","RNV2","HR3","RNV3","HR4","RNV4","HR5","RNV5","HR6","RNV6","HR7","RNV7","SF","X","Y","ID","ZSHIFT"                                                                                     
600,4,0.00,5.00,0.00,0.00,29388.0,114.01,0.0300,1.985,115.995,26.720,1.69,0.000,0.000,0.000,0.0000,0.000,0.0000,0.000,0.0000,0.000,0.0000,0.000,0.0000,0.000,0.0000,0.000,0.0000,0.00389435,3473409.76,5446591.47,10488,0.00
599,4,0.00,5.00,0.00,0.00,29352.0,113.89,0.0300,1.926,115.816,26.720,2.61,0.000,0.000,0.000,0.0000,0.000,0.0000,0.000,0.0000,0.000,0.0000,0.000,0.0000,0.000,0.0000,0.000,0.0000,0.00442927,3473390.83,5446622.08,10488,0.00
598,4,0.00,5.00,0.00,0.00,29350.0,113.86,0.0300,2.002,115.862,26.720,2.64,0.000,0.000,0.000,0.0000,0.000,0.0000,0.000,0.0000,0.000,0.0000,0.000,0.0000,0.000,0.0000,0.000,0.0000,0.00333472,3473389.88,5446623.85,10488,0.00
597,9,0.00,5.00,0.00,0.00,29349.0,113.86,0.0300,1.901,115.761,26.720,2.64,0.000,0.000,0.000,0.0000,0.000,0.0000,0.000,0.0000,0.000,0.0000,0.000,0.0000,0.000,0.0000,0.000,0.0000,0.00474330,3473389.41,5446624.73,10488,0.00
596,9,0.00,5.00,0.00,0.00,29339.0,113.86,0.0300,1.821,115.681,26.720,2.57,0.000,0.000,0.000,0.0000,0.000,0.0000,0.000,0.0000,0.000,0.0000,0.000,0.0000,0.000,0.0000,0.000,0.0000,0.00519389,3473384.68,5446633.54,10488,0.00
595,4,0.00,5.00,0.00,0.00,29338.0,113.86,0.0300,1.920,115.780,26.720,2.39,0.000,0.000,0.000,0.0000,0.000,0.0000,0.000,0.0000,0.000,0.0000,0.000,0.0000,0.000,0.0000,0.000,0.0000,0.00375652,3473384.21,5446634.42,10488,0.00
480,4,0.00,5.00,0.00,0.00,29328.0,113.87,0.0300,1.678,115.548,26.720,1.76,0.000,0.000,0.000,0.0000,0.000,0.0000,0.000,0.0000,0.000,0.0000,0.000,0.0000,0.000,0.0000,0.000,0.0000,0.00761395,3473379.12,5446643.00,10488,0.00
594,4,0.00,5.00,0.00,0.00,29320.0,113.77,0.0300,1.833,115.603,26.720,1.80,0.000,0.000,0.000,0.0000,0.000,0.0000,0.000,0.0000,0.000,0.0000,0.000,0.0000,0.000,0.0000,0.000,0.0000,0.00616945,3473374.29,5446649.38,10488,0.00
9480,5,0.00,5.00,0.00,0.00,29315.0,113.73,0.0300,1.848,115.578,26.720,1.84,0.000,0.000,0.000,0.0000,0.000,0.0000,0.000,0.0000,0.000,0.0000,0.000,0.0000,0.000,0.0000,0.000,0.0000,0.00583595,3473371.28,5446653.37,10488,0.00
593,4,0.00,5.00,0.00,0.00,29304.0,113.64,0.0300,1.883,115.523,26.720,1.95,0.000,0.000,0.000,0.0000,0.000,0.0000,0.000,0.0000,0.000,0.0000,0.000,0.0000,0.000,0.0000,0.000,0.0000,0.00541332,3473364.64,5446662.14,10488,0.00
479,4,0.00,5.00,0.00,0.00,29300.0,113.63,0.0300,1.862,115.492,26.720,1.94,0.000,0.000,0.000,0.0000,0.000,0.0000,0.000,0.0000,0.000,0.0000,0.000,0.0000,0.000,0.0000,0.000,0.0000,0.00492299,3473362.23,5446665.33,10488,0.00
592,4,0.00,5.00,0.00,0.00,29295.0,113.59,0.0050,1.989,115.579,26.720,1.87,0.000,0.000,0.000,0.0000,0.000,0.0000,0.000,0.0000,0.000,0.0000,0.000,0.0000,0.000,0.0000,0.000,0.0000,0.00012341,3473359.21,5446669.32,10488,0.00
5591,5,0.00,5.00,0.00,0.00,29294.0,113.77,0.0050,1.771,115.541,26.720,1.43,0.000,0.000,0.000,0.0000,0.000,0.0000,0.000,0.0000,0.000,0.0000,0.000,0.0000,0.000,0.0000,0.000,0.0000,0.00013442,3473358.61,5446670.12,10488,0.00
591,8,0.00,5.00,0.00,0.00,29293.0,113.95,0.0050,1.383,115.333,26.726,1.43,0.000,0.000,0.000,0.0000,0.000,0.0000,0.000,0.0000,0.000,0.0000,0.000,0.0000,0.000,0.0000,0.000,0.0000,0.00027669,3473358.00,5446670.91,10488,0.00
590,4,0.00,5.00,0.00,0.00,29290.0,113.49,0.0400,1.383,114.873,26.726,1.98,0.000,0.000,0.000,0.0000,0.000,0.0000,0.000,0.0000,0.000,0.0000,0.000,0.0000,0.000,0.0000,0.000,0.0000,0.01904442,3473356.19,5446673.30,10488,0.00
478,5,0.00,5.00,0.00,0.00,29288.0,113.44,0.0400,1.686,115.125,26.649,1.55,0.000,0.000,0.000,0.0000,0.000,0.0000,0.000,0.0000,0.000,0.0000,0.000,0.0000,0.000,0.0000,0.000,0.0000,0.00811011,3473354.99,5446674.90,10488,0.00
589,4,0.00,5.00,0.00,0.00,29277.0,113.16,0.0400,1.845,115.005,26.649,2.12,0.000,0.000,0.000,0.0000,0.000,0.0000,0.000,0.0000,0.000,0.0000,0.000,0.0000,0.000,0.0000,0.000,0.0000,0.00420572,3473348.35,5446683.67,10488,0.00
477,5,0.00,5.00,0.00,0.00,29276.0,113.11,0.0400,1.896,115.010,26.649,2.16,0.000,0.000,0.000,0.0000,0.000,0.0000,0.000,0.0000,0.000,0.0000,0.000,0.0000,0.000,0.0000,0.000,0.0000,0.00385930,3473347.75,5446684.47,10488,0.00
588,4,0.00,5.00,0.00,0.00,29259.0,112.34,0.0400,2.670,115.010,26.649,2.77,0.000,0.000,0.000,0.0000,0.000,0.0000,0.000,0.0000,0.000,0.0000,0.000,0.0000,0.000,0.0000,0.000,0.0000,0.00139927,3473337.49,5446698.03,10488,0.00
476,4,0.00,5.00,0.00,0.00,29257.0,112.67,0.0400,2.338,115.008,26.649,2.68,0.000,0.000,0.000,0.0000,0.000,0.0000,0.000,0.0000,0.000,0.0000,0.000,0.0000,0.000,0.0000,0.000,0.0000,0.00146258,3473336.29,5446699.62,10488,0.00
475,4,0.00,5.00,0.00,0.00,29225.0,112.42,0.0400,2.588,115.008,26.649,2.34,0.000,0.000,0.000,0.0000,0.000,0.0000,0.000,0.0000,0.000,0.0000,0.000,0.0000,0.000,0.0000,0.000,0.0000,0.00199584,3473314.88,5446723.00,10488,0.00
587,4,0.00,5.00,0.00,0.00,29210.0,112.05,0.0400,2.939,114.989,26.649,2.59,0.000,0.000,0.000,0.0000,0.000,0.0000,0.000,0.0000,0.000,0.0000,0.000,0.0000,0.000,0.0000,0.000,0.0000,0.00167590,3473302.83,5446731.93,10488,0.00
474,4,0.00,5.00,0.00,0.00,29195.0,111.74,0.0400,3.214,114.954,26.649,3.04,0.000,0.000,0.000,0.0000,0.000,0.0000,0.000,0.0000,0.000,0.0000,0.000,0.0000,0.000,0.0000,0.000,0.0000,0.00202075,3473290.78,5446740.86,10488,0.00
473,5,0.00,5.00,0.00,0.00,29162.0,111.93,0.0400,2.958,114.888,26.649,2.47,0.000,0.000,0.000,0.0000,0.000,0.0000,0.000,0.0000,0.000,0.0000,0.000,0.0000,0.000,0.0000,0.000,0.0000,0.00192668,3473264.26,5446760.50,10488,0.00
586,4,0.00,5.00,0.00,0.00,29148.0,112.01,0.0400,2.849,114.859,26.649,2.72,0.000,0.000,0.000,0.0000,0.000,0.0000,0.000,0.0000,0.000,0.0000,0.000,0.0000,0.000,0.0000,0.000,0.0000,0.00191469,3473253.08,5446768.92,10488,0.00
472,5,0.00,5.00,0.00,0.00,29128.0,111.88,0.0400,2.955,114.837,26.649,2.28,0.000,0.000,0.000,0.0000,0.000,0.0000,0.000,0.0000,0.000,0.0000,0.000,0.0000,0.000,0.0000,0.000,0.0000,0.00157516,3473237.40,5446781.35,10488,0.00
471,5,0.00,5.00,0.00,0.00,29100.0,111.70,0.0400,3.112,114.814,26.649,2.17,0.000,0.000,0.000,0.0000,0.000,0.0000,0.000,0.0000,0.000,0.0000,0.000,0.0000,0.000,0.0000,0.000,0.0000,0.00097501,3473215.46,5446798.74,10488,0.00
585,4,0.00,5.00,0.00,0.00,29092.0,111.65,0.0400,3.159,114.809,26.649,2.58,0.000,0.000,0.000,0.0000,0.000,0.0000,0.000,0.0000,0.000,0.0000,0.000,0.0000,0.000,0.0000,0.000,0.0000,0.00085510,3473209.19,5446803.71,10488,0.00
470,5,0.00,5.00,0.00,0.00,29072.0,111.65,0.0400,3.140,114.786,26.649,2.28,0.000,0.000,0.000,0.0000,0.000,0.0000,0.000,0.0000,0.000,0.0000,0.000,0.0000,0.000,0.0000,0.000,0.0000,0.00089341,3473192.89,5446815.17,10488,0.00
469,5,0.00,5.00,0.00,0.00,29058.0,111.64,0.0400,3.126,114.768,26.649,2.46,0.000,0.000,0.000,0.0000,0.000,0.0000,0.000,0.0000,0.000,0.0000,0.000,0.0000,0.000,0.0000,0.000,0.0000,0.00090797,3473180.50,5446821.68,10488,0.00
584,4,0.00,5.00,0.00,0.00,29045.0,111.64,0.0400,3.112,114.752,26.649,3.28,0.000,0.000,0.000,0.0000,0.000,0.0000,0.000,0.0000,0.000,0.0000,0.000,0.0000,0.000,0.0000,0.000,0.0000,0.00090758,3473168.54,5446826.73,10488,0.00
468,4,0.00,5.00,0.00,0.00,29044.0,111.69,0.0400,3.054,114.744,26.649,2.94,0.000,0.000,0.000,0.0000,0.000,0.0000,0.000,0.0000,0.000,0.0000,0.000,0.0000,0.000,0.0000,0.000,0.0000,0.00144115,3473167.60,5446827.07,10488,0.00
583,9,0.00,5.00,0.00,0.00,29043.0,111.64,0.0400,3.102,114.742,26.649,3.88,0.000,0.000,0.000,0.0000,0.000,0.0000,0.000,0.0000,0.000,0.0000,0.000,0.0000,0.000,0.0000,0.000,0.0000,0.00187019,3473166.67,5446827.42,10488,0.00
582,9,0.00,5.00,0.00,0.00,29042.0,111.64,0.0400,3.100,114.740,26.649,3.88,0.000,0.000,0.000,0.0000,0.000,0.0000,0.000,0.0000,0.000,0.0000,0.000,0.0000,0.000,0.0000,0.000,0.0000,0.00186421,3473165.73,5446827.77,10488,0.00
581,4,0.00,5.00,0.00,0.00,29041.0,111.64,0.0400,3.105,114.745,26.649,3.28,0.000,0.000,0.000,0.0000,0.000,0.0000,0.000,0.0000,0.000,0.0000,0.000,0.0000,0.000,0.0000,0.000,0.0000,0.00091640,3473164.79,5446828.11,10488,0.00
467,4,0.00,5.00,0.00,0.00,29040.0,111.69,0.0400,3.032,114.722,26.649,4.01,0.000,0.000,0.000,0.0000,0.000,0.0000,0.000,0.0000,0.000,0.0000,0.000,0.0000,0.000,0.0000,0.000,0.0000,0.00213843,3473163.85,5446828.46,10488,0.00
466,5,0.00,5.00,0.00,0.00,29027.0,111.70,0.0400,3.007,114.711,26.649,2.45,0.000,0.000,0.000,0.0000,0.000,0.0000,0.000,0.0000,0.000,0.0000,0.000,0.0000,0.000,0.0000,0.000,0.0000,0.00168058,3473151.66,5446832.96,10488,0.00
580,4,0.00,5.00,0.00,0.00,29011.0,111.72,0.0400,2.977,114.697,26.649,2.84,0.000,0.000,0.000,0.0000,0.000,0.0000,0.000,0.0000,0.000,0.0000,0.000,0.0000,0.000,0.0000,0.000,0.0000,0.00132334,3473135.74,5446833.68,10488,0.00
465,5,0.00,5.00,0.00,0.00,29003.0,111.68,0.0400,3.011,114.687,26.649,2.27,0.000,0.000,0.000,0.0000,0.000,0.0000,0.000,0.0000,0.000,0.0000,0.000,0.0000,0.000,0.0000,0.000,0.0000,0.00127119,3473127.79,5446832.85,10488,0.00
464,4,0.00,5.00,0.00,0.00,28986.0,111.58,0.0400,3.086,114.666,26.649,2.92,0.000,0.000,0.000,0.0000,0.000,0.0000,0.000,0.0000,0.000,0.0000,0.000,0.0000,0.000,0.0000,0.000,0.0000,0.00106974,3473112.13,5446826.24,10488,0.00
579,4,0.00,5.00,0.00,0.00,28980.0,111.36,0.0400,3.297,114.657,26.649,3.03,0.000,0.000,0.000,0.0000,0.000,0.0000,0.000,0.0000,0.000,0.0000,0.000,0.0000,0.000,0.0000,0.000,0.0000,0.00118502,3473106.17,5446825.78,10488,0.00
463,5,0.00,5.00,0.00,0.00,28971.0,111.48,0.0400,3.173,114.649,26.649,2.13,0.000,0.000,0.000,0.0000,0.000,0.0000,0.000,0.0000,0.000,0.0000,0.000,0.0000,0.000,0.0000,0.000,0.0000,0.00102426,3473097.18,5446825.69,10488,0.00
910,5,0.00,5.00,0.00,0.00,28968.0,111.51,0.0400,3.133,114.647,26.649,2.24,0.000,0.000,0.000,0.0000,0.000,0.0000,0.000,0.0000,0.000,0.0000,0.000,0.0000,0.000,0.0000,0.000,0.0000,0.00096339,3473094.23,5446826.04,10488,0.00
909,5,0.00,5.00,0.00,0.00,28964.0,111.57,0.0400,3.079,114.645,26.649,2.49,0.000,0.000,0.000,0.0000,0.000,0.0000,0.000,0.0000,0.000,0.0000,0.000,0.0000,0.000,0.0000,0.000,0.0000,0.00087811,3473090.58,5446827.66,10488,0.00
908,5,0.00,5.00,0.00,0.00,28961.0,111.60,0.0400,3.039,114.644,26.649,2.32,0.000,0.000,0.000,0.0000,0.000,0.0000,0.000,0.0000,0.000,0.0000,0.000,0.0000,0.000,0.0000,0.000,0.0000,0.00081461,3473087.84,5446828.88,10488,0.00
907,5,0.00,5.00,0.00,0.00,28956.0,111.67,0.0400,2.973,114.642,26.649,2.30,0.000,0.000,0.000,0.0000,0.000,0.0000,0.000,0.0000,0.000,0.0000,0.000,0.0000,0.000,0.0000,0.000,0.0000,0.00073471,3473083.27,5446830.91,10488,0.00
3423,4,0.00,5.00,0.00,0.00,28952.0,111.72,0.0400,2.921,114.641,26.649,2.63,0.000,0.000,0.000,0.0000,0.000,0.0000,0.000,0.0000,0.000,0.0000,0.000,0.0000,0.000,0.0000,0.000,0.0000,0.00068802,3473079.73,5446832.76,10488,0.00
578,4,0.00,5.00,0.00,0.00,28950.0,111.78,0.0400,2.856,114.636,26.649,3.21,0.000,0.000,0.000,0.0000,0.000,0.0000,0.000,0.0000,0.000,0.0000,0.000,0.0000,0.000,0.0000,0.000,0.0000,0.00078836,3473078.00,5446833.77,10488,0.00
577,9,0.00,5.00,0.00,0.00,28949.0,111.78,0.0100,2.748,114.528,26.649,3.28,0.000,0.000,0.000,0.0000,0.000,0.0000,0.000,0.0000,0.000,0.0000,0.000,0.0000,0.000,0.0000,0.000,0.0000,0.00042362,3473077.14,5446834.28,10488,0.00
576,9,0.00,5.00,0.00,0.00,28936.0,111.78,0.0400,2.701,114.481,26.649,3.28,0.000,0.000,0.000,0.0000,0.000,0.0000,0.000,0.0000,0.000,0.0000,0.000,0.0000,0.000,0.0000,0.000,0.0000,0.00673760,3473065.95,5446840.89,10488,0.00
423,4,0.00,5.00,0.00,0.00,28934.0,111.72,0.0400,2.862,114.582,26.649,2.63,0.000,0.000,0.000,0.0000,0.000,0.0000,0.000,0.0000,0.000,0.0000,0.000,0.0000,0.000,0.0000,0.000,0.0000,0.00074775,3473064.22,5446841.91,10488,0.00
905,5,0.00,5.00,0.00,0.00,28933.0,111.75,0.0400,2.829,114.579,26.650,2.92,0.000,0.000,0.000,0.0000,0.000,0.0000,0.000,0.0000,0.000,0.0000,0.000,0.0000,0.000,0.0000,0.000,0.0000,0.00080221,3473063.36,5446842.42,10488,0.00
575,4,0.00,5.00,0.00,0.00,28932.0,111.78,0.0400,2.796,114.576,26.650,3.21,0.000,0.000,0.000,0.0000,0.000,0.0000,0.000,0.0000,0.000,0.0000,0.000,0.0000,0.000,0.0000,0.000,0.0000,0.00086290,3473062.50,5446842.93,10488,0.00
904,5,0.00,5.00,0.00,0.00,28930.0,111.75,0.0400,2.821,114.574,26.650,3.15,0.000,0.000,0.000,0.0000,0.000,0.0000,0.000,0.0000,0.000,0.0000,0.000,0.0000,0.000,0.0000,0.000,0.0000,0.00088588,3473060.78,5446843.94,10488,0.00
903,5,0.00,5.00,0.00,0.00,28925.0,111.68,0.0400,2.883,114.566,26.650,2.89,0.000,0.000,0.000,0.0000,0.000,0.0000,0.000,0.0000,0.000,0.0000,0.000,0.0000,0.000,0.0000,0.000,0.0000,0.00096485,3473056.48,5446846.49,10488,0.00
902,5,0.00,5.00,0.00,0.00,28920.0,111.61,0.0400,2.944,114.558,26.650,2.80,0.000,0.000,0.000,0.0000,0.000,0.0000,0.000,0.0000,0.000,0.0000,0.000,0.0000,0.000,0.0000,0.000,0.0000,0.00110757,3473052.04,5446848.73,10488,0.00
574,4,0.00,5.00,0.00,0.00,28919.0,111.60,0.0400,2.956,114.556,26.650,3.37,0.000,0.000,0.000,0.0000,0.000,0.0000,0.000,0.0000,0.000,0.0000,0.000,0.0000,0.000,0.0000,0.000,0.0000,0.00114705,3473051.08,5446849.01,10488,0.00
901,5,0.00,5.00,0.00,0.00,28916.0,111.59,0.0400,2.964,114.554,26.650,2.69,0.000,0.000,0.000,0.0000,0.000,0.0000,0.000,0.0000,0.000,0.0000,0.000,0.0000,0.000,0.0000,0.000,0.0000,0.00113383,3473048.21,5446849.87,10488,0.00
9423,5,0.00,5.00,0.00,0.00,28885.0,111.49,0.0400,3.041,114.530,26.650,2.63,0.000,0.000,0.000,0.0000,0.000,0.0000,0.000,0.0000,0.000,0.0000,0.000,0.0000,0.000,0.0000,0.000,0.0000,0.00095408,3473019.57,5446861.69,10488,0.00
573,4,0.00,5.00,0.00,0.00,28864.0,111.42,0.0400,3.097,114.517,26.650,3.57,0.000,0.000,0.000,0.0000,0.000,0.0000,0.000,0.0000,0.000,0.0000,0.000,0.0000,0.000,0.0000,0.000,0.0000,0.00079306,3473001.40,5446872.15,10488,0.00
8423,5,0.00,5.00,0.00,0.00,28845.0,111.39,0.0400,3.122,114.508,26.650,2.63,0.000,0.000,0.000,0.0000,0.000,0.0000,0.000,0.0000,0.000,0.0000,0.000,0.0000,0.000,0.0000,0.000,0.0000,0.00069251,3472984.78,5446881.36,10488,0.00
572,4,0.00,5.00,0.00,0.00,28814.0,111.33,0.0400,3.166,114.496,26.650,3.64,0.000,0.000,0.000,0.0000,0.000,0.0000,0.000,0.0000,0.000,0.0000,0.000,0.0000,0.000,0.0000,0.000,0.0000,0.00055761,3472959.60,5446899.17,10488,0.00
422,4,0.00,5.00,0.00,0.00,28796.0,111.26,0.0400,3.222,114.482,26.650,3.70,0.000,0.000,0.000,0.0000,0.000,0.0000,0.000,0.0000,0.000,0.0000,0.000,0.0000,0.000,0.0000,0.000,0.0000,0.00064594,3472948.79,5446913.41,10488,0.00
9422,5,0.00,5.00,0.00,0.00,28740.0,111.25,0.0400,3.177,114.429,26.670,2.62,0.000,0.000,0.000,0.0000,0.000,0.0000,0.000,0.0000,0.000,0.0000,0.000,0.0000,0.000,0.0000,0.000,0.0000,0.00079397,3472929.35,5446965.86,10488,0.00
8422,5,0.00,5.00,0.00,0.00,28738.0,111.25,0.0400,3.175,114.426,26.670,2.56,0.700,0.000,0.000,0.0000,0.000,0.0000,0.000,0.0000,0.000,0.0000,0.000,0.0000,0.000,0.0000,0.000,0.0000,0.00079954,3472928.78,5446967.78,10488,0.00
7422,5,0.00,5.00,0.00,0.00,28730.0,111.25,0.0400,3.198,114.449,22.569,2.56,0.700,0.000,0.000,0.0000,0.000,0.0000,0.000,0.0000,0.000,0.0000,0.000,0.0000,0.000,0.0000,0.000,0.0000,0.00056483,3472926.51,5446975.45,10488,0.00
571,4,0.00,5.00,0.00,0.00,28726.0,111.25,0.0400,3.216,114.466,19.391,2.56,0.700,0.000,0.000,0.0000,0.000,0.0000,0.000,0.0000,0.000,0.0000,0.000,0.0000,0.000,0.0000,0.000,0.0000,0.00041132,3472925.51,5446979.32,10488,0.00
6422,5,0.00,5.00,0.00,0.00,28720.0,111.15,0.0400,3.339,114.489,13.628,2.66,0.700,0.000,0.000,0.0000,0.000,0.0000,0.000,0.0000,0.000,0.0000,0.000,0.0000,0.000,0.0000,0.000,0.0000,0.00026734,3472924.26,5446985.18,10488,0.00
5422,5,0.00,5.00,0.00,0.00,28719.0,111.13,0.0400,3.360,114.493,12.578,2.69,0.000,0.000,0.000,0.0000,0.000,0.0000,0.000,0.0000,0.000,0.0000,0.000,0.0000,0.000,0.0000,0.000,0.0000,0.00024106,3472924.05,5446986.16,10488,0.00
4422,5,0.00,5.00,0.00,0.00,28718.0,111.12,0.0400,3.375,114.492,12.578,2.69,0.000,0.000,0.000,0.0000,0.000,0.0000,0.000,0.0000,0.000,0.0000,0.000,0.0000,0.000,0.0000,0.000,0.0000,0.00025778,3472923.84,5446987.14,10488,0.00
570,4,0.00,5.00,0.00,0.00,28717.0,111.10,0.0400,3.391,114.491,12.578,3.61,0.000,0.000,0.000,0.0000,0.000,0.0000,0.000,0.0000,0.000,0.0000,0.000,0.0000,0.000,0.0000,0.000,0.0000,0.00027685,3472923.63,5446988.12,10488,0.00
3421,4,0.00,5.00,0.00,0.00,28716.0,111.11,0.0400,3.369,114.479,12.578,3.70,0.000,0.000,0.000,0.0000,0.000,0.0000,0.000,0.0000,0.000,0.0000,0.000,0.0000,0.000,0.0000,0.000,0.0000,0.00057233,3472923.34,5446989.06,10488,0.00
2421,4,0.00,5.49,0.00,0.00,28715.0,111.11,0.0400,3.361,114.471,12.577,5.46,0.000,0.000,0.000,0.0000,0.000,0.0000,0.000,0.0000,0.000,0.0000,0.000,0.0000,0.000,0.0000,0.000,0.0000,0.00057564,3472922.84,5446989.93,10488,0.00
1421,2,5.00,3.00,0.00,0.00,28714.0,111.11,0.0400,3.361,114.471,12.577,5.46,0.000,0.000,0.000,0.0000,0.000,0.0000,0.000,0.0000,0.000,0.0000,0.000,0.0000,0.000,0.0000,0.000,0.0000,0.00122591,3472922.34,5446990.80,10488,0.00
421,2,5.00,3.00,0.00,0.00,28713.0,111.11,0.0357,2.266,113.376,12.577,3.70,0.000,0.000,0.000,0.0000,0.000,0.0000,0.000,0.0000,0.000,0.0000,0.000,0.0000,0.000,0.0000,0.000,0.0000,0.00124701,3472921.84,5446991.66,10488,0.00
566,4,5.50,5.00,0.00,0.00,28712.0,110.96,0.0357,2.445,113.405,12.577,3.88,0.000,0.000,0.000,0.0000,0.000,0.0000,0.000,0.0000,0.000,0.0000,0.000,0.0000,0.000,0.0000,0.000,0.0000,0.00049375,3472921.34,5446992.53,10488,0.00
9421,5,5.50,5.00,0.00,0.00,28707.0,111.09,0.0357,2.302,113.397,12.578,3.24,0.000,0.000,0.000,0.0000,0.000,0.0000,0.000,0.0000,0.000,0.0000,0.000,0.0000,0.000,0.0000,0.000,0.0000,0.00070652,3472918.84,5446996.86,10488,0.00
8421,5,5.50,5.00,0.00,0.00,28701.0,111.26,0.0357,2.124,113.380,12.578,2.79,0.000,0.000,0.000,0.0000,0.000,0.0000,0.000,0.0000,0.000,0.0000,0.000,0.0000,0.000,0.0000,0.000,0.0000,0.00100019,3472915.84,5447002.06,10488,0.00
565,4,5.50,5.00,0.00,0.00,28696.0,111.39,0.0357,1.967,113.357,12.578,2.44,0.000,0.000,0.000,0.0000,0.000,0.0000,0.000,0.0000,0.000,0.0000,0.000,0.0000,0.000,0.0000,0.000,0.0000,0.00145782,3472912.93,5447006.10,10488,0.00
564,4,5.50,5.00,0.00,0.00,28694.0,111.45,0.0357,1.920,113.370,12.578,2.61,0.000,0.000,0.000,0.0000,0.000,0.0000,0.000,0.0000,0.000,0.0000,0.000,0.0000,0.000,0.0000,0.000,0.0000,0.00109225,3472911.69,5447007.68,10488,0.00
563,9,5.50,5.00,0.00,0.00,28693.0,111.45,0.0357,1.893,113.343,12.578,2.67,0.000,0.000,0.000,0.0000,0.000,0.0000,0.000,0.0000,0.000,0.0000,0.000,0.0000,0.000,0.0000,0.000,0.0000,0.00302791,3472911.07,5447008.46,10488,0.00
562,9,5.50,5.00,0.00,0.00,28682.0,111.45,0.0357,1.893,113.343,12.578,2.67,0.000,0.000,0.000,0.0000,0.000,0.0000,0.000,0.0000,0.000,0.0000,0.000,0.0000,0.000,0.0000,0.000,0.0000,0.00302984,3472904.28,5447017.12,10488,0.00
420,4,5.50,5.00,0.00,0.00,28680.0,111.43,0.0357,1.930,113.360,12.578,2.41,0.000,0.000,0.000,0.0000,0.000,0.0000,0.000,0.0000,0.000,0.0000,0.000,0.0000,0.000,0.0000,0.000,0.0000,0.00112899,3472903.05,5447018.69,10488,0.00
561,4,5.50,5.00,0.00,0.00,28678.0,111.45,0.0357,1.908,113.358,12.718,2.61,0.000,0.000,0.000,0.0000,0.000,0.0000,0.000,0.0000,0.000,0.0000,0.000,0.0000,0.000,0.0000,0.000,0.0000,0.00113331,3472901.81,5447020.26,10488,0.00
419,4,5.50,5.00,0.00,0.00,28662.0,111.04,0.0357,2.326,113.366,12.718,3.05,0.000,0.000,0.000,0.0000,0.000,0.0000,0.000,0.0000,0.000,0.0000,0.000,0.0000,0.000,0.0000,0.000,0.0000,0.00055123,3472893.64,5447033.97,10488,0.00
560,4,5.50,5.00,0.00,0.00,28638.0,110.95,0.0357,2.398,113.348,12.718,3.12,0.000,0.000,0.000,0.0000,0.000,0.0000,0.000,0.0000,0.000,0.0000,0.000,0.0000,0.000,0.0000,0.000,0.0000,0.00069240,3472886.66,5447056.79,10488,0.00
559,4,5.50,5.00,0.00,0.00,28616.0,110.96,0.0357,2.363,113.323,12.717,3.09,0.000,0.000,0.000,0.0000,0.000,0.0000,0.000,0.0000,0.000,0.0000,0.000,0.0000,0.000,0.0000,0.000,0.0000,0.00088119,3472887.35,5447078.69,10488,0.00
558,4,5.50,5.00,0.00,0.00,28564.0,111.07,0.0357,2.224,113.294,12.717,3.00,0.000,0.000,0.000,0.0000,0.000,0.0000,0.000,0.0000,0.000,0.0000,0.000,0.0000,0.000,0.0000,0.000,0.0000,0.00062177,3472903.86,5447128.00,10488,0.00
557,4,5.50,5.00,0.00,0.00,28525.0,111.09,0.0357,2.180,113.270,12.717,2.85,0.000,0.000,0.000,0.0000,0.000,0.0000,0.000,0.0000,0.000,0.0000,0.000,0.0000,0.000,0.0000,0.000,0.0000,0.00069365,3472917.25,5447164.62,10488,0.00
418,4,5.50,5.00,0.00,0.00,28516.0,111.12,0.0357,2.141,113.261,12.717,2.97,0.000,0.000,0.000,0.0000,0.000,0.0000,0.000,0.0000,0.000,0.0000,0.000,0.0000,0.000,0.0000,0.000,0.0000,0.00062254,3472920.16,5447173.14,10488,0.00
556,4,5.50,5.00,0.00,0.00,28487.0,111.17,0.0357,2.074,113.244,12.987,2.70,0.000,0.000,0.000,0.0000,0.000,0.0000,0.000,0.0000,0.000,0.0000,0.000,0.0000,0.000,0.0000,0.000,0.0000,0.00055228,3472929.53,5447200.59,10488,0.00
555,4,5.50,5.00,0.00,0.00,28455.0,111.00,0.0357,2.222,113.222,12.987,2.86,0.000,0.000,0.000,0.0000,0.000,0.0000,0.000,0.0000,0.000,0.0000,0.000,0.0000,0.000,0.0000,0.000,0.0000,0.00063560,3472940.57,5447230.61,10488,0.00
554,4,5.50,5.00,0.00,0.00,28384.0,111.13,0.0357,2.042,113.172,12.987,3.02,0.000,0.000,0.000,0.0000,0.000,0.0000,0.000,0.0000,0.000,0.0000,0.000,0.0000,0.000,0.0000,0.000,0.0000,0.00072042,3472971.11,5447294.48,10488,0.00
553,4,5.50,5.00,0.00,0.00,28382.0,111.09,0.0357,2.087,113.177,12.987,3.05,0.000,0.000,0.000,0.0000,0.000,0.0000,0.000,0.0000,0.000,0.0000,0.000,0.0000,0.000,0.0000,0.000,0.0000,0.00054564,3472972.11,5447296.22,10488,0.00
552,9,5.50,5.00,0.00,0.00,28381.0,111.09,0.0357,2.073,113.163,12.987,3.08,0.000,0.000,0.000,0.0000,0.000,0.0000,0.000,0.0000,0.000,0.0000,0.000,0.0000,0.000,0.0000,0.000,0.0000,0.00077475,3472972.61,5447297.08,10488,0.00
551,9,5.50,5.00,0.00,0.00,28372.0,111.09,0.0357,2.065,113.155,12.987,3.08,0.000,0.000,0.000,0.0000,0.000,0.0000,0.000,0.0000,0.000,0.0000,0.000,0.0000,0.000,0.0000,0.000,0.0000,0.00078387,3472977.11,5447304.88,10488,0.00
417,4,5.50,5.00,0.00,0.00,28371.0,111.13,0.0357,2.040,113.170,12.987,2.97,0.000,0.000,0.000,0.0000,0.000,0.0000,0.000,0.0000,0.000,0.0000,0.000,0.0000,0.000,0.0000,0.000,0.0000,0.00052049,3472977.61,5447305.75,10488,0.00
550,4,5.50,5.00,0.00,0.00,28370.0,111.09,0.0357,2.078,113.168,12.987,3.05,0.000,0.000,0.000,0.0000,0.000,0.0000,0.000,0.0000,0.000,0.0000,0.000,0.0000,0.000,0.0000,0.000,0.0000,0.00055556,3472978.11,5447306.61,10488,0.00
549,4,5.50,5.00,0.00,0.00,28321.0,111.02,0.0357,2.107,113.127,12.987,3.12,0.000,0.000,0.000,0.0000,0.000,0.0000,0.000,0.0000,0.000,0.0000,0.000,0.0000,0.000,0.0000,0.000,0.0000,0.00075938,3472993.60,5447352.98,10488,0.00
416,4,5.50,5.00,0.00,0.00,28306.0,111.11,0.0357,1.993,113.103,12.987,3.01,0.000,0.000,0.000,0.0000,0.000,0.0000,0.000,0.0000,0.000,0.0000,0.000,0.0000,0.000,0.0000,0.000,0.0000,0.00111652,3472997.40,5447367.48,10488,0.00
548,4,5.50,5.00,0.00,0.00,28263.0,111.10,0.0357,1.943,113.043,13.017,3.07,0.000,0.000,0.000,0.0000,0.000,0.0000,0.000,0.0000,0.000,0.0000,0.000,0.0000,0.000,0.0000,0.000,0.0000,0.00125178,3473008.32,5447409.08,10488,0.00
547,4,5.50,5.00,0.00,0.00,28199.0,110.92,0.0357,2.055,112.975,13.017,3.22,0.000,0.000,0.000,0.0000,0.000,0.0000,0.000,0.0000,0.000,0.0000,0.000,0.0000,0.000,0.0000,0.000,0.0000,0.00102654,3473028.74,5447469.69,10488,0.00
415,4,5.50,5.00,0.00,0.00,28161.0,110.87,0.0357,2.074,112.944,13.017,3.25,0.000,0.000,0.000,0.0000,0.000,0.0000,0.000,0.0000,0.000,0.0000,0.000,0.0000,0.000,0.0000,0.000,0.0000,0.00094489,3473042.80,5447504.98,10488,0.00
546,4,5.50,5.00,0.00,0.00,28152.0,110.88,0.0357,2.045,112.925,13.177,3.20,0.000,0.000,0.000,0.0000,0.000,0.0000,0.000,0.0000,0.000,0.0000,0.000,0.0000,0.000,0.0000,0.000,0.0000,0.00107609,3473046.61,5447513.13,10488,0.00
545,4,5.50,5.00,0.00,0.00,28081.0,110.76,0.0357,2.099,112.859,13.177,3.23,0.000,0.000,0.000,0.0000,0.000,0.0000,0.000,0.0000,0.000,0.0000,0.000,0.0000,0.000,0.0000,0.000,0.0000,0.00095182,3473069.77,5447579.91,10488,0.00
3414,4,5.50,5.00,0.00,0.00,28027.0,111.08,0.0357,1.714,112.794,13.177,3.76,0.000,0.000,0.000,0.0000,0.000,0.0000,0.000,0.0000,0.000,0.0000,0.000,0.0000,0.000,0.0000,0.000,0.0000,0.00122229,3473079.28,5447633.06,10488,0.00
544,4,5.50,5.00,0.00,0.00,28026.0,111.19,0.0357,1.598,112.788,13.177,3.69,0.000,0.000,0.000,0.0000,0.000,0.0000,0.000,0.0000,0.000,0.0000,0.000,0.0000,0.000,0.0000,0.000,0.0000,0.00136516,3473079.48,5447634.04,10488,0.00
543,9,5.50,5.00,0.00,0.00,28024.0,111.19,0.0357,1.592,112.782,13.177,4.04,0.000,0.000,0.000,0.0000,0.000,0.0000,0.000,0.0000,0.000,0.0000,0.000,0.0000,0.000,0.0000,0.000,0.0000,0.00133510,3473079.88,5447635.99,10488,0.00
542,9,5.50,5.00,0.00,0.00,28016.0,111.19,0.0357,1.580,112.770,13.177,4.04,0.000,0.000,0.000,0.0000,0.000,0.0000,0.000,0.0000,0.000,0.0000,0.000,0.0000,0.000,0.0000,0.000,0.0000,0.00137125,3473081.41,5447643.84,10488,0.00
414,4,5.50,5.00,0.00,0.00,28015.0,111.08,0.0357,1.696,112.776,13.177,3.76,0.000,0.000,0.000,0.0000,0.000,0.0000,0.000,0.0000,0.000,0.0000,0.000,0.0000,0.000,0.0000,0.000,0.0000,0.00127295,3473081.57,5447644.83,10488,0.00
541,4,5.50,5.00,0.00,0.00,28012.0,111.19,0.0357,1.577,112.767,13.177,3.69,0.000,0.000,0.000,0.0000,0.000,0.0000,0.000,0.0000,0.000,0.0000,0.000,0.0000,0.000,0.0000,0.000,0.0000,0.00143115,3473082.04,5447647.80,10488,0.00
540,4,5.50,5.00,0.00,0.00,28002.0,110.48,0.0357,2.287,112.767,13.177,3.83,0.000,0.000,0.000,0.0000,0.000,0.0000,0.000,0.0000,0.000,0.0000,0.000,0.0000,0.000,0.0000,0.000,0.0000,0.00083274,3473084.55,5447657.43,10488,0.00
413,4,5.50,5.00,0.00,0.00,27953.0,110.47,0.0357,2.256,112.726,13.177,3.21,0.000,0.000,0.000,0.0000,0.000,0.0000,0.000,0.0000,0.000,0.0000,0.000,0.0000,0.000,0.0000,0.000,0.0000,0.00089318,3473103.37,5447702.60,10488,0.00
539,4,5.50,5.00,0.00,0.00,27869.0,110.56,0.0357,2.085,112.645,13.177,3.15,0.000,0.000,0.000,0.0000,0.000,0.0000,0.000,0.0000,0.000,0.0000,0.000,0.0000,0.000,0.0000,0.000,0.0000,0.00094612,3473143.48,5447776.35,10488,0.00
412,4,5.50,5.00,0.00,0.00,27828.0,110.50,0.0357,2.130,112.630,13.177,3.23,0.000,0.000,0.000,0.0000,0.000,0.0000,0.000,0.0000,0.000,0.0000,0.000,0.0000,0.000,0.0000,0.000,0.0000,0.00059120,3473164.85,5447811.35,10488,0.00
538,4,5.50,5.00,0.00,0.00,27798.0,110.66,0.0357,1.944,112.604,13.177,2.91,0.000,0.000,0.000,0.0000,0.000,0.0000,0.000,0.0000,0.000,0.0000,0.000,0.0000,0.000,0.0000,0.000,0.0000,0.00073485,3473180.53,5447836.92,10488,0.00
411,4,5.50,5.55,0.00,0.00,27731.0,110.63,0.0357,1.922,112.552,13.177,2.93,0.000,0.000,0.000,0.0000,0.000,0.0000,0.000,0.0000,0.000,0.0000,0.000,0.0000,0.000,0.0000,0.000,0.0000,0.00076316,3473211.26,5447896.23,10488,0.00
537,4,5.50,5.00,0.00,0.00,27721.0,110.48,0.0357,2.078,112.558,13.177,2.86,0.000,0.000,0.000,0.0000,0.000,0.0000,0.000,0.0000,0.000,0.0000,0.000,0.0000,0.000,0.0000,0.000,0.0000,0.00056236,3473213.93,5447905.85,10488,0.00
536,4,5.50,5.00,0.00,0.00,27621.0,110.34,0.0500,2.187,112.527,13.177,3.14,0.000,0.000,0.000,0.0000,0.000,0.0000,0.000,0.0000,0.000,0.0000,0.000,0.0000,0.000,0.0000,0.000,0.0000,0.00039657,3473229.40,5448002.53,10488,0.00
410,4,5.50,5.00,0.00,0.00,27610.0,110.21,0.0500,2.315,112.525,13.177,3.23,0.000,0.000,0.000,0.0000,0.000,0.0000,0.000,0.0000,0.000,0.0000,0.000,0.0000,0.000,0.0000,0.000,0.0000,0.00026134,3473231.00,5448013.39,10488,0.00
409,4,5.50,5.00,0.00,0.00,27463.0,110.36,0.0500,2.142,112.502,13.177,2.97,0.000,0.000,0.000,0.0000,0.000,0.0000,0.000,0.0000,0.000,0.0000,0.000,0.0000,0.000,0.0000,0.000,0.0000,0.00008916,3473312.38,5448113.47,10488,0.00
535,4,5.50,5.00,0.00,0.00,27407.0,110.21,0.0500,2.285,112.495,13.177,2.96,0.000,0.000,0.000,0.0000,0.000,0.0000,0.000,0.0000,0.000,0.0000,0.000,0.0000,0.000,0.0000,0.000,0.0000,0.00015364,3473303.18,5448167.36,10488,0.00
408,4,5.50,5.00,0.00,0.00,27283.0,110.20,0.0500,2.282,112.482,13.177,2.82,0.000,0.000,0.000,0.0000,0.000,0.0000,0.000,0.0000,0.000,0.0000,0.000,0.0000,0.000,0.0000,0.000,0.0000,0.00006445,3473360.99,5448253.02,10488,0.00
534,4,5.50,5.00,0.00,0.00,27193.0,110.05,0.0500,2.417,112.467,13.177,2.83,0.000,0.000,0.000,0.0000,0.000,0.0000,0.000,0.0000,0.000,0.0000,0.000,0.0000,0.000,0.0000,0.000,0.0000,0.00021690,3473404.64,5448314.51,10488,0.00
407,4,5.50,5.00,0.00,0.00,27156.0,110.19,0.0500,2.272,112.462,13.176,2.83,0.000,0.000,0.000,0.0000,0.000,0.0000,0.000,0.0000,0.000,0.0000,0.000,0.0000,0.000,0.0000,0.000,0.0000,0.00011282,3473435.38,5448333.89,10488,0.00
406,4,5.50,5.00,0.00,0.00,27049.0,110.16,0.0500,2.245,112.405,13.176,2.80,0.000,0.000,0.000,0.0000,0.000,0.0000,0.000,0.0000,0.000,0.0000,0.000,0.0000,0.000,0.0000,0.000,0.0000,0.00071911,3473497.55,5448415.42,10488,0.00
533,4,5.50,5.00,0.00,0.00,26982.0,110.03,0.0400,2.303,112.333,13.176,2.64,0.000,0.000,0.000,0.0000,0.000,0.0000,0.000,0.0000,0.000,0.0000,0.000,0.0000,0.000,0.0000,0.000,0.0000,0.00085533,3473532.64,5448472.50,10488,0.00
405,4,5.50,5.00,0.00,0.00,26938.0,110.13,0.0400,2.158,112.288,13.176,2.86,0.000,0.000,0.000,0.0000,0.000,0.0000,0.000,0.0000,0.000,0.0000,0.000,0.0000,0.000,0.0000,0.000,0.0000,0.00106454,3473556.82,5448509.25,10488,0.00
532,4,5.50,5.00,0.00,0.00,26810.0,109.99,0.0357,2.205,112.195,13.176,2.91,0.000,0.000,0.000,0.0000,0.000,0.0000,0.000,0.0000,0.000,0.0000,0.000,0.0000,0.000,0.0000,0.000,0.0000,0.00054583,3473621.45,5448619.67,10488,0.00
404,4,5.50,5.00,0.00,0.00,26808.0,110.11,0.0357,2.079,112.189,13.176,2.92,0.000,0.000,0.000,0.0000,0.000,0.0000,0.000,0.0000,0.000,0.0000,0.000,0.0000,0.000,0.0000,0.000,0.0000,0.00064117,3473622.42,5448621.41,10488,0.00
531,4,5.50,5.00,0.00,0.00,26683.0,110.04,0.0357,2.090,112.130,13.176,2.46,0.000,0.000,0.000,0.0000,0.000,0.0000,0.000,0.0000,0.000,0.0000,0.000,0.0000,0.000,0.0000,0.000,0.0000,0.00044815,3473639.20,5448744.69,10488,0.00
403,4,5.50,5.00,0.00,0.00,26674.0,109.99,0.0357,2.125,112.115,13.176,2.66,0.000,0.000,0.000,0.0000,0.000,0.0000,0.000,0.0000,0.000,0.0000,0.000,0.0000,0.000,0.0000,0.000,0.0000,0.00068449,3473639.50,5448753.68,10488,0.00
530,4,5.50,5.00,0.00,0.00,26557.0,110.03,0.0357,2.023,112.053,13.176,2.25,0.000,0.000,0.000,0.0000,0.000,0.0000,0.000,0.0000,0.000,0.0000,0.000,0.0000,0.000,0.0000,0.000,0.0000,0.00050936,3473639.60,5448870.66,10488,0.00
402,4,5.50,5.00,0.00,0.00,26522.0,110.03,0.0357,1.999,112.029,13.176,2.44,0.000,0.000,0.000,0.0000,0.000,0.0000,0.000,0.0000,0.000,0.0000,0.000,0.0000,0.000,0.0000,0.000,0.0000,0.00060432,3473638.18,5448905.63,10488,0.00
401,4,5.50,5.00,0.00,0.00,26392.0,109.89,0.0357,2.061,111.951,13.176,2.68,0.000,0.000,0.000,0.0000,0.000,0.0000,0.000,0.0000,0.000,0.0000,0.000,0.0000,0.000,0.0000,0.000,0.0000,0.00059282,3473634.67,5449035.56,10488,0.00
529,4,5.50,5.00,0.00,0.00,26391.0,109.93,0.0357,2.023,111.953,13.176,2.46,0.000,0.000,0.000,0.0000,0.000,0.0000,0.000,0.0000,0.000,0.0000,0.000,0.0000,0.000,0.0000,0.000,0.0000,0.00054532,3473634.49,5449036.54,10488,0.00
400,4,5.50,5.00,0.00,0.00,26245.0,109.76,0.0357,2.100,111.860,13.176,2.67,0.000,0.000,0.000,0.0000,0.000,0.0000,0.000,0.0000,0.000,0.0000,0.000,0.0000,0.000,0.0000,0.000,0.0000,0.00067197,3473595.67,5449177.17,10488,0.00
528,4,5.50,5.00,0.00,0.00,26225.0,109.87,0.0357,1.976,111.846,13.176,2.29,0.000,0.000,0.000,0.0000,0.000,0.0000,0.000,0.0000,0.000,0.0000,0.000,0.0000,0.000,0.0000,0.000,0.0000,0.00068300,3473591.75,5449196.78,10488,0.00
399,4,5.50,5.00,0.00,0.00,26131.0,109.89,0.0357,1.886,111.776,13.176,2.40,0.000,0.000,0.000,0.0000,0.000,0.0000,0.000,0.0000,0.000,0.0000,0.000,0.0000,0.000,0.0000,0.000,0.0000,0.00074158,3473590.20,5449290.60,10488,0.00
3398,4,5.50,5.00,0.00,0.00,26070.0,109.58,0.0357,2.116,111.696,13.176,2.91,0.000,0.000,0.000,0.0000,0.000,0.0000,0.000,0.0000,0.000,0.0000,0.000,0.0000,0.000,0.0000,0.000,0.0000,0.00124250,3473571.69,5449346.34,10488,0.00
527,4,5.50,5.00,0.00,0.00,26069.0,109.43,0.0357,2.273,111.703,13.176,2.84,0.000,0.000,0.000,0.0000,0.000,0.0000,0.000,0.0000,0.000,0.0000,0.000,0.0000,0.000,0.0000,0.000,0.0000,0.00103128,3473571.02,5449347.09,10488,0.00
526,9,5.50,5.00,0.00,0.00,26068.0,109.43,0.0357,2.268,111.698,13.176,3.35,0.000,0.000,0.000,0.0000,0.000,0.0000,0.000,0.0000,0.000,0.0000,0.000,0.0000,0.000,0.0000,0.000,0.0000,0.00103110,3473570.35,5449347.83,10488,0.00
525,9,5.50,5.00,0.00,0.00,26064.0,109.43,0.0357,2.264,111.694,13.176,3.35,0.000,0.000,0.000,0.0000,0.000,0.0000,0.000,0.0000,0.000,0.0000,0.000,0.0000,0.000,0.0000,0.000,0.0000,0.00104036,3473567.69,5449350.81,10488,0.00
524,4,5.50,5.00,0.00,0.00,26063.0,109.43,0.0357,2.266,111.696,13.176,2.84,0.000,0.000,0.000,0.0000,0.000,0.0000,0.000,0.0000,0.000,0.0000,0.000,0.0000,0.000,0.0000,0.000,0.0000,0.00104563,3473567.02,5449351.56,10488,0.00
398,4,5.50,5.00,0.00,0.00,26062.0,109.58,0.0357,2.107,111.687,13.176,2.91,0.000,0.000,0.000,0.0000,0.000,0.0000,0.000,0.0000,0.000,0.0000,0.000,0.0000,0.000,0.0000,0.000,0.0000,0.00126641,3473566.35,5449352.30,10488,0.00
3397,4,5.50,5.00,0.00,0.00,25968.0,110.08,0.0300,1.495,111.575,13.176,2.81,0.000,0.000,0.000,0.0000,0.000,0.0000,0.000,0.0000,0.000,0.0000,0.000,0.0000,0.000,0.0000,0.000,0.0000,0.00102021,3473486.39,5449400.78,10488,0.00
523,4,5.50,5.00,0.00,0.00,25966.0,109.90,0.0300,1.686,111.586,13.176,3.06,0.000,0.000,0.000,0.0000,0.000,0.0000,0.000,0.0000,0.000,0.0000,0.000,0.0000,0.000,0.0000,0.000,0.0000,0.00067883,3473484.64,5449401.75,10488,0.00
522,9,5.50,5.00,0.00,0.00,25964.0,109.90,0.0300,1.684,111.584,13.176,3.20,0.000,0.000,0.000,0.0000,0.000,0.0000,0.000,0.0000,0.000,0.0000,0.000,0.0000,0.000,0.0000,0.000,0.0000,0.00070222,3473482.90,5449402.72,10488,0.00
521,9,5.50,5.00,0.00,0.00,25955.0,109.90,0.0300,1.677,111.577,13.176,3.20,0.000,0.000,0.000,0.0000,0.000,0.0000,0.000,0.0000,0.000,0.0000,0.000,0.0000,0.000,0.0000,0.000,0.0000,0.00071157,3473475.02,5449407.08,10488,0.00
520,4,5.50,5.00,0.00,0.00,25949.0,109.90,0.0286,1.674,111.574,13.176,3.06,0.000,0.000,0.000,0.0000,0.000,0.0000,0.000,0.0000,0.000,0.0000,0.000,0.0000,0.000,0.0000,0.000,0.0000,0.00063250,3473470.19,5449410.59,10488,0.00
397,4,5.50,5.00,0.00,0.00,25933.0,110.08,0.0286,1.466,111.546,13.176,2.81,0.000,0.000,0.000,0.0000,0.000,0.0000,0.000,0.0000,0.000,0.0000,0.000,0.0000,0.000,0.0000,0.000,0.0000,0.00099518,3473457.96,5449420.88,10488,0.00
9998,4,5.50,5.00,0.00,0.00,25918.0,109.60,0.0286,1.980,111.580,13.176,2.40,0.000,0.000,0.000,0.0000,0.000,0.0000,0.000,0.0000,0.000,0.0000,0.000,0.0000,0.000,0.0000,0.000,0.0000,0.00008927,3473449.91,5449433.54,10488,0.00
9997,4,5.50,5.00,0.00,0.00,25903.0,109.60,0.0286,1.978,111.578,13.176,2.40,0.000,0.000,0.000,0.0000,0.000,0.0000,0.000,0.0000,0.000,0.0000,0.000,0.0000,0.000,0.0000,0.000,0.0000,0.00008961,3473442.52,5449446.56,10488,0.00
9996,4,5.50,5.00,0.00,0.00,25885.0,109.59,0.0286,1.987,111.577,13.176,2.40,0.000,0.000,0.000,0.0000,0.000,0.0000,0.000,0.0000,0.000,0.0000,0.000,0.0000,0.000,0.0000,0.000,0.0000,0.00008747,3473434.69,5449462.77,10488,0.00
9995,4,5.50,5.00,0.00,0.00,25883.0,109.59,0.0286,1.987,111.577,13.176,2.40,0.000,0.000,0.000,0.0000,0.000,0.0000,0.000,0.0000,0.000,0.0000,0.000,0.0000,0.000,0.0000,0.000,0.0000,0.00008752,3473433.82,5449464.57,10488,0.00
9994,4,5.50,5.00,0.00,0.00,25881.0,109.59,0.0286,1.986,111.576,13.176,2.40,0.000,0.000,0.000,0.0000,0.000,0.0000,0.000,0.0000,0.000,0.0000,0.000,0.0000,0.000,0.0000,0.000,0.0000,0.00008756,3473432.95,5449466.37,10488,0.00
9993,4,5.50,5.00,0.00,0.00,25868.0,109.59,0.0286,1.985,111.575,13.176,2.40,0.000,0.000,0.000,0.0000,0.000,0.0000,0.000,0.0000,0.000,0.0000,0.000,0.0000,0.000,0.0000,0.000,0.0000,0.00008785,3473427.29,5449478.08,10488,0.00
9992,4,5.50,5.00,0.00,0.00,25853.0,109.59,0.0286,1.984,111.574,13.176,2.40,0.000,0.000,0.000,0.0000,0.000,0.0000,0.000,0.0000,0.000,0.0000,0.000,0.0000,0.000,0.0000,0.000,0.0000,0.00008818,3473420.44,5449491.41,10488,0.00
9991,4,5.50,5.00,0.00,0.00,25835.0,109.58,0.0286,1.993,111.573,13.176,2.40,0.000,0.000,0.000,0.0000,0.000,0.0000,0.000,0.0000,0.000,0.0000,0.000,0.0000,0.000,0.0000,0.000,0.0000,0.00008608,3473411.90,5449507.26,10488,0.00
9990,4,5.50,5.00,0.00,0.00,25833.0,109.58,0.0286,1.992,111.572,13.176,2.40,0.000,0.000,0.000,0.0000,0.000,0.0000,0.000,0.0000,0.000,0.0000,0.000,0.0000,0.000,0.0000,0.000,0.0000,0.00008612,3473410.95,5449509.02,10488,0.00
9989,4,5.50,5.00,0.00,0.00,25831.0,109.58,0.0286,1.992,111.572,13.176,2.40,0.000,0.000,0.000,0.0000,0.000,0.0000,0.000,0.0000,0.000,0.0000,0.000,0.0000,0.000,0.0000,0.000,0.0000,0.00008616,3473410.00,5449510.78,10488,0.00
9988,4,5.50,5.00,0.00,0.00,25818.0,109.57,0.0286,2.001,111.571,13.176,2.40,0.000,0.000,0.000,0.0000,0.000,0.0000,0.000,0.0000,0.000,0.0000,0.000,0.0000,0.000,0.0000,0.000,0.0000,0.00008401,3473404.13,5449522.38,10488,0.00
9987,4,5.50,5.00,0.00,0.00,25803.0,109.57,0.0286,2.000,111.570,13.176,2.40,0.000,0.000,0.000,0.0000,0.000,0.0000,0.000,0.0000,0.000,0.0000,0.000,0.0000,0.000,0.0000,0.000,0.0000,0.00008433,3473397.47,5449535.82,10488,0.00
9986,4,5.50,5.00,0.00,0.00,25785.0,109.56,0.0286,2.008,111.568,13.176,2.40,0.000,0.000,0.000,0.0000,0.000,0.0000,0.000,0.0000,0.000,0.0000,0.000,0.0000,0.000,0.0000,0.000,0.0000,0.00008221,3473389.48,5449551.95,10488,0.00
9985,4,5.50,5.00,0.00,0.00,25783.0,109.56,0.0286,2.008,111.568,13.176,2.40,0.000,0.000,0.000,0.0000,0.000,0.0000,0.000,0.0000,0.000,0.0000,0.000,0.0000,0.000,0.0000,0.000,0.0000,0.00008225,3473388.59,5449553.74,10488,0.00
9984,4,5.50,5.00,0.00,0.00,25781.0,109.56,0.0286,2.008,111.568,13.176,2.40,0.000,0.000,0.000,0.0000,0.000,0.0000,0.000,0.0000,0.000,0.0000,0.000,0.0000,0.000,0.0000,0.000,0.0000,0.00008228,3473387.71,5449555.53,10488,0.00
9983,4,5.50,5.00,0.00,0.00,25768.0,109.56,0.0286,2.007,111.567,13.176,2.40,0.000,0.000,0.000,0.0000,0.000,0.0000,0.000,0.0000,0.000,0.0000,0.000,0.0000,0.000,0.0000,0.000,0.0000,0.00008255,3473381.94,5449567.18,10488,0.00
9982,4,5.50,5.00,0.00,0.00,25753.0,109.56,0.0286,2.006,111.566,13.176,2.40,0.000,0.000,0.000,0.0000,0.000,0.0000,0.000,0.0000,0.000,0.0000,0.000,0.0000,0.000,0.0000,0.000,0.0000,0.00008286,3473375.28,5449580.63,10488,0.00
9981,4,5.50,5.00,0.00,0.00,25735.0,109.55,0.0286,2.014,111.564,13.176,2.40,0.000,0.000,0.000,0.0000,0.000,0.0000,0.000,0.0000,0.000,0.0000,0.000,0.0000,0.000,0.0000,0.000,0.0000,0.00008078,3473367.29,5449596.76,10488,0.00
9980,4,5.50,5.00,0.00,0.00,25733.0,109.55,0.0286,2.014,111.564,13.176,2.40,0.000,0.000,0.000,0.0000,0.000,0.0000,0.000,0.0000,0.000,0.0000,0.000,0.0000,0.000,0.0000,0.000,0.0000,0.00008082,3473366.40,5449598.55,10488,0.00
9979,4,5.50,5.00,0.00,0.00,25731.0,109.55,0.0286,2.014,111.564,13.176,2.40,0.000,0.000,0.000,0.0000,0.000,0.0000,0.000,0.0000,0.000,0.0000,0.000,0.0000,0.000,0.0000,0.000,0.0000,0.00008086,3473365.52,5449600.34,10488,0.00
9978,4,5.50,5.00,0.00,0.00,25718.0,109.54,0.0286,2.023,111.563,13.176,2.40,0.000,0.000,0.000,0.0000,0.000,0.0000,0.000,0.0000,0.000,0.0000,0.000,0.0000,0.000,0.0000,0.000,0.0000,0.00007875,3473359.61,5449611.92,10488,0.00
9977,4,5.50,5.00,0.00,0.00,25703.0,109.54,0.0286,2.022,111.562,13.176,2.40,0.000,0.000,0.000,0.0000,0.000,0.0000,0.000,0.0000,0.000,0.0000,0.000,0.0000,0.000,0.0000,0.000,0.0000,0.00007903,3473352.75,5449625.26,10488,0.00
9976,4,5.50,5.00,0.00,0.00,25685.0,109.53,0.0286,2.031,111.561,13.176,2.40,0.000,0.000,0.000,0.0000,0.000,0.0000,0.000,0.0000,0.000,0.0000,0.000,0.0000,0.000,0.0000,0.000,0.0000,0.00007708,3473345.01,5449641.51,10488,0.00
9975,4,5.50,5.00,0.00,0.00,25683.0,109.53,0.0286,2.030,111.560,13.176,2.40,0.000,0.000,0.000,0.0000,0.000,0.0000,0.000,0.0000,0.000,0.0000,0.000,0.0000,0.000,0.0000,0.000,0.0000,0.00007711,3473344.08,5449643.28,10488,0.00
9974,4,5.50,5.00,0.00,0.00,25681.0,109.53,0.0286,2.030,111.560,13.176,2.40,0.000,0.000,0.000,0.0000,0.000,0.0000,0.000,0.0000,0.000,0.0000,0.000,0.0000,0.000,0.0000,0.000,0.0000,0.00007715,3473343.15,5449645.05,10488,0.00
3394,4,5.50,5.00,0.00,0.00,25668.0,109.88,0.0286,1.640,111.520,13.176,2.23,0.000,0.000,0.000,0.0000,0.000,0.0000,0.000,0.0000,0.000,0.0000,0.000,0.0000,0.000,0.0000,0.000,0.0000,0.00070990,3473336.99,5449656.49,10488,0.00
517,4,5.50,5.00,0.00,0.00,25667.0,109.80,0.0286,1.722,111.522,13.176,2.24,0.000,0.000,0.000,0.0000,0.000,0.0000,0.000,0.0000,0.000,0.0000,0.000,0.0000,0.000,0.0000,0.000,0.0000,0.00067188,3473336.50,5449657.37,10488,0.00
516,9,5.50,5.00,0.00,0.00,25666.0,109.80,0.0286,1.706,111.506,13.176,2.47,0.000,0.000,0.000,0.0000,0.000,0.0000,0.000,0.0000,0.000,0.0000,0.000,0.0000,0.000,0.0000,0.000,0.0000,0.00089504,3473336.02,5449658.24,10488,0.00
515,9,5.50,5.00,0.00,0.00,25662.0,109.80,0.0286,1.703,111.503,13.176,2.47,0.000,0.000,0.000,0.0000,0.000,0.0000,0.000,0.0000,0.000,0.0000,0.000,0.0000,0.000,0.0000,0.000,0.0000,0.00090175,3473334.08,5449661.74,10488,0.00
514,4,5.50,5.00,0.00,0.00,25661.0,109.80,0.0286,1.717,111.517,13.176,2.24,0.000,0.000,0.000,0.0000,0.000,0.0000,0.000,0.0000,0.000,0.0000,0.000,0.0000,0.000,0.0000,0.000,0.0000,0.00067846,3473333.60,5449662.62,10488,0.00
394,4,5.50,5.00,0.00,0.00,25660.0,109.88,0.0286,1.633,111.513,13.176,2.23,0.000,0.000,0.000,0.0000,0.000,0.0000,0.000,0.0000,0.000,0.0000,0.000,0.0000,0.000,0.0000,0.000,0.0000,0.00072063,3473333.11,5449663.49,10488,0.00
393,4,5.50,5.00,0.00,0.00,25591.0,109.41,0.0286,2.075,111.485,13.326,2.79,0.000,0.000,0.000,0.0000,0.000,0.0000,0.000,0.0000,0.000,0.0000,0.000,0.0000,0.000,0.0000,0.000,0.0000,0.00049492,3473305.11,5449726.51,10488,0.00
513,4,5.50,5.00,0.00,0.00,25561.0,109.54,0.0286,1.924,111.464,13.326,2.68,0.000,0.000,0.000,0.0000,0.000,0.0000,0.000,0.0000,0.000,0.0000,0.000,0.0000,0.000,0.0000,0.000,0.0000,0.00059198,3473293.53,5449754.17,10488,0.00
392,4,5.50,5.00,0.00,0.00,25502.0,109.17,0.0286,2.275,111.445,13.326,2.94,0.000,0.000,0.000,0.0000,0.000,0.0000,0.000,0.0000,0.000,0.0000,0.000,0.0000,0.000,0.0000,0.000,0.0000,0.00040115,3473277.69,5449811.00,10488,0.00
512,4,5.50,5.18,0.00,0.00,25474.0,108.99,0.0286,2.445,111.435,13.326,3.81,0.000,0.000,0.000,0.0000,0.000,0.0000,0.000,0.0000,0.000,0.0000,0.000,0.0000,0.000,0.0000,0.000,0.0000,0.00046335,3473270.15,5449837.97,10488,0.00
511,4,5.50,5.18,0.00,0.00,25472.0,108.99,0.0286,2.462,111.452,13.326,4.91,0.000,0.000,0.000,0.0000,0.000,0.0000,0.000,0.0000,0.000,0.0000,0.000,0.0000,0.000,0.0000,0.000,0.0000,0.00016224,3473269.60,5449839.89,10488,0.00
510,9,5.50,5.42,0.00,0.00,25471.0,108.99,0.0286,2.462,111.452,13.326,5.23,0.000,0.000,0.000,0.0000,0.000,0.0000,0.000,0.0000,0.000,0.0000,0.000,0.0000,0.000,0.0000,0.000,0.0000,0.00016447,3473269.32,5449840.85,10488,0.00
509,4,5.50,5.06,0.00,0.00,25468.0,109.36,0.0286,2.087,111.447,13.326,4.51,0.000,0.000,0.000,0.0000,0.000,0.0000,0.000,0.0000,0.000,0.0000,0.000,0.0000,0.000,0.0000,0.000,0.0000,0.00023343,3473268.50,5449843.74,10488,0.00
508,9,5.50,5.46,0.00,0.00,25467.0,108.99,0.0286,2.461,111.451,13.326,5.23,0.000,0.000,0.000,0.0000,0.000,0.0000,0.000,0.0000,0.000,0.0000,0.000,0.0000,0.000,0.0000,0.000,0.0000,0.00016538,3473268.23,5449844.70,10488,0.00
507,9,5.50,5.27,0.00,0.00,25466.0,109.36,0.0286,2.086,111.446,13.326,4.85,0.000,0.000,0.000,0.0000,0.000,0.0000,0.000,0.0000,0.000,0.0000,0.000,0.0000,0.000,0.0000,0.000,0.0000,0.00024190,3473267.95,5449845.66,10488,0.00
506,9,5.50,5.27,0.00,0.00,25453.0,109.36,0.0286,2.083,111.443,13.326,4.85,0.000,0.000,0.000,0.0000,0.000,0.0000,0.000,0.0000,0.000,0.0000,0.000,0.0000,0.000,0.0000,0.000,0.0000,0.00024298,3473263.78,5449857.97,10488,0.00
390,4,5.50,5.28,0.00,0.00,25452.0,109.14,0.0286,2.292,111.432,13.326,4.83,0.000,0.000,0.000,0.0000,0.000,0.0000,0.000,0.0000,0.000,0.0000,0.000,0.0000,0.000,0.0000,0.000,0.0000,0.00031558,3473263.44,5449858.91,10488,0.00
505,4,5.50,5.02,0.00,0.00,25446.0,109.36,0.0286,2.081,111.441,13.326,4.51,0.000,0.000,0.000,0.0000,0.000,0.0000,0.000,0.0000,0.000,0.0000,0.000,0.0000,0.000,0.0000,0.000,0.0000,0.00023703,3473261.39,5449864.55,10488,0.00
389,4,5.50,5.00,0.00,0.00,25410.0,109.16,0.0286,2.256,111.416,13.326,2.91,0.000,0.000,0.000,0.0000,0.000,0.0000,0.000,0.0000,0.000,0.0000,0.000,0.0000,0.000,0.0000,0.000,0.0000,0.00036289,3473250.35,5449898.80,10488,0.00
388,4,5.50,5.00,0.00,0.00,25309.0,109.21,0.0286,2.161,111.371,13.326,2.99,0.000,0.000,0.000,0.0000,0.000,0.0000,0.000,0.0000,0.000,0.0000,0.000,0.0000,0.000,0.0000,0.000,0.0000,0.00044999,3473221.16,5449995.49,10488,0.00
504,4,5.50,5.00,0.00,0.00,25307.0,109.33,0.0286,2.044,111.374,13.326,2.52,0.000,0.000,0.000,0.0000,0.000,0.0000,0.000,0.0000,0.000,0.0000,0.000,0.0000,0.000,0.0000,0.000,0.0000,0.00040342,3473220.57,5449997.40,10488,0.00
387,4,5.50,5.00,0.00,0.00,25233.0,109.09,0.0286,2.245,111.335,13.326,3.11,0.000,0.000,0.000,0.0000,0.000,0.0000,0.000,0.0000,0.000,0.0000,0.000,0.0000,0.000,0.0000,0.000,0.0000,0.00051231,3473205.99,5450069.41,10488,0.00
503,4,5.50,5.00,0.00,0.00,25197.0,109.25,0.0286,2.075,111.325,13.326,2.42,0.000,0.000,0.000,0.0000,0.000,0.0000,0.000,0.0000,0.000,0.0000,0.000,0.0000,0.000,0.0000,0.000,0.0000,0.00039183,3473212.93,5450104.62,10488,0.00
386,4,5.50,5.00,0.00,0.00,25119.0,109.50,0.0286,1.750,111.250,13.326,2.58,0.000,0.000,0.000,0.0000,0.000,0.0000,0.000,0.0000,0.000,0.0000,0.000,0.0000,0.000,0.0000,0.000,0.0000,0.00085849,3473238.26,5450178.38,10488,0.00
502,4,5.50,5.00,0.00,0.00,25067.0,109.12,0.0286,2.123,111.243,13.326,2.66,0.000,0.000,0.000,0.0000,0.000,0.0000,0.000,0.0000,0.000,0.0000,0.000,0.0000,0.000,0.0000,0.000,0.0000,0.00039978,3473254.79,5450227.66,10488,0.00
501,4,5.50,5.00,0.00,0.00,25012.0,109.09,0.0286,2.126,111.216,13.326,2.75,0.000,0.000,0.000,0.0000,0.000,0.0000,0.000,0.0000,0.000,0.0000,0.000,0.0000,0.000,0.0000,0.000,0.0000,0.00045346,3473261.66,5450281.93,10488,0.00
385,4,5.50,5.00,0.00,0.00,25011.0,108.90,0.0286,2.323,111.223,13.326,3.10,0.000,0.000,0.000,0.0000,0.000,0.0000,0.000,0.0000,0.000,0.0000,0.000,0.0000,0.000,0.0000,0.000,0.0000,0.00031197,3473261.70,5450282.93,10488,0.00
384,4,5.50,5.00,0.00,0.00,24910.0,108.81,0.0286,2.396,111.206,13.326,3.05,0.000,0.000,0.000,0.0000,0.000,0.0000,0.000,0.0000,0.000,0.0000,0.000,0.0000,0.000,0.0000,0.000,0.0000,0.00024360,3473261.24,5450383.74,10488,0.00
5383,5,5.50,5.00,0.00,0.00,24883.0,108.95,0.0286,2.186,111.138,19.296,2.92,0.000,0.000,0.000,0.0000,0.000,0.0000,0.000,0.0000,0.000,0.0000,0.000,0.0000,0.000,0.0000,0.000,0.0000,0.00067678,3473254.98,5450409.75,10488,0.00
383,4,5.50,5.00,0.00,0.00,24855.0,109.10,0.0286,1.876,110.976,25.266,2.92,0.000,0.000,0.000,0.0000,0.000,0.0000,0.000,0.0000,0.000,0.0000,0.000,0.0000,0.000,0.0000,0.000,0.0000,0.00175532,3473244.59,5450435.75,10488,0.00
9383,5,5.50,5.00,0.00,0.00,24835.0,109.27,0.0286,1.791,111.064,19.366,2.64,0.000,0.000,0.000,0.0000,0.000,0.0000,0.000,0.0000,0.000,0.0000,0.000,0.0000,0.000,0.0000,0.000,0.0000,0.00095687,3473236.56,5450454.06,10488,0.00
8383,5,5.50,5.00,0.00,0.00,24815.0,109.45,0.0286,1.585,111.032,19.366,2.36,0.000,0.000,0.000,0.0000,0.000,0.0000,0.000,0.0000,0.000,0.0000,0.000,0.0000,0.000,0.0000,0.000,0.0000,0.00118423,3473228.51,5450472.37,10488,0.00
7383,5,5.50,5.00,0.00,0.00,24800.0,109.58,0.0286,1.422,110.999,19.366,2.15,0.000,0.000,0.000,0.0000,0.000,0.0000,0.000,0.0000,0.000,0.0000,0.000,0.0000,0.000,0.0000,0.000,0.0000,0.00151054,3473222.41,5450486.08,10488,0.00
382,4,5.50,5.00,0.00,0.00,24787.0,109.69,0.0286,1.267,110.957,19.366,1.97,0.000,0.000,0.000,0.0000,0.000,0.0000,0.000,0.0000,0.000,0.0000,0.000,0.0000,0.000,0.0000,0.000,0.0000,0.00203148,3473217.13,5450497.96,10488,0.00
5382,2,8.50,2.00,0.00,0.00,24780.0,109.69,0.0200,1.183,110.873,19.366,99.99,0.000,0.000,0.000,0.0000,0.000,0.0000,0.000,0.0000,0.000,0.0000,0.000,0.0000,0.000,0.0000,0.000,0.0000,0.00164647,3473214.29,5450504.35,10488,0.00
