"IAB","ITYPE","WIDTH","HEIT","ZTR","ZTL","XL","ZO","RNI","DZERO","HZERO","QZERO","ZS","CKS","HR0","HR1","RNV1","HR2","RNV2","HR3","RNV3","HR4","RNV4","HR5","RNV5","HR6","RNV6","HR7","RNV7","SF","X","Y","ID","ZSHIFT"                                                                                     
600,4,0.00,5.00,0.00,0.00,29388.0,114.01,0.0339,1.985,115.995,26.720,1.69,0.000,0.000,0.000,0.0000,0.000,0.0000,0.000,0.0000,0.000,0.0000,0.000,0.0000,0.000,0.0000,0.000,0.0000,0.00497199,3473409.76,5446591.47,10488,0.00
599,4,0.00,5.00,0.00,0.00,29352.0,113.89,0.0470,2.001,115.891,26.720,2.61,0.000,0.000,0.000,0.0000,0.000,0.0000,0.000,0.0000,0.000,0.0000,0.000,0.0000,0.000,0.0000,0.000,0.0000,0.05774587,3473390.83,5446622.08,10488,0.00
598,4,0.00,5.00,0.00,0.00,29350.0,113.86,0.0467,2.002,115.862,26.720,2.64,0.000,0.000,0.000,0.0000,0.000,0.0000,0.000,0.0000,0.000,0.0000,0.000,0.0000,0.000,0.0000,0.000,0.0000,0.04116500,3473389.88,5446623.85,10488,0.00
597,9,0.00,5.00,0.00,0.00,29349.0,113.86,0.0463,1.901,115.761,26.720,2.64,0.000,0.000,0.000,0.0000,0.000,0.0000,0.000,0.0000,0.000,0.0000,0.000,0.0000,0.000,0.0000,0.000,0.0000,0.05449595,3473389.41,5446624.73,10488,0.00
596,9,0.00,5.00,0.00,0.00,29339.0,113.86,0.0336,1.881,115.741,26.720,2.57,0.000,0.000,0.000,0.0000,0.000,0.0000,0.000,0.0000,0.000,0.0000,0.000,0.0000,0.000,0.0000,0.000,0.0000,0.00840863,3473384.68,5446633.54,10488,0.00
595,4,0.00,5.00,0.00,0.00,29338.0,113.86,0.0428,1.920,115.780,26.720,2.39,0.000,0.000,0.000,0.0000,0.000,0.0000,0.000,0.0000,0.000,0.0000,0.000,0.0000,0.000,0.0000,0.000,0.0000,0.02319196,3473384.21,5446634.42,10488,0.00
480,4,0.00,5.00,0.00,0.00,29328.0,113.87,0.0302,1.774,115.644,26.720,1.76,0.000,0.000,0.000,0.0000,0.000,0.0000,0.000,0.0000,0.000,0.0000,0.000,0.0000,0.000,0.0000,0.000,0.0000,0.00794527,3473379.12,5446643.00,10488,0.00
594,4,0.00,5.00,0.00,0.00,29320.0,113.77,0.0283,1.833,115.603,26.720,1.80,0.000,0.000,0.000,0.0000,0.000,0.0000,0.000,0.0000,0.000,0.0000,0.000,0.0000,0.000,0.0000,0.000,0.0000,0.00505032,3473374.29,5446649.38,10488,0.00
9480,5,0.00,5.00,0.00,0.00,29315.0,113.73,0.0300,1.848,115.577,26.720,1.84,0.000,0.000,0.000,0.0000,0.000,0.0000,0.000,0.0000,0.000,0.0000,0.000,0.0000,0.000,0.0000,0.000,0.0000,0.00593920,3473371.28,5446653.37,10488,0.00
593,4,0.00,5.00,0.00,0.00,29304.0,113.64,0.0311,1.883,115.523,26.720,1.95,0.000,0.000,0.000,0.0000,0.000,0.0000,0.000,0.0000,0.000,0.0000,0.000,0.0000,0.000,0.0000,0.000,0.0000,0.00634674,3473364.64,5446662.14,10488,0.00
479,4,0.00,5.00,0.00,0.00,29300.0,113.63,0.0150,1.901,115.531,26.720,1.94,0.000,0.000,0.000,0.0000,0.000,0.0000,0.000,0.0000,0.000,0.0000,0.000,0.0000,0.000,0.0000,0.000,0.0000,0.01899843,3473362.23,5446665.33,10488,0.00
592,4,0.00,5.00,0.00,0.00,29295.0,113.59,0.0163,1.989,115.579,26.720,1.87,0.000,0.000,0.000,0.0000,0.000,0.0000,0.000,0.0000,0.000,0.0000,0.000,0.0000,0.000,0.0000,0.000,0.0000,0.12298831,3473359.21,5446669.32,10488,0.00
5591,5,0.00,5.00,0.00,0.00,29294.0,113.77,0.0125,1.771,115.541,26.720,1.43,0.000,0.000,0.000,0.0000,0.000,0.0000,0.000,0.0000,0.000,0.0000,0.000,0.0000,0.000,0.0000,0.000,0.0000,0.13313957,3473358.61,5446670.12,10488,0.00
591,8,0.00,5.00,0.00,0.00,29293.0,113.95,0.0166,1.383,115.333,26.726,1.43,0.000,0.000,0.000,0.0000,0.000,0.0000,0.000,0.0000,0.000,0.0000,0.000,0.0000,0.000,0.0000,0.000,0.0000,0.18071093,3473358.00,5446670.91,10488,0.00
590,4,0.00,5.00,0.00,0.00,29290.0,113.49,0.0151,1.620,115.110,26.726,1.98,0.000,0.000,0.000,0.0000,0.000,0.0000,0.000,0.0000,0.000,0.0000,0.000,0.0000,0.000,0.0000,0.000,0.0000,0.02839915,3473356.19,5446673.30,10488,0.00
478,5,0.00,5.00,0.00,0.00,29288.0,113.44,0.0430,1.685,115.124,26.649,1.55,0.000,0.000,0.000,0.0000,0.000,0.0000,0.000,0.0000,0.000,0.0000,0.000,0.0000,0.000,0.0000,0.000,0.0000,0.01083758,3473354.99,5446674.90,10488,0.00
589,4,0.00,5.00,0.00,0.00,29277.0,113.16,0.0514,1.888,115.048,26.649,2.12,0.000,0.000,0.000,0.0000,0.000,0.0000,0.000,0.0000,0.000,0.0000,0.000,0.0000,0.000,0.0000,0.000,0.0000,0.01354735,3473348.35,5446683.67,10488,0.00
477,5,0.00,5.00,0.00,0.00,29276.0,113.11,0.0508,1.900,115.014,26.649,2.16,0.000,0.000,0.000,0.0000,0.000,0.0000,0.000,0.0000,0.000,0.0000,0.000,0.0000,0.000,0.0000,0.000,0.0000,0.01156846,3473347.75,5446684.47,10488,0.00
588,4,0.00,5.00,0.00,0.00,29259.0,112.34,0.0322,2.670,115.010,26.649,2.77,0.000,0.000,0.000,0.0000,0.000,0.0000,0.000,0.0000,0.000,0.0000,0.000,0.0000,0.000,0.0000,0.000,0.0000,0.00063160,3473337.49,5446698.03,10488,0.00
476,4,0.00,5.00,0.00,0.00,29257.0,112.67,0.0320,2.339,115.009,26.649,2.68,0.000,0.000,0.000,0.0000,0.000,0.0000,0.000,0.0000,0.000,0.0000,0.000,0.0000,0.000,0.0000,0.000,0.0000,0.00065133,3473336.29,5446699.62,10488,0.00
475,4,0.00,5.00,0.00,0.00,29225.0,112.42,0.0362,2.588,115.008,26.649,2.34,0.000,0.000,0.000,0.0000,0.000,0.0000,0.000,0.0000,0.000,0.0000,0.000,0.0000,0.000,0.0000,0.000,0.0000,0.00120690,3473314.88,5446723.00,10488,0.00
587,4,0.00,5.00,0.00,0.00,29210.0,112.05,0.0422,2.939,114.989,26.649,2.59,0.000,0.000,0.000,0.0000,0.000,0.0000,0.000,0.0000,0.000,0.0000,0.000,0.0000,0.000,0.0000,0.000,0.0000,0.00187109,3473302.83,5446731.93,10488,0.00
474,4,0.00,5.00,0.00,0.00,29195.0,111.74,0.0422,3.214,114.954,26.649,3.04,0.000,0.000,0.000,0.0000,0.000,0.0000,0.000,0.0000,0.000,0.0000,0.000,0.0000,0.000,0.0000,0.000,0.0000,0.00212849,3473290.78,5446740.86,10488,0.00
473,5,0.00,5.00,0.00,0.00,29162.0,111.93,0.0401,2.958,114.888,26.649,2.47,0.000,0.000,0.000,0.0000,0.000,0.0000,0.000,0.0000,0.000,0.0000,0.000,0.0000,0.000,0.0000,0.000,0.0000,0.00169387,3473264.26,5446760.50,10488,0.00
586,4,0.00,5.00,0.00,0.00,29148.0,112.01,0.0366,2.849,114.859,26.649,2.72,0.000,0.000,0.000,0.0000,0.000,0.0000,0.000,0.0000,0.000,0.0000,0.000,0.0000,0.000,0.0000,0.000,0.0000,0.00129648,3473253.08,5446768.92,10488,0.00
472,5,0.00,5.00,0.00,0.00,29128.0,111.88,0.0360,2.957,114.838,26.649,2.28,0.000,0.000,0.000,0.0000,0.000,0.0000,0.000,0.0000,0.000,0.0000,0.000,0.0000,0.000,0.0000,0.000,0.0000,0.00088507,3473237.40,5446781.35,10488,0.00
471,5,0.00,5.00,0.00,0.00,29100.0,111.70,0.0415,3.114,114.815,26.649,2.17,0.000,0.000,0.000,0.0000,0.000,0.0000,0.000,0.0000,0.000,0.0000,0.000,0.0000,0.000,0.0000,0.000,0.0000,0.00099646,3473215.46,5446798.74,10488,0.00
585,4,0.00,5.00,0.00,0.00,29092.0,111.65,0.0422,3.159,114.809,26.649,2.58,0.000,0.000,0.000,0.0000,0.000,0.0000,0.000,0.0000,0.000,0.0000,0.000,0.0000,0.000,0.0000,0.000,0.0000,0.00098413,3473209.19,5446803.71,10488,0.00
470,5,0.00,5.00,0.00,0.00,29072.0,111.65,0.0432,3.136,114.782,26.649,2.28,0.000,0.000,0.000,0.0000,0.000,0.0000,0.000,0.0000,0.000,0.0000,0.000,0.0000,0.000,0.0000,0.000,0.0000,0.00119681,3473192.89,5446815.17,10488,0.00
469,5,0.00,5.00,0.00,0.00,29058.0,111.64,0.0514,3.128,114.771,26.649,2.46,0.000,0.000,0.000,0.0000,0.000,0.0000,0.000,0.0000,0.000,0.0000,0.000,0.0000,0.000,0.0000,0.000,0.0000,0.00340712,3473180.50,5446821.68,10488,0.00
584,4,0.00,5.00,0.00,0.00,29045.0,111.64,0.0519,3.112,114.752,26.649,3.28,0.000,0.000,0.000,0.0000,0.000,0.0000,0.000,0.0000,0.000,0.0000,0.000,0.0000,0.000,0.0000,0.000,0.0000,0.00381494,3473168.54,5446826.73,10488,0.00
468,4,0.00,5.00,0.00,0.00,29044.0,111.69,0.0497,3.054,114.744,26.649,2.94,0.000,0.000,0.000,0.0000,0.000,0.0000,0.000,0.0000,0.000,0.0000,0.000,0.0000,0.000,0.0000,0.000,0.0000,0.00399993,3473167.60,5446827.07,10488,0.00
583,9,0.00,5.00,0.00,0.00,29043.0,111.64,0.0372,3.102,114.742,26.649,3.88,0.000,0.000,0.000,0.0000,0.000,0.0000,0.000,0.0000,0.000,0.0000,0.000,0.0000,0.000,0.0000,0.000,0.0000,0.00200326,3473166.67,5446827.42,10488,0.00
582,9,0.00,5.00,0.00,0.00,29042.0,111.64,0.0520,3.102,114.742,26.649,3.88,0.000,0.000,0.000,0.0000,0.000,0.0000,0.000,0.0000,0.000,0.0000,0.000,0.0000,0.000,0.0000,0.000,0.0000,0.01149946,3473165.73,5446827.77,10488,0.00
581,4,0.00,5.00,0.00,0.00,29041.0,111.64,0.0590,3.105,114.745,26.649,3.28,0.000,0.000,0.000,0.0000,0.000,0.0000,0.000,0.0000,0.000,0.0000,0.000,0.0000,0.000,0.0000,0.000,0.0000,0.01178936,3473164.79,5446828.11,10488,0.00
467,4,0.00,5.00,0.00,0.00,29040.0,111.69,0.0496,3.032,114.722,26.649,4.01,0.000,0.000,0.000,0.0000,0.000,0.0000,0.000,0.0000,0.000,0.0000,0.000,0.0000,0.000,0.0000,0.000,0.0000,0.00822342,3473163.85,5446828.46,10488,0.00
466,5,0.00,5.00,0.00,0.00,29027.0,111.70,0.0364,3.011,114.714,26.649,2.45,0.000,0.000,0.000,0.0000,0.000,0.0000,0.000,0.0000,0.000,0.0000,0.000,0.0000,0.000,0.0000,0.000,0.0000,0.00117397,3473151.66,5446832.96,10488,0.00
580,4,0.00,5.00,0.00,0.00,29011.0,111.72,0.0408,2.977,114.697,26.649,2.84,0.000,0.000,0.000,0.0000,0.000,0.0000,0.000,0.0000,0.000,0.0000,0.000,0.0000,0.000,0.0000,0.000,0.0000,0.00129842,3473135.74,5446833.68,10488,0.00
465,5,0.00,5.00,0.00,0.00,29003.0,111.68,0.0419,3.007,114.682,26.649,2.27,0.000,0.000,0.000,0.0000,0.000,0.0000,0.000,0.0000,0.000,0.0000,0.000,0.0000,0.000,0.0000,0.000,0.0000,0.00143469,3473127.79,5446832.85,10488,0.00
464,4,0.00,5.00,0.00,0.00,28986.0,111.58,0.0419,3.086,114.666,26.649,2.92,0.000,0.000,0.000,0.0000,0.000,0.0000,0.000,0.0000,0.000,0.0000,0.000,0.0000,0.000,0.0000,0.000,0.0000,0.00127223,3473112.13,5446826.24,10488,0.00
579,4,0.00,5.00,0.00,0.00,28980.0,111.36,0.0420,3.297,114.657,26.649,3.03,0.000,0.000,0.000,0.0000,0.000,0.0000,0.000,0.0000,0.000,0.0000,0.000,0.0000,0.000,0.0000,0.000,0.0000,0.00143177,3473106.17,5446825.78,10488,0.00
463,5,0.00,5.00,0.00,0.00,28971.0,111.48,0.0405,3.175,114.651,26.649,2.13,0.000,0.000,0.000,0.0000,0.000,0.0000,0.000,0.0000,0.000,0.0000,0.000,0.0000,0.000,0.0000,0.000,0.0000,0.00110292,3473097.18,5446825.69,10488,0.00
910,5,0.00,5.00,0.00,0.00,28968.0,111.51,0.0475,3.137,114.651,26.649,2.24,0.000,0.000,0.000,0.0000,0.000,0.0000,0.000,0.0000,0.000,0.0000,0.000,0.0000,0.000,0.0000,0.000,0.0000,0.00264384,3473094.23,5446826.04,10488,0.00
909,5,0.00,5.00,0.00,0.00,28964.0,111.57,0.0396,3.081,114.647,26.649,2.49,0.000,0.000,0.000,0.0000,0.000,0.0000,0.000,0.0000,0.000,0.0000,0.000,0.0000,0.000,0.0000,0.000,0.0000,0.00089345,3473090.58,5446827.66,10488,0.00
908,5,0.00,5.00,0.00,0.00,28961.0,111.60,0.0443,3.044,114.648,26.649,2.32,0.000,0.000,0.000,0.0000,0.000,0.0000,0.000,0.0000,0.000,0.0000,0.000,0.0000,0.000,0.0000,0.000,0.0000,0.00155132,3473087.84,5446828.88,10488,0.00
907,5,0.00,5.00,0.00,0.00,28956.0,111.67,0.0440,2.975,114.643,26.649,2.30,0.000,0.000,0.000,0.0000,0.000,0.0000,0.000,0.0000,0.000,0.0000,0.000,0.0000,0.000,0.0000,0.000,0.0000,0.00136067,3473083.27,5446830.91,10488,0.00
3423,4,0.00,5.00,0.00,0.00,28952.0,111.72,0.0614,2.921,114.641,26.649,2.63,0.000,0.000,0.000,0.0000,0.000,0.0000,0.000,0.0000,0.000,0.0000,0.000,0.0000,0.000,0.0000,0.000,0.0000,0.03693760,3473079.73,5446832.76,10488,0.00
578,4,0.00,5.00,0.00,0.00,28950.0,111.78,0.0259,2.856,114.636,26.649,3.21,0.000,0.000,0.000,0.0000,0.000,0.0000,0.000,0.0000,0.000,0.0000,0.000,0.0000,0.000,0.0000,0.000,0.0000,0.03795103,3473078.00,5446833.77,10488,0.00
577,9,0.00,5.00,0.00,0.00,28949.0,111.78,0.0518,2.748,114.528,26.649,3.28,0.000,0.000,0.000,0.0000,0.000,0.0000,0.000,0.0000,0.000,0.0000,0.000,0.0000,0.000,0.0000,0.000,0.0000,0.05567507,3473077.14,5446834.28,10488,0.00
576,9,0.00,5.00,0.00,0.00,28936.0,111.78,0.0156,2.750,114.530,26.649,3.28,0.000,0.000,0.000,0.0000,0.000,0.0000,0.000,0.0000,0.000,0.0000,0.000,0.0000,0.000,0.0000,0.000,0.0000,0.00149987,3473065.95,5446840.89,10488,0.00
423,4,0.00,5.00,0.00,0.00,28934.0,111.72,0.0496,2.862,114.582,26.649,2.63,0.000,0.000,0.000,0.0000,0.000,0.0000,0.000,0.0000,0.000,0.0000,0.000,0.0000,0.000,0.0000,0.000,0.0000,0.00300351,3473064.22,5446841.91,10488,0.00
905,5,0.00,5.00,0.00,0.00,28933.0,111.75,0.0492,2.829,114.579,26.650,2.92,0.000,0.000,0.000,0.0000,0.000,0.0000,0.000,0.0000,0.000,0.0000,0.000,0.0000,0.000,0.0000,0.000,0.0000,0.00300351,3473063.36,5446842.42,10488,0.00
575,4,0.00,5.00,0.00,0.00,28932.0,111.78,0.0424,2.797,114.577,26.650,3.21,0.000,0.000,0.000,0.0000,0.000,0.0000,0.000,0.0000,0.000,0.0000,0.000,0.0000,0.000,0.0000,0.000,0.0000,0.00124315,3473062.50,5446842.93,10488,0.00
904,5,0.00,5.00,0.00,0.00,28930.0,111.75,0.0409,2.824,114.576,26.650,3.15,0.000,0.000,0.000,0.0000,0.000,0.0000,0.000,0.0000,0.000,0.0000,0.000,0.0000,0.000,0.0000,0.000,0.0000,0.00109616,3473060.78,5446843.94,10488,0.00
903,5,0.00,5.00,0.00,0.00,28925.0,111.68,0.0467,2.886,114.569,26.650,2.89,0.000,0.000,0.000,0.0000,0.000,0.0000,0.000,0.0000,0.000,0.0000,0.000,0.0000,0.000,0.0000,0.000,0.0000,0.00291452,3473056.48,5446846.49,10488,0.00
902,5,0.00,5.00,0.00,0.00,28920.0,111.61,0.0443,2.948,114.562,26.650,2.80,0.000,0.000,0.000,0.0000,0.000,0.0000,0.000,0.0000,0.000,0.0000,0.000,0.0000,0.000,0.0000,0.000,0.0000,0.00263341,3473052.04,5446848.73,10488,0.00
574,4,0.00,5.00,0.00,0.00,28919.0,111.60,0.0432,2.956,114.556,26.650,3.37,0.000,0.000,0.000,0.0000,0.000,0.0000,0.000,0.0000,0.000,0.0000,0.000,0.0000,0.000,0.0000,0.000,0.0000,0.00242446,3473051.08,5446849.01,10488,0.00
901,5,0.00,5.00,0.00,0.00,28916.0,111.59,0.0328,2.964,114.554,26.650,2.69,0.000,0.000,0.000,0.0000,0.000,0.0000,0.000,0.0000,0.000,0.0000,0.000,0.0000,0.000,0.0000,0.000,0.0000,0.00066198,3473048.21,5446849.87,10488,0.00
9423,5,0.00,5.00,0.00,0.00,28885.0,111.49,0.0358,3.040,114.529,26.650,2.63,0.000,0.000,0.000,0.0000,0.000,0.0000,0.000,0.0000,0.000,0.0000,0.000,0.0000,0.000,0.0000,0.000,0.0000,0.00069127,3473019.57,5446861.69,10488,0.00
573,4,0.00,5.00,0.00,0.00,28864.0,111.42,0.0349,3.097,114.517,26.650,3.57,0.000,0.000,0.000,0.0000,0.000,0.0000,0.000,0.0000,0.000,0.0000,0.000,0.0000,0.000,0.0000,0.000,0.0000,0.00050147,3473001.40,5446872.15,10488,0.00
8423,5,0.00,5.00,0.00,0.00,28845.0,111.39,0.0360,3.118,114.504,26.650,2.63,0.000,0.000,0.000,0.0000,0.000,0.0000,0.000,0.0000,0.000,0.0000,0.000,0.0000,0.000,0.0000,0.000,0.0000,0.00057465,3472984.78,5446881.36,10488,0.00
572,4,0.00,5.00,0.00,0.00,28814.0,111.33,0.0374,3.166,114.496,26.650,3.64,0.000,0.000,0.000,0.0000,0.000,0.0000,0.000,0.0000,0.000,0.0000,0.000,0.0000,0.000,0.0000,0.000,0.0000,0.00064681,3472959.60,5446899.17,10488,0.00
422,4,0.00,5.00,0.00,0.00,28796.0,111.26,0.0366,3.222,114.482,26.650,3.70,0.000,0.000,0.000,0.0000,0.000,0.0000,0.000,0.0000,0.000,0.0000,0.000,0.0000,0.000,0.0000,0.000,0.0000,0.00111067,3472948.79,5446913.41,10488,0.00
9422,5,0.00,5.00,0.00,0.00,28740.0,111.25,0.0353,3.179,114.431,26.670,2.62,0.000,0.000,0.000,0.0000,0.000,0.0000,0.000,0.0000,0.000,0.0000,0.000,0.0000,0.000,0.0000,0.000,0.0000,0.00127697,3472929.35,5446965.86,10488,0.00
8422,5,0.00,5.00,0.00,0.00,28738.0,111.25,0.0125,3.184,114.436,26.670,2.56,0.700,0.000,0.000,0.0000,0.000,0.0000,0.000,0.0000,0.000,0.0000,0.000,0.0000,0.000,0.0000,0.000,0.0000,0.00000001,3472928.78,5446967.78,10488,0.00
7422,5,0.00,5.00,0.00,0.00,28730.0,111.25,0.0125,3.200,114.451,22.569,2.56,0.700,0.000,0.000,0.0000,0.000,0.0000,0.000,0.0000,0.000,0.0000,0.000,0.0000,0.000,0.0000,0.000,0.0000,0.00000001,3472926.51,5446975.45,10488,0.00
571,4,0.00,5.00,0.00,0.00,28726.0,111.25,0.0125,3.219,114.469,19.391,2.56,0.700,0.000,0.000,0.0000,0.000,0.0000,0.000,0.0000,0.000,0.0000,0.000,0.0000,0.000,0.0000,0.000,0.0000,0.00000001,3472925.51,5446979.32,10488,0.00
6422,5,0.00,5.00,0.00,0.00,28720.0,111.15,0.0589,3.335,114.485,13.628,2.66,0.700,0.000,0.000,0.0000,0.000,0.0000,0.000,0.0000,0.000,0.0000,0.000,0.0000,0.000,0.0000,0.000,0.0000,0.00384551,3472924.26,5446985.18,10488,0.00
5422,5,0.00,5.00,0.00,0.00,28719.0,111.13,0.0734,3.363,114.496,12.578,2.69,0.000,0.000,0.000,0.0000,0.000,0.0000,0.000,0.0000,0.000,0.0000,0.000,0.0000,0.000,0.0000,0.000,0.0000,0.00769101,3472924.05,5446986.16,10488,0.00
4422,5,0.00,5.00,0.00,0.00,28718.0,111.12,0.0736,3.375,114.492,12.578,2.69,0.000,0.000,0.000,0.0000,0.000,0.0000,0.000,0.0000,0.000,0.0000,0.000,0.0000,0.000,0.0000,0.000,0.0000,0.00578204,3472923.84,5446987.14,10488,0.00
570,4,0.00,5.00,0.00,0.00,28717.0,111.10,0.0740,3.391,114.491,12.578,3.61,0.000,0.000,0.000,0.0000,0.000,0.0000,0.000,0.0000,0.000,0.0000,0.000,0.0000,0.000,0.0000,0.000,0.0000,0.00699858,3472923.63,5446988.12,10488,0.00
3421,4,0.00,5.00,0.00,0.00,28716.0,111.11,0.0723,3.369,114.479,12.578,3.70,0.000,0.000,0.000,0.0000,0.000,0.0000,0.000,0.0000,0.000,0.0000,0.000,0.0000,0.000,0.0000,0.000,0.0000,0.00999422,3472923.34,5446989.06,10488,0.00
2421,4,0.00,5.49,0.00,0.00,28715.0,111.11,0.0853,3.361,114.471,12.577,5.46,0.000,0.000,0.000,0.0000,0.000,0.0000,0.000,0.0000,0.000,0.0000,0.000,0.0000,0.000,0.0000,0.000,0.0000,0.36763170,3472922.84,5446989.93,10488,0.00
1421,2,5.00,3.00,0.00,0.00,28714.0,111.11,0.0811,3.361,114.471,12.577,5.46,0.000,0.000,0.000,0.0000,0.000,0.0000,0.000,0.0000,0.000,0.0000,0.000,0.0000,0.000,0.0000,0.000,0.0000,1.09490037,3472922.34,5446990.80,10488,0.00
421,2,5.00,3.00,0.00,0.00,28713.0,111.11,0.0788,2.641,113.751,12.577,3.70,0.000,0.000,0.000,0.0000,0.000,0.0000,0.000,0.0000,0.000,0.0000,0.000,0.0000,0.000,0.0000,0.000,0.0000,0.35554186,3472921.84,5446991.66,10488,0.00
566,4,5.50,5.00,0.00,0.00,28712.0,110.96,0.0744,2.445,113.405,12.577,3.88,0.000,0.000,0.000,0.0000,0.000,0.0000,0.000,0.0000,0.000,0.0000,0.000,0.0000,0.000,0.0000,0.000,0.0000,0.11688343,3472921.34,5446992.53,10488,0.00
9421,5,5.50,5.00,0.00,0.00,28707.0,111.09,0.0528,2.307,113.401,12.578,3.24,0.000,0.000,0.000,0.0000,0.000,0.0000,0.000,0.0000,0.000,0.0000,0.000,0.0000,0.000,0.0000,0.000,0.0000,0.00291432,3472918.84,5446996.86,10488,0.00
8421,5,5.50,5.00,0.00,0.00,28701.0,111.26,0.0521,2.120,113.376,12.578,2.79,0.000,0.000,0.000,0.0000,0.000,0.0000,0.000,0.0000,0.000,0.0000,0.000,0.0000,0.000,0.0000,0.000,0.0000,0.00401185,3472915.84,5447002.06,10488,0.00
565,4,5.50,5.00,0.00,0.00,28696.0,111.39,0.0570,1.978,113.368,12.578,2.44,0.000,0.000,0.000,0.0000,0.000,0.0000,0.000,0.0000,0.000,0.0000,0.000,0.0000,0.000,0.0000,0.000,0.0000,0.00956109,3472912.93,5447006.10,10488,0.00
564,4,5.50,5.00,0.00,0.00,28694.0,111.45,0.0653,1.920,113.370,12.578,2.61,0.000,0.000,0.000,0.0000,0.000,0.0000,0.000,0.0000,0.000,0.0000,0.000,0.0000,0.000,0.0000,0.000,0.0000,0.02706232,3472911.69,5447007.68,10488,0.00
563,9,5.50,5.00,0.00,0.00,28693.0,111.45,0.0512,1.893,113.343,12.578,2.67,0.000,0.000,0.000,0.0000,0.000,0.0000,0.000,0.0000,0.000,0.0000,0.000,0.0000,0.000,0.0000,0.000,0.0000,0.01353116,3472911.07,5447008.46,10488,0.00
562,9,5.50,5.00,0.00,0.00,28682.0,111.45,0.0209,1.899,113.349,12.578,2.67,0.000,0.000,0.000,0.0000,0.000,0.0000,0.000,0.0000,0.000,0.0000,0.000,0.0000,0.000,0.0000,0.000,0.0000,0.00049933,3472904.28,5447017.12,10488,0.00
420,4,5.50,5.00,0.00,0.00,28680.0,111.43,0.0367,1.930,113.360,12.578,2.41,0.000,0.000,0.000,0.0000,0.000,0.0000,0.000,0.0000,0.000,0.0000,0.000,0.0000,0.000,0.0000,0.000,0.0000,0.00099865,3472903.05,5447018.69,10488,0.00
561,4,5.50,5.00,0.00,0.00,28678.0,111.45,0.0274,1.911,113.361,12.718,2.61,0.000,0.000,0.000,0.0000,0.000,0.0000,0.000,0.0000,0.000,0.0000,0.000,0.0000,0.000,0.0000,0.000,0.0000,0.00037490,3472901.81,5447020.26,10488,0.00
419,4,5.50,5.00,0.00,0.00,28662.0,111.04,0.0432,2.326,113.366,12.718,3.05,0.000,0.000,0.000,0.0000,0.000,0.0000,0.000,0.0000,0.000,0.0000,0.000,0.0000,0.000,0.0000,0.000,0.0000,0.00094319,3472893.64,5447033.97,10488,0.00
560,4,5.50,5.00,0.00,0.00,28638.0,110.95,0.0395,2.398,113.348,12.718,3.12,0.000,0.000,0.000,0.0000,0.000,0.0000,0.000,0.0000,0.000,0.0000,0.000,0.0000,0.000,0.0000,0.000,0.0000,0.00081470,3472886.66,5447056.79,10488,0.00
559,4,5.50,5.00,0.00,0.00,28616.0,110.96,0.0364,2.363,113.323,12.717,3.09,0.000,0.000,0.000,0.0000,0.000,0.0000,0.000,0.0000,0.000,0.0000,0.000,0.0000,0.000,0.0000,0.000,0.0000,0.00076989,3472887.35,5447078.69,10488,0.00
558,4,5.50,5.00,0.00,0.00,28564.0,111.07,0.0388,2.224,113.294,12.717,3.00,0.000,0.000,0.000,0.0000,0.000,0.0000,0.000,0.0000,0.000,0.0000,0.000,0.0000,0.000,0.0000,0.000,0.0000,0.00072423,3472903.86,5447128.00,10488,0.00
557,4,5.50,5.00,0.00,0.00,28525.0,111.09,0.0377,2.180,113.270,12.717,2.85,0.000,0.000,0.000,0.0000,0.000,0.0000,0.000,0.0000,0.000,0.0000,0.000,0.0000,0.000,0.0000,0.000,0.0000,0.00073371,3472917.25,5447164.62,10488,0.00
418,4,5.50,5.00,0.00,0.00,28516.0,111.12,0.0391,2.141,113.261,12.717,2.97,0.000,0.000,0.000,0.0000,0.000,0.0000,0.000,0.0000,0.000,0.0000,0.000,0.0000,0.000,0.0000,0.000,0.0000,0.00075783,3472920.16,5447173.14,10488,0.00
556,4,5.50,5.00,0.00,0.00,28487.0,111.17,0.0388,2.074,113.244,12.987,2.70,0.000,0.000,0.000,0.0000,0.000,0.0000,0.000,0.0000,0.000,0.0000,0.000,0.0000,0.000,0.0000,0.000,0.0000,0.00065938,3472929.53,5447200.59,10488,0.00
555,4,5.50,5.00,0.00,0.00,28455.0,111.00,0.0378,2.222,113.222,12.987,2.86,0.000,0.000,0.000,0.0000,0.000,0.0000,0.000,0.0000,0.000,0.0000,0.000,0.0000,0.000,0.0000,0.000,0.0000,0.00069600,3472940.57,5447230.61,10488,0.00
554,4,5.50,5.00,0.00,0.00,28384.0,111.13,0.0563,2.060,113.190,12.987,3.02,0.000,0.000,0.000,0.0000,0.000,0.0000,0.000,0.0000,0.000,0.0000,0.000,0.0000,0.000,0.0000,0.000,0.0000,0.00702815,3472971.11,5447294.48,10488,0.00
553,4,5.50,5.00,0.00,0.00,28382.0,111.09,0.0581,2.087,113.177,12.987,3.05,0.000,0.000,0.000,0.0000,0.000,0.0000,0.000,0.0000,0.000,0.0000,0.000,0.0000,0.000,0.0000,0.000,0.0000,0.00717589,3472972.11,5447296.22,10488,0.00
552,9,5.50,5.00,0.00,0.00,28381.0,111.09,0.0559,2.073,113.163,12.987,3.08,0.000,0.000,0.000,0.0000,0.000,0.0000,0.000,0.0000,0.000,0.0000,0.000,0.0000,0.000,0.0000,0.000,0.0000,0.00742731,3472972.61,5447297.08,10488,0.00
551,9,5.50,5.00,0.00,0.00,28372.0,111.09,0.0354,2.073,113.163,12.987,3.08,0.000,0.000,0.000,0.0000,0.000,0.0000,0.000,0.0000,0.000,0.0000,0.000,0.0000,0.000,0.0000,0.000,0.0000,0.00067702,3472977.11,5447304.88,10488,0.00
417,4,5.50,5.00,0.00,0.00,28371.0,111.13,0.0459,2.040,113.170,12.987,2.97,0.000,0.000,0.000,0.0000,0.000,0.0000,0.000,0.0000,0.000,0.0000,0.000,0.0000,0.000,0.0000,0.000,0.0000,0.00141538,3472977.61,5447305.75,10488,0.00
550,4,5.50,5.00,0.00,0.00,28370.0,111.09,0.0457,2.078,113.168,12.987,3.05,0.000,0.000,0.000,0.0000,0.000,0.0000,0.000,0.0000,0.000,0.0000,0.000,0.0000,0.000,0.0000,0.000,0.0000,0.00147687,3472978.11,5447306.61,10488,0.00
549,4,5.50,5.00,0.00,0.00,28321.0,111.02,0.0415,2.107,113.127,12.987,3.12,0.000,0.000,0.000,0.0000,0.000,0.0000,0.000,0.0000,0.000,0.0000,0.000,0.0000,0.000,0.0000,0.000,0.0000,0.00127734,3472993.60,5447352.98,10488,0.00
416,4,5.50,5.00,0.00,0.00,28306.0,111.11,0.0384,1.993,113.103,12.987,3.01,0.000,0.000,0.000,0.0000,0.000,0.0000,0.000,0.0000,0.000,0.0000,0.000,0.0000,0.000,0.0000,0.000,0.0000,0.00135259,3472997.40,5447367.48,10488,0.00
548,4,5.50,5.00,0.00,0.00,28263.0,111.10,0.0353,1.943,113.043,13.017,3.07,0.000,0.000,0.000,0.0000,0.000,0.0000,0.000,0.0000,0.000,0.0000,0.000,0.0000,0.000,0.0000,0.000,0.0000,0.00109122,3473008.32,5447409.08,10488,0.00
547,4,5.50,5.00,0.00,0.00,28199.0,110.92,0.0388,2.055,112.975,13.017,3.22,0.000,0.000,0.000,0.0000,0.000,0.0000,0.000,0.0000,0.000,0.0000,0.000,0.0000,0.000,0.0000,0.000,0.0000,0.00132964,3473028.74,5447469.69,10488,0.00
415,4,5.50,5.00,0.00,0.00,28161.0,110.87,0.0391,2.074,112.944,13.017,3.25,0.000,0.000,0.000,0.0000,0.000,0.0000,0.000,0.0000,0.000,0.0000,0.000,0.0000,0.000,0.0000,0.000,0.0000,0.00128533,3473042.80,5447504.98,10488,0.00
546,4,5.50,5.00,0.00,0.00,28152.0,110.88,0.0387,2.045,112.925,13.177,3.20,0.000,0.000,0.000,0.0000,0.000,0.0000,0.000,0.0000,0.000,0.0000,0.000,0.0000,0.000,0.0000,0.000,0.0000,0.00141469,3473046.61,5447513.13,10488,0.00
545,4,5.50,5.00,0.00,0.00,28081.0,110.76,0.0455,2.099,112.859,13.177,3.23,0.000,0.000,0.000,0.0000,0.000,0.0000,0.000,0.0000,0.000,0.0000,0.000,0.0000,0.000,0.0000,0.000,0.0000,0.00270732,3473069.77,5447579.91,10488,0.00
3414,4,5.50,5.00,0.00,0.00,28027.0,111.08,0.0453,1.714,112.794,13.177,3.76,0.000,0.000,0.000,0.0000,0.000,0.0000,0.000,0.0000,0.000,0.0000,0.000,0.0000,0.000,0.0000,0.000,0.0000,0.00339925,3473079.28,5447633.06,10488,0.00
544,4,5.50,5.00,0.00,0.00,28026.0,111.19,0.0446,1.598,112.788,13.177,3.69,0.000,0.000,0.000,0.0000,0.000,0.0000,0.000,0.0000,0.000,0.0000,0.000,0.0000,0.000,0.0000,0.000,0.0000,0.00349799,3473079.48,5447634.04,10488,0.00
543,9,5.50,5.00,0.00,0.00,28024.0,111.19,0.0409,1.592,112.782,13.177,4.04,0.000,0.000,0.000,0.0000,0.000,0.0000,0.000,0.0000,0.000,0.0000,0.000,0.0000,0.000,0.0000,0.000,0.0000,0.00225271,3473079.88,5447635.99,10488,0.00
542,9,5.50,5.00,0.00,0.00,28016.0,111.19,0.0354,1.586,112.776,13.177,4.04,0.000,0.000,0.000,0.0000,0.000,0.0000,0.000,0.0000,0.000,0.0000,0.000,0.0000,0.000,0.0000,0.000,0.0000,0.00125123,3473081.41,5447643.84,10488,0.00
414,4,5.50,5.00,0.00,0.00,28015.0,111.08,0.0377,1.696,112.776,13.177,3.76,0.000,0.000,0.000,0.0000,0.000,0.0000,0.000,0.0000,0.000,0.0000,0.000,0.0000,0.000,0.0000,0.000,0.0000,0.00150197,3473081.57,5447644.83,10488,0.00
541,4,5.50,5.00,0.00,0.00,28012.0,111.19,0.0333,1.580,112.770,13.177,3.69,0.000,0.000,0.000,0.0000,0.000,0.0000,0.000,0.0000,0.000,0.0000,0.000,0.0000,0.000,0.0000,0.000,0.0000,0.00104484,3473082.04,5447647.80,10488,0.00
540,4,5.50,5.00,0.00,0.00,28002.0,110.48,0.0344,2.287,112.767,13.177,3.83,0.000,0.000,0.000,0.0000,0.000,0.0000,0.000,0.0000,0.000,0.0000,0.000,0.0000,0.000,0.0000,0.000,0.0000,0.00070038,3473084.55,5447657.43,10488,0.00
413,4,5.50,5.00,0.00,0.00,27953.0,110.47,0.0341,2.256,112.726,13.177,3.21,0.000,0.000,0.000,0.0000,0.000,0.0000,0.000,0.0000,0.000,0.0000,0.000,0.0000,0.000,0.0000,0.000,0.0000,0.00072241,3473103.37,5447702.60,10488,0.00
539,4,5.50,5.00,0.00,0.00,27869.0,110.56,0.0336,2.085,112.645,13.177,3.15,0.000,0.000,0.000,0.0000,0.000,0.0000,0.000,0.0000,0.000,0.0000,0.000,0.0000,0.000,0.0000,0.000,0.0000,0.00073235,3473143.48,5447776.35,10488,0.00
412,4,5.50,5.00,0.00,0.00,27828.0,110.50,0.0370,2.130,112.630,13.177,3.23,0.000,0.000,0.000,0.0000,0.000,0.0000,0.000,0.0000,0.000,0.0000,0.000,0.0000,0.000,0.0000,0.000,0.0000,0.00066965,3473164.85,5447811.35,10488,0.00
538,4,5.50,5.00,0.00,0.00,27798.0,110.66,0.0369,1.944,112.604,13.177,2.91,0.000,0.000,0.000,0.0000,0.000,0.0000,0.000,0.0000,0.000,0.0000,0.000,0.0000,0.000,0.0000,0.000,0.0000,0.00082137,3473180.53,5447836.92,10488,0.00
411,4,5.50,5.55,0.00,0.00,27731.0,110.63,0.0352,1.941,112.571,13.177,2.93,0.000,0.000,0.000,0.0000,0.000,0.0000,0.000,0.0000,0.000,0.0000,0.000,0.0000,0.000,0.0000,0.000,0.0000,0.00071018,3473211.26,5447896.23,10488,0.00
537,4,5.50,5.00,0.00,0.00,27721.0,110.48,0.0394,2.078,112.558,13.177,2.86,0.000,0.000,0.000,0.0000,0.000,0.0000,0.000,0.0000,0.000,0.0000,0.000,0.0000,0.000,0.0000,0.000,0.0000,0.00060828,3473213.93,5447905.85,10488,0.00
536,4,5.50,5.00,0.00,0.00,27621.0,110.34,0.0393,2.187,112.527,13.177,3.14,0.000,0.000,0.000,0.0000,0.000,0.0000,0.000,0.0000,0.000,0.0000,0.000,0.0000,0.000,0.0000,0.000,0.0000,0.00021608,3473229.40,5448002.53,10488,0.00
410,4,5.50,5.00,0.00,0.00,27610.0,110.21,0.0436,2.315,112.525,13.177,3.23,0.000,0.000,0.000,0.0000,0.000,0.0000,0.000,0.0000,0.000,0.0000,0.000,0.0000,0.000,0.0000,0.000,0.0000,0.00015439,3473231.00,5448013.39,10488,0.00
409,4,5.50,5.00,0.00,0.00,27463.0,110.36,0.0547,2.142,112.502,13.177,2.97,0.000,0.000,0.000,0.0000,0.000,0.0000,0.000,0.0000,0.000,0.0000,0.000,0.0000,0.000,0.0000,0.000,0.0000,0.00012875,3473312.38,5448113.47,10488,0.00
535,4,5.50,5.00,0.00,0.00,27407.0,110.21,0.0482,2.285,112.495,13.177,2.96,0.000,0.000,0.000,0.0000,0.000,0.0000,0.000,0.0000,0.000,0.0000,0.000,0.0000,0.000,0.0000,0.000,0.0000,0.00013216,3473303.18,5448167.36,10488,0.00
408,4,5.50,5.00,0.00,0.00,27283.0,110.20,0.0593,2.282,112.482,13.177,2.82,0.000,0.000,0.000,0.0000,0.000,0.0000,0.000,0.0000,0.000,0.0000,0.000,0.0000,0.000,0.0000,0.000,0.0000,0.00013561,3473360.99,5448253.02,10488,0.00
534,4,5.50,5.00,0.00,0.00,27193.0,110.05,0.0532,2.417,112.467,13.177,2.83,0.000,0.000,0.000,0.0000,0.000,0.0000,0.000,0.0000,0.000,0.0000,0.000,0.0000,0.000,0.0000,0.000,0.0000,0.00027824,3473404.64,5448314.51,10488,0.00
407,4,5.50,5.00,0.00,0.00,27156.0,110.19,0.0695,2.272,112.462,13.176,2.83,0.000,0.000,0.000,0.0000,0.000,0.0000,0.000,0.0000,0.000,0.0000,0.000,0.0000,0.000,0.0000,0.000,0.0000,0.00058089,3473435.38,5448333.89,10488,0.00
406,4,5.50,5.00,0.00,0.00,27049.0,110.16,0.0493,2.245,112.405,13.176,2.80,0.000,0.000,0.000,0.0000,0.000,0.0000,0.000,0.0000,0.000,0.0000,0.000,0.0000,0.000,0.0000,0.000,0.0000,0.00087667,3473497.55,5448415.42,10488,0.00
533,4,5.50,5.00,0.00,0.00,26982.0,110.03,0.0432,2.303,112.333,13.176,2.64,0.000,0.000,0.000,0.0000,0.000,0.0000,0.000,0.0000,0.000,0.0000,0.000,0.0000,0.000,0.0000,0.000,0.0000,0.00094129,3473532.64,5448472.50,10488,0.00
405,4,5.50,5.00,0.00,0.00,26938.0,110.13,0.0426,2.158,112.288,13.176,2.86,0.000,0.000,0.000,0.0000,0.000,0.0000,0.000,0.0000,0.000,0.0000,0.000,0.0000,0.000,0.0000,0.000,0.0000,0.00158323,3473556.82,5448509.25,10488,0.00
532,4,5.50,5.00,0.00,0.00,26810.0,109.99,0.0455,2.205,112.195,13.176,2.91,0.000,0.000,0.000,0.0000,0.000,0.0000,0.000,0.0000,0.000,0.0000,0.000,0.0000,0.000,0.0000,0.000,0.0000,0.00139967,3473621.45,5448619.67,10488,0.00
404,4,5.50,5.00,0.00,0.00,26808.0,110.11,0.0443,2.079,112.189,13.176,2.92,0.000,0.000,0.000,0.0000,0.000,0.0000,0.000,0.0000,0.000,0.0000,0.000,0.0000,0.000,0.0000,0.000,0.0000,0.00171317,3473622.42,5448621.41,10488,0.00
531,4,5.50,5.00,0.00,0.00,26683.0,110.04,0.0418,2.090,112.130,13.176,2.46,0.000,0.000,0.000,0.0000,0.000,0.0000,0.000,0.0000,0.000,0.0000,0.000,0.0000,0.000,0.0000,0.000,0.0000,0.00088965,3473639.20,5448744.69,10488,0.00
403,4,5.50,5.00,0.00,0.00,26674.0,109.99,0.0387,2.125,112.115,13.176,2.66,0.000,0.000,0.000,0.0000,0.000,0.0000,0.000,0.0000,0.000,0.0000,0.000,0.0000,0.000,0.0000,0.000,0.0000,0.00096094,3473639.50,5448753.68,10488,0.00
530,4,5.50,5.00,0.00,0.00,26557.0,110.03,0.0372,2.023,112.053,13.176,2.25,0.000,0.000,0.000,0.0000,0.000,0.0000,0.000,0.0000,0.000,0.0000,0.000,0.0000,0.000,0.0000,0.000,0.0000,0.00060526,3473639.60,5448870.66,10488,0.00
402,4,5.50,5.00,0.00,0.00,26522.0,110.03,0.0363,1.999,112.029,13.176,2.44,0.000,0.000,0.000,0.0000,0.000,0.0000,0.000,0.0000,0.000,0.0000,0.000,0.0000,0.000,0.0000,0.000,0.0000,0.00064292,3473638.18,5448905.63,10488,0.00
401,4,5.50,5.00,0.00,0.00,26392.0,109.89,0.0565,2.088,111.978,13.176,2.68,0.000,0.000,0.000,0.0000,0.000,0.0000,0.000,0.0000,0.000,0.0000,0.000,0.0000,0.000,0.0000,0.000,0.0000,0.00854450,3473634.67,5449035.56,10488,0.00
529,4,5.50,5.00,0.00,0.00,26391.0,109.93,0.0571,2.023,111.953,13.176,2.46,0.000,0.000,0.000,0.0000,0.000,0.0000,0.000,0.0000,0.000,0.0000,0.000,0.0000,0.000,0.0000,0.000,0.0000,0.00864626,3473634.49,5449036.54,10488,0.00
400,4,5.50,5.00,0.00,0.00,26245.0,109.76,0.0360,2.100,111.860,13.176,2.67,0.000,0.000,0.000,0.0000,0.000,0.0000,0.000,0.0000,0.000,0.0000,0.000,0.0000,0.000,0.0000,0.000,0.0000,0.00069393,3473595.67,5449177.17,10488,0.00
528,4,5.50,5.00,0.00,0.00,26225.0,109.87,0.0383,1.976,111.846,13.176,2.29,0.000,0.000,0.000,0.0000,0.000,0.0000,0.000,0.0000,0.000,0.0000,0.000,0.0000,0.000,0.0000,0.000,0.0000,0.00091876,3473591.75,5449196.78,10488,0.00
399,4,5.50,5.00,0.00,0.00,26131.0,109.89,0.0386,1.886,111.776,13.176,2.40,0.000,0.000,0.000,0.0000,0.000,0.0000,0.000,0.0000,0.000,0.0000,0.000,0.0000,0.000,0.0000,0.000,0.0000,0.00102809,3473590.20,5449290.60,10488,0.00
3398,4,5.50,5.00,0.00,0.00,26070.0,109.58,0.0523,2.145,111.725,13.176,2.91,0.000,0.000,0.000,0.0000,0.000,0.0000,0.000,0.0000,0.000,0.0000,0.000,0.0000,0.000,0.0000,0.000,0.0000,0.00927863,3473571.69,5449346.34,10488,0.00
527,4,5.50,5.00,0.00,0.00,26069.0,109.43,0.0536,2.273,111.703,13.176,2.84,0.000,0.000,0.000,0.0000,0.000,0.0000,0.000,0.0000,0.000,0.0000,0.000,0.0000,0.000,0.0000,0.000,0.0000,0.00933310,3473571.02,5449347.09,10488,0.00
526,9,5.50,5.00,0.00,0.00,26068.0,109.43,0.0450,2.268,111.698,13.176,3.35,0.000,0.000,0.000,0.0000,0.000,0.0000,0.000,0.0000,0.000,0.0000,0.000,0.0000,0.000,0.0000,0.000,0.0000,0.00300184,3473570.35,5449347.83,10488,0.00
525,9,5.50,5.00,0.00,0.00,26064.0,109.43,0.0454,2.266,111.696,13.176,3.35,0.000,0.000,0.000,0.0000,0.000,0.0000,0.000,0.0000,0.000,0.0000,0.000,0.0000,0.000,0.0000,0.000,0.0000,0.00317013,3473567.69,5449350.81,10488,0.00
524,4,5.50,5.00,0.00,0.00,26063.0,109.43,0.0459,2.266,111.696,13.176,2.84,0.000,0.000,0.000,0.0000,0.000,0.0000,0.000,0.0000,0.000,0.0000,0.000,0.0000,0.000,0.0000,0.000,0.0000,0.00340102,3473567.02,5449351.56,10488,0.00
398,4,5.50,5.00,0.00,0.00,26062.0,109.58,0.0448,2.107,111.687,13.176,2.91,0.000,0.000,0.000,0.0000,0.000,0.0000,0.000,0.0000,0.000,0.0000,0.000,0.0000,0.000,0.0000,0.000,0.0000,0.00509985,3473566.35,5449352.30,10488,0.00
3397,4,5.50,5.00,0.00,0.00,25968.0,110.08,0.0445,1.536,111.616,13.176,2.81,0.000,0.000,0.000,0.0000,0.000,0.0000,0.000,0.0000,0.000,0.0000,0.000,0.0000,0.000,0.0000,0.000,0.0000,0.00558495,3473486.39,5449400.78,10488,0.00
523,4,5.50,5.00,0.00,0.00,25966.0,109.90,0.0445,1.686,111.586,13.176,3.06,0.000,0.000,0.000,0.0000,0.000,0.0000,0.000,0.0000,0.000,0.0000,0.000,0.0000,0.000,0.0000,0.000,0.0000,0.00559235,3473484.64,5449401.75,10488,0.00
522,9,5.50,5.00,0.00,0.00,25964.0,109.90,0.0306,1.684,111.584,13.176,3.20,0.000,0.000,0.000,0.0000,0.000,0.0000,0.000,0.0000,0.000,0.0000,0.000,0.0000,0.000,0.0000,0.000,0.0000,0.00075926,3473482.90,5449402.72,10488,0.00
521,9,5.50,5.00,0.00,0.00,25955.0,109.90,0.0322,1.677,111.577,13.176,3.20,0.000,0.000,0.000,0.0000,0.000,0.0000,0.000,0.0000,0.000,0.0000,0.000,0.0000,0.000,0.0000,0.000,0.0000,0.00100939,3473475.02,5449407.08,10488,0.00
520,4,5.50,5.00,0.00,0.00,25949.0,109.90,0.0331,1.674,111.574,13.176,3.06,0.000,0.000,0.000,0.0000,0.000,0.0000,0.000,0.0000,0.000,0.0000,0.000,0.0000,0.000,0.0000,0.000,0.0000,0.00112534,3473470.19,5449410.59,10488,0.00
397,4,5.50,5.00,0.00,0.00,25933.0,110.08,0.0175,1.487,111.567,13.176,2.81,0.000,0.000,0.000,0.0000,0.000,0.0000,0.000,0.0000,0.000,0.0000,0.000,0.0000,0.000,0.0000,0.000,0.0000,0.00019706,3473457.96,5449420.88,10488,0.00
9998,4,5.50,5.00,0.00,0.00,25918.0,109.60,0.0283,1.980,111.580,13.176,2.40,0.000,0.000,0.000,0.0000,0.000,0.0000,0.000,0.0000,0.000,0.0000,0.000,0.0000,0.000,0.0000,0.000,0.0000,0.00009430,3473449.91,5449433.54,10488,0.00
9997,4,5.50,5.00,0.00,0.00,25903.0,109.60,0.0280,1.978,111.578,13.176,2.40,0.000,0.000,0.000,0.0000,0.000,0.0000,0.000,0.0000,0.000,0.0000,0.000,0.0000,0.000,0.0000,0.000,0.0000,0.00009430,3473442.52,5449446.56,10488,0.00
9996,4,5.50,5.00,0.00,0.00,25885.0,109.59,0.0329,1.987,111.577,13.176,2.40,0.000,0.000,0.000,0.0000,0.000,0.0000,0.000,0.0000,0.000,0.0000,0.000,0.0000,0.000,0.0000,0.000,0.0000,0.00018652,3473434.69,5449462.77,10488,0.00
9995,4,5.50,5.00,0.00,0.00,25883.0,109.59,0.0358,1.987,111.577,13.176,2.40,0.000,0.000,0.000,0.0000,0.000,0.0000,0.000,0.0000,0.000,0.0000,0.000,0.0000,0.000,0.0000,0.000,0.0000,0.00029054,3473433.82,5449464.57,10488,0.00
9994,4,5.50,5.00,0.00,0.00,25881.0,109.59,0.0338,1.986,111.576,13.176,2.40,0.000,0.000,0.000,0.0000,0.000,0.0000,0.000,0.0000,0.000,0.0000,0.000,0.0000,0.000,0.0000,0.000,0.0000,0.00021590,3473432.95,5449466.37,10488,0.00
9993,4,5.50,5.00,0.00,0.00,25868.0,109.59,0.0258,1.985,111.575,13.176,2.40,0.000,0.000,0.000,0.0000,0.000,0.0000,0.000,0.0000,0.000,0.0000,0.000,0.0000,0.000,0.0000,0.000,0.0000,0.00006643,3473427.29,5449478.08,10488,0.00
9992,4,5.50,5.00,0.00,0.00,25853.0,109.59,0.0335,1.984,111.574,13.176,2.40,0.000,0.000,0.000,0.0000,0.000,0.0000,0.000,0.0000,0.000,0.0000,0.000,0.0000,0.000,0.0000,0.000,0.0000,0.00020734,3473420.44,5449491.41,10488,0.00
9991,4,5.50,5.00,0.00,0.00,25835.0,109.58,0.0356,1.993,111.573,13.176,2.40,0.000,0.000,0.000,0.0000,0.000,0.0000,0.000,0.0000,0.000,0.0000,0.000,0.0000,0.000,0.0000,0.000,0.0000,0.00027770,3473411.90,5449507.26,10488,0.00
9990,4,5.50,5.00,0.00,0.00,25833.0,109.58,0.0332,1.992,111.572,13.176,2.40,0.000,0.000,0.000,0.0000,0.000,0.0000,0.000,0.0000,0.000,0.0000,0.000,0.0000,0.000,0.0000,0.000,0.0000,0.00019209,3473410.95,5449509.02,10488,0.00
9989,4,5.50,5.00,0.00,0.00,25831.0,109.58,0.0265,1.992,111.572,13.176,2.40,0.000,0.000,0.000,0.0000,0.000,0.0000,0.000,0.0000,0.000,0.0000,0.000,0.0000,0.000,0.0000,0.000,0.0000,0.00007165,3473410.00,5449510.78,10488,0.00
9988,4,5.50,5.00,0.00,0.00,25818.0,109.57,0.0278,2.001,111.571,13.176,2.40,0.000,0.000,0.000,0.0000,0.000,0.0000,0.000,0.0000,0.000,0.0000,0.000,0.0000,0.000,0.0000,0.000,0.0000,0.00008472,3473404.13,5449522.38,10488,0.00
9987,4,5.50,5.00,0.00,0.00,25803.0,109.57,0.0281,2.000,111.570,13.176,2.40,0.000,0.000,0.000,0.0000,0.000,0.0000,0.000,0.0000,0.000,0.0000,0.000,0.0000,0.000,0.0000,0.000,0.0000,0.00008875,3473397.47,5449535.82,10488,0.00
9986,4,5.50,5.00,0.00,0.00,25785.0,109.56,0.0251,2.008,111.568,13.176,2.40,0.000,0.000,0.000,0.0000,0.000,0.0000,0.000,0.0000,0.000,0.0000,0.000,0.0000,0.000,0.0000,0.000,0.0000,0.00005544,3473389.48,5449551.95,10488,0.00
9985,4,5.50,5.00,0.00,0.00,25783.0,109.56,0.0226,2.008,111.568,13.176,2.40,0.000,0.000,0.000,0.0000,0.000,0.0000,0.000,0.0000,0.000,0.0000,0.000,0.0000,0.000,0.0000,0.000,0.0000,0.00003844,3473388.59,5449553.74,10488,0.00
9984,4,5.50,5.00,0.00,0.00,25781.0,109.56,0.0268,2.008,111.568,13.176,2.40,0.000,0.000,0.000,0.0000,0.000,0.0000,0.000,0.0000,0.000,0.0000,0.000,0.0000,0.000,0.0000,0.000,0.0000,0.00007175,3473387.71,5449555.53,10488,0.00
9983,4,5.50,5.00,0.00,0.00,25768.0,109.56,0.0280,2.007,111.567,13.176,2.40,0.000,0.000,0.000,0.0000,0.000,0.0000,0.000,0.0000,0.000,0.0000,0.000,0.0000,0.000,0.0000,0.000,0.0000,0.00008494,3473381.94,5449567.18,10488,0.00
9982,4,5.50,5.00,0.00,0.00,25753.0,109.56,0.0283,2.006,111.566,13.176,2.40,0.000,0.000,0.000,0.0000,0.000,0.0000,0.000,0.0000,0.000,0.0000,0.000,0.0000,0.000,0.0000,0.000,0.0000,0.00008897,3473375.28,5449580.63,10488,0.00
9981,4,5.50,5.00,0.00,0.00,25735.0,109.55,0.0252,2.014,111.564,13.176,2.40,0.000,0.000,0.000,0.0000,0.000,0.0000,0.000,0.0000,0.000,0.0000,0.000,0.0000,0.000,0.0000,0.000,0.0000,0.00005566,3473367.29,5449596.76,10488,0.00
9980,4,5.50,5.00,0.00,0.00,25733.0,109.55,0.0227,2.014,111.564,13.176,2.40,0.000,0.000,0.000,0.0000,0.000,0.0000,0.000,0.0000,0.000,0.0000,0.000,0.0000,0.000,0.0000,0.000,0.0000,0.00003833,3473366.40,5449598.55,10488,0.00
9979,4,5.50,5.00,0.00,0.00,25731.0,109.55,0.0270,2.014,111.564,13.176,2.40,0.000,0.000,0.000,0.0000,0.000,0.0000,0.000,0.0000,0.000,0.0000,0.000,0.0000,0.000,0.0000,0.000,0.0000,0.00007189,3473365.52,5449600.34,10488,0.00
9978,4,5.50,5.00,0.00,0.00,25718.0,109.54,0.0267,2.023,111.563,13.176,2.40,0.000,0.000,0.000,0.0000,0.000,0.0000,0.000,0.0000,0.000,0.0000,0.000,0.0000,0.000,0.0000,0.000,0.0000,0.00006655,3473359.61,5449611.92,10488,0.00
9977,4,5.50,5.00,0.00,0.00,25703.0,109.54,0.0344,2.022,111.562,13.176,2.40,0.000,0.000,0.000,0.0000,0.000,0.0000,0.000,0.0000,0.000,0.0000,0.000,0.0000,0.000,0.0000,0.000,0.0000,0.00020756,3473352.75,5449625.26,10488,0.00
9976,4,5.50,5.00,0.00,0.00,25685.0,109.53,0.0365,2.031,111.561,13.176,2.40,0.000,0.000,0.000,0.0000,0.000,0.0000,0.000,0.0000,0.000,0.0000,0.000,0.0000,0.000,0.0000,0.000,0.0000,0.00027778,3473345.01,5449641.51,10488,0.00
9975,4,5.50,5.00,0.00,0.00,25683.0,109.53,0.0444,2.030,111.560,13.176,2.40,0.000,0.000,0.000,0.0000,0.000,0.0000,0.000,0.0000,0.000,0.0000,0.000,0.0000,0.000,0.0000,0.000,0.0000,0.00119217,3473344.08,5449643.28,10488,0.00
9974,4,5.50,5.00,0.00,0.00,25681.0,109.53,0.0486,2.030,111.560,13.176,2.40,0.000,0.000,0.000,0.0000,0.000,0.0000,0.000,0.0000,0.000,0.0000,0.000,0.0000,0.000,0.0000,0.000,0.0000,0.00307682,3473343.15,5449645.05,10488,0.00
3394,4,5.50,5.00,0.00,0.00,25668.0,109.88,0.0447,1.654,111.534,13.176,2.23,0.000,0.000,0.000,0.0000,0.000,0.0000,0.000,0.0000,0.000,0.0000,0.000,0.0000,0.000,0.0000,0.000,0.0000,0.00999987,3473336.99,5449656.49,10488,0.00
517,4,5.50,5.00,0.00,0.00,25667.0,109.80,0.0452,1.722,111.522,13.176,2.24,0.000,0.000,0.000,0.0000,0.000,0.0000,0.000,0.0000,0.000,0.0000,0.000,0.0000,0.000,0.0000,0.000,0.0000,0.00958322,3473336.50,5449657.37,10488,0.00
516,9,5.50,5.00,0.00,0.00,25666.0,109.80,0.0431,1.706,111.506,13.176,2.47,0.000,0.000,0.000,0.0000,0.000,0.0000,0.000,0.0000,0.000,0.0000,0.000,0.0000,0.000,0.0000,0.000,0.0000,0.00837726,3473336.02,5449658.24,10488,0.00
515,9,5.50,5.00,0.00,0.00,25662.0,109.80,0.0342,1.709,111.509,13.176,2.47,0.000,0.000,0.000,0.0000,0.000,0.0000,0.000,0.0000,0.000,0.0000,0.000,0.0000,0.000,0.0000,0.000,0.0000,0.00199956,3473334.08,5449661.74,10488,0.00
514,4,5.50,5.00,0.00,0.00,25661.0,109.80,0.0368,1.717,111.517,13.176,2.24,0.000,0.000,0.000,0.0000,0.000,0.0000,0.000,0.0000,0.000,0.0000,0.000,0.0000,0.000,0.0000,0.000,0.0000,0.00220246,3473333.60,5449662.62,10488,0.00
394,4,5.50,5.00,0.00,0.00,25660.0,109.88,0.0346,1.633,111.513,13.176,2.23,0.000,0.000,0.000,0.0000,0.000,0.0000,0.000,0.0000,0.000,0.0000,0.000,0.0000,0.000,0.0000,0.000,0.0000,0.00170166,3473333.11,5449663.49,10488,0.00
393,4,5.50,5.00,0.00,0.00,25591.0,109.41,0.0283,2.075,111.485,13.326,2.79,0.000,0.000,0.000,0.0000,0.000,0.0000,0.000,0.0000,0.000,0.0000,0.000,0.0000,0.000,0.0000,0.000,0.0000,0.00047590,3473305.11,5449726.51,10488,0.00
513,4,5.50,5.00,0.00,0.00,25561.0,109.54,0.0268,1.924,111.464,13.326,2.68,0.000,0.000,0.000,0.0000,0.000,0.0000,0.000,0.0000,0.000,0.0000,0.000,0.0000,0.000,0.0000,0.000,0.0000,0.00045982,3473293.53,5449754.17,10488,0.00
392,4,5.50,5.00,0.00,0.00,25502.0,109.17,0.0274,2.275,111.445,13.326,2.94,0.000,0.000,0.000,0.0000,0.000,0.0000,0.000,0.0000,0.000,0.0000,0.000,0.0000,0.000,0.0000,0.000,0.0000,0.00033970,3473277.69,5449811.00,10488,0.00
512,4,5.50,5.18,0.00,0.00,25474.0,108.99,0.0125,2.454,111.444,13.326,3.81,0.000,0.000,0.000,0.0000,0.000,0.0000,0.000,0.0000,0.000,0.0000,0.000,0.0000,0.000,0.0000,0.000,0.0000,0.00001792,3473270.15,5449837.97,10488,0.00
511,4,5.50,5.18,0.00,0.00,25472.0,108.99,0.0397,2.462,111.452,13.326,4.91,0.000,0.000,0.000,0.0000,0.000,0.0000,0.000,0.0000,0.000,0.0000,0.000,0.0000,0.000,0.0000,0.000,0.0000,0.00083415,3473269.60,5449839.89,10488,0.00
510,9,5.50,5.42,0.00,0.00,25471.0,108.99,0.0435,2.462,111.452,13.326,5.23,0.000,0.000,0.000,0.0000,0.000,0.0000,0.000,0.0000,0.000,0.0000,0.000,0.0000,0.000,0.0000,0.000,0.0000,0.00166829,3473269.32,5449840.85,10488,0.00
509,4,5.50,5.06,0.00,0.00,25468.0,109.36,0.0423,2.090,111.450,13.326,4.51,0.000,0.000,0.000,0.0000,0.000,0.0000,0.000,0.0000,0.000,0.0000,0.000,0.0000,0.000,0.0000,0.000,0.0000,0.00188802,3473268.50,5449843.74,10488,0.00
508,9,5.50,5.46,0.00,0.00,25467.0,108.99,0.0457,2.461,111.451,13.326,5.23,0.000,0.000,0.000,0.0000,0.000,0.0000,0.000,0.0000,0.000,0.0000,0.000,0.0000,0.000,0.0000,0.000,0.0000,0.00261390,3473268.23,5449844.70,10488,0.00
507,9,5.50,5.27,0.00,0.00,25466.0,109.36,0.0472,2.086,111.446,13.326,4.85,0.000,0.000,0.000,0.0000,0.000,0.0000,0.000,0.0000,0.000,0.0000,0.000,0.0000,0.000,0.0000,0.000,0.0000,0.00540839,3473267.95,5449845.66,10488,0.00
506,9,5.50,5.27,0.00,0.00,25453.0,109.36,0.0473,2.083,111.443,13.326,4.85,0.000,0.000,0.000,0.0000,0.000,0.0000,0.000,0.0000,0.000,0.0000,0.000,0.0000,0.000,0.0000,0.000,0.0000,0.00561399,3473263.78,5449857.97,10488,0.00
390,4,5.50,5.28,0.00,0.00,25452.0,109.14,0.0399,2.299,111.439,13.326,4.83,0.000,0.000,0.000,0.0000,0.000,0.0000,0.000,0.0000,0.000,0.0000,0.000,0.0000,0.000,0.0000,0.000,0.0000,0.00167443,3473263.44,5449858.91,10488,0.00
505,4,5.50,5.02,0.00,0.00,25446.0,109.36,0.0348,2.081,111.441,13.326,4.51,0.000,0.000,0.000,0.0000,0.000,0.0000,0.000,0.0000,0.000,0.0000,0.000,0.0000,0.000,0.0000,0.000,0.0000,0.00057006,3473261.39,5449864.55,10488,0.00
389,4,5.50,5.00,0.00,0.00,25410.0,109.16,0.0318,2.256,111.416,13.326,2.91,0.000,0.000,0.000,0.0000,0.000,0.0000,0.000,0.0000,0.000,0.0000,0.000,0.0000,0.000,0.0000,0.000,0.0000,0.00057006,3473250.35,5449898.80,10488,0.00
388,4,5.50,5.00,0.00,0.00,25309.0,109.21,0.0400,2.177,111.387,13.326,2.99,0.000,0.000,0.000,0.0000,0.000,0.0000,0.000,0.0000,0.000,0.0000,0.000,0.0000,0.000,0.0000,0.000,0.0000,0.00244051,3473221.16,5449995.49,10488,0.00
504,4,5.50,5.00,0.00,0.00,25307.0,109.33,0.0407,2.044,111.374,13.326,2.52,0.000,0.000,0.000,0.0000,0.000,0.0000,0.000,0.0000,0.000,0.0000,0.000,0.0000,0.000,0.0000,0.000,0.0000,0.00243752,3473220.57,5449997.40,10488,0.00
387,4,5.50,5.00,0.00,0.00,25233.0,109.09,0.0296,2.245,111.335,13.326,3.11,0.000,0.000,0.000,0.0000,0.000,0.0000,0.000,0.0000,0.000,0.0000,0.000,0.0000,0.000,0.0000,0.000,0.0000,0.00058885,3473205.99,5450069.41,10488,0.00
503,4,5.50,5.00,0.00,0.00,25197.0,109.25,0.0297,2.075,111.325,13.326,2.42,0.000,0.000,0.000,0.0000,0.000,0.0000,0.000,0.0000,0.000,0.0000,0.000,0.0000,0.000,0.0000,0.000,0.0000,0.00045802,3473212.93,5450104.62,10488,0.00
386,4,5.50,5.00,0.00,0.00,25119.0,109.50,0.0252,1.750,111.250,13.326,2.58,0.000,0.000,0.000,0.0000,0.000,0.0000,0.000,0.0000,0.000,0.0000,0.000,0.0000,0.000,0.0000,0.000,0.0000,0.00052892,3473238.26,5450178.38,10488,0.00
502,4,5.50,5.00,0.00,0.00,25067.0,109.12,0.0268,2.123,111.243,13.326,2.66,0.000,0.000,0.000,0.0000,0.000,0.0000,0.000,0.0000,0.000,0.0000,0.000,0.0000,0.000,0.0000,0.000,0.0000,0.00031259,3473254.79,5450227.66,10488,0.00
501,4,5.50,5.00,0.00,0.00,25012.0,109.09,0.0373,2.137,111.227,13.326,2.75,0.000,0.000,0.000,0.0000,0.000,0.0000,0.000,0.0000,0.000,0.0000,0.000,0.0000,0.000,0.0000,0.000,0.0000,0.00159989,3473261.66,5450281.93,10488,0.00
385,4,5.50,5.00,0.00,0.00,25011.0,108.90,0.0418,2.323,111.223,13.326,3.10,0.000,0.000,0.000,0.0000,0.000,0.0000,0.000,0.0000,0.000,0.0000,0.000,0.0000,0.000,0.0000,0.000,0.0000,0.00231522,3473261.70,5450282.93,10488,0.00
384,4,5.50,5.00,0.00,0.00,24910.0,108.81,0.0442,2.396,111.206,13.326,3.05,0.000,0.000,0.000,0.0000,0.000,0.0000,0.000,0.0000,0.000,0.0000,0.000,0.0000,0.000,0.0000,0.000,0.0000,0.00282315,3473261.24,5450383.74,10488,0.00
5383,5,5.50,5.00,0.00,0.00,24883.0,108.95,0.0407,2.188,111.140,19.296,2.92,0.000,0.000,0.000,0.0000,0.000,0.0000,0.000,0.0000,0.000,0.0000,0.000,0.0000,0.000,0.0000,0.000,0.0000,0.00415059,3473254.98,5450409.75,10488,0.00
383,4,5.50,5.00,0.00,0.00,24855.0,109.10,0.0279,1.961,111.061,25.266,2.92,0.000,0.000,0.000,0.0000,0.000,0.0000,0.000,0.0000,0.000,0.0000,0.000,0.0000,0.000,0.0000,0.000,0.0000,0.00158257,3473244.59,5450435.75,10488,0.00
9383,5,5.50,5.00,0.00,0.00,24835.0,109.27,0.0340,1.794,111.068,19.366,2.64,0.000,0.000,0.000,0.0000,0.000,0.0000,0.000,0.0000,0.000,0.0000,0.000,0.0000,0.000,0.0000,0.000,0.0000,0.00205676,3473236.56,5450454.06,10488,0.00
8383,5,5.50,5.00,0.00,0.00,24815.0,109.45,0.0335,1.582,111.029,19.366,2.36,0.000,0.000,0.000,0.0000,0.000,0.0000,0.000,0.0000,0.000,0.0000,0.000,0.0000,0.000,0.0000,0.000,0.0000,0.00237668,3473228.51,5450472.37,10488,0.00
7383,5,5.50,5.00,0.00,0.00,24800.0,109.58,0.0378,1.419,110.996,19.366,2.15,0.000,0.000,0.000,0.0000,0.000,0.0000,0.000,0.0000,0.000,0.0000,0.000,0.0000,0.000,0.0000,0.000,0.0000,0.00573498,3473222.41,5450486.08,10488,0.00
382,4,5.50,5.00,0.00,0.00,24787.0,109.69,0.0330,1.267,110.957,19.366,1.97,0.000,0.000,0.000,0.0000,0.000,0.0000,0.000,0.0000,0.000,0.0000,0.000,0.0000,0.000,0.0000,0.000,0.0000,0.00750768,3473217.13,5450497.96,10488,0.00
5382,2,8.50,2.00,0.00,0.00,24780.0,109.69,0.0200,1.183,110.873,19.366,99.99,0.000,0.000,0.000,0.0000,0.000,0.0000,0.000,0.0000,0.000,0.0000,0.000,0.0000,0.000,0.0000,0.000,0.0000,0.01199886,3473214.29,5450504.35,10488,0.00
