 600 4   0.00   5.00   0.00   0.00 29388. 114.01 0.0339  1.985  26.72 1.690.000   0.000   0.000  0.0000   0.000  0.0000   0.000  0.0000   0.000  0.0000   0.000  0.0000   0.000  0.0000   0.000  0.0000  0.00497199
 599 4   0.00   5.00   0.00   0.00 29352. 113.89 0.0470  2.001  26.72 2.610.000   0.000   0.000  0.0000   0.000  0.0000   0.000  0.0000   0.000  0.0000   0.000  0.0000   0.000  0.0000   0.000  0.0000  0.05774587
 598 4   0.00   5.00   0.00   0.00 29350. 113.86 0.0467  2.002  26.72 2.640.000   0.000   0.000  0.0000   0.000  0.0000   0.000  0.0000   0.000  0.0000   0.000  0.0000   0.000  0.0000   0.000  0.0000  0.04116500
 597 9   0.00   5.00   0.00   0.00 29349. 113.86 0.0463  1.901  26.72 2.640.000   0.000   0.000  0.0000   0.000  0.0000   0.000  0.0000   0.000  0.0000   0.000  0.0000   0.000  0.0000   0.000  0.0000  0.05449595
 596 9   0.00   5.00   0.00   0.00 29339. 113.86 0.0336  1.881  26.72 2.570.000   0.000   0.000  0.0000   0.000  0.0000   0.000  0.0000   0.000  0.0000   0.000  0.0000   0.000  0.0000   0.000  0.0000  0.00840863
 595 4   0.00   5.00   0.00   0.00 29338. 113.86 0.0428  1.920  26.72 2.390.000   0.000   0.000  0.0000   0.000  0.0000   0.000  0.0000   0.000  0.0000   0.000  0.0000   0.000  0.0000   0.000  0.0000  0.02319196
 480 4   0.00   5.00   0.00   0.00 29328. 113.87 0.0302  1.774  26.72 1.760.000   0.000   0.000  0.0000   0.000  0.0000   0.000  0.0000   0.000  0.0000   0.000  0.0000   0.000  0.0000   0.000  0.0000  0.00794527
 594 4   0.00   5.00   0.00   0.00 29320. 113.77 0.0283  1.833  26.72 1.800.000   0.000   0.000  0.0000   0.000  0.0000   0.000  0.0000   0.000  0.0000   0.000  0.0000   0.000  0.0000   0.000  0.0000  0.00505032
9480 5   0.00   5.00   0.00   0.00 29315. 113.73 0.0300  1.848  26.72 1.840.000   0.000   0.000  0.0000   0.000  0.0000   0.000  0.0000   0.000  0.0000   0.000  0.0000   0.000  0.0000   0.000  0.0000  0.00593920
 593 4   0.00   5.00   0.00   0.00 29304. 113.64 0.0311  1.883  26.72 1.950.000   0.000   0.000  0.0000   0.000  0.0000   0.000  0.0000   0.000  0.0000   0.000  0.0000   0.000  0.0000   0.000  0.0000  0.00634674
 479 4   0.00   5.00   0.00   0.00 29300. 113.63 0.0150  1.901  26.72 1.940.000   0.000   0.000  0.0000   0.000  0.0000   0.000  0.0000   0.000  0.0000   0.000  0.0000   0.000  0.0000   0.000  0.0000  0.01899843
 592 4   0.00   5.00   0.00   0.00 29295. 113.59 0.0163  1.989  26.72 1.870.000   0.000   0.000  0.0000   0.000  0.0000   0.000  0.0000   0.000  0.0000   0.000  0.0000   0.000  0.0000   0.000  0.0000  0.12298831
5591 5   0.00   5.00   0.00   0.00 29294. 113.77 0.0125  1.771  26.72 1.430.000   0.000   0.000  0.0000   0.000  0.0000   0.000  0.0000   0.000  0.0000   0.000  0.0000   0.000  0.0000   0.000  0.0000  0.13313957
 591 8   0.00   5.00   0.00   0.00 29293. 113.95 0.0166  1.383  26.73 1.430.000   0.000   0.000  0.0000   0.000  0.0000   0.000  0.0000   0.000  0.0000   0.000  0.0000   0.000  0.0000   0.000  0.0000  0.18071093
 590 4   0.00   5.00   0.00   0.00 29290. 113.49 0.0151  1.620  26.73 1.980.000   0.000   0.000  0.0000   0.000  0.0000   0.000  0.0000   0.000  0.0000   0.000  0.0000   0.000  0.0000   0.000  0.0000  0.02839915
 478 5   0.00   5.00   0.00   0.00 29288. 113.44 0.0430  1.685  26.65 1.550.000   0.000   0.000  0.0000   0.000  0.0000   0.000  0.0000   0.000  0.0000   0.000  0.0000   0.000  0.0000   0.000  0.0000  0.01083758
 589 4   0.00   5.00   0.00   0.00 29277. 113.16 0.0514  1.888  26.65 2.120.000   0.000   0.000  0.0000   0.000  0.0000   0.000  0.0000   0.000  0.0000   0.000  0.0000   0.000  0.0000   0.000  0.0000  0.01354735
 477 5   0.00   5.00   0.00   0.00 29276. 113.11 0.0508  1.900  26.65 2.160.000   0.000   0.000  0.0000   0.000  0.0000   0.000  0.0000   0.000  0.0000   0.000  0.0000   0.000  0.0000   0.000  0.0000  0.01156846
 588 4   0.00   5.00   0.00   0.00 29259. 112.34 0.0322  2.670  26.65 2.770.000   0.000   0.000  0.0000   0.000  0.0000   0.000  0.0000   0.000  0.0000   0.000  0.0000   0.000  0.0000   0.000  0.0000  0.00063160
 476 4   0.00   5.00   0.00   0.00 29257. 112.67 0.0320  2.339  26.65 2.680.000   0.000   0.000  0.0000   0.000  0.0000   0.000  0.0000   0.000  0.0000   0.000  0.0000   0.000  0.0000   0.000  0.0000  0.00065133
 475 4   0.00   5.00   0.00   0.00 29225. 112.42 0.0362  2.588  26.65 2.340.000   0.000   0.000  0.0000   0.000  0.0000   0.000  0.0000   0.000  0.0000   0.000  0.0000   0.000  0.0000   0.000  0.0000  0.00120690
 587 4   0.00   5.00   0.00   0.00 29210. 112.05 0.0422  2.939  26.65 2.590.000   0.000   0.000  0.0000   0.000  0.0000   0.000  0.0000   0.000  0.0000   0.000  0.0000   0.000  0.0000   0.000  0.0000  0.00187109
 474 4   0.00   5.00   0.00   0.00 29195. 111.74 0.0422  3.214  26.65 3.040.000   0.000   0.000  0.0000   0.000  0.0000   0.000  0.0000   0.000  0.0000   0.000  0.0000   0.000  0.0000   0.000  0.0000  0.00212849
 473 5   0.00   5.00   0.00   0.00 29162. 111.93 0.0401  2.958  26.65 2.470.000   0.000   0.000  0.0000   0.000  0.0000   0.000  0.0000   0.000  0.0000   0.000  0.0000   0.000  0.0000   0.000  0.0000  0.00169387
 586 4   0.00   5.00   0.00   0.00 29148. 112.01 0.0366  2.849  26.65 2.720.000   0.000   0.000  0.0000   0.000  0.0000   0.000  0.0000   0.000  0.0000   0.000  0.0000   0.000  0.0000   0.000  0.0000  0.00129648
 472 5   0.00   5.00   0.00   0.00 29128. 111.88 0.0360  2.957  26.65 2.280.000   0.000   0.000  0.0000   0.000  0.0000   0.000  0.0000   0.000  0.0000   0.000  0.0000   0.000  0.0000   0.000  0.0000  0.00088507
 471 5   0.00   5.00   0.00   0.00 29100. 111.70 0.0415  3.114  26.65 2.170.000   0.000   0.000  0.0000   0.000  0.0000   0.000  0.0000   0.000  0.0000   0.000  0.0000   0.000  0.0000   0.000  0.0000  0.00099646
 585 4   0.00   5.00   0.00   0.00 29092. 111.65 0.0422  3.159  26.65 2.580.000   0.000   0.000  0.0000   0.000  0.0000   0.000  0.0000   0.000  0.0000   0.000  0.0000   0.000  0.0000   0.000  0.0000  0.00098413
 470 5   0.00   5.00   0.00   0.00 29072. 111.65 0.0432  3.136  26.65 2.280.000   0.000   0.000  0.0000   0.000  0.0000   0.000  0.0000   0.000  0.0000   0.000  0.0000   0.000  0.0000   0.000  0.0000  0.00119681
 469 5   0.00   5.00   0.00   0.00 29058. 111.64 0.0514  3.128  26.65 2.460.000   0.000   0.000  0.0000   0.000  0.0000   0.000  0.0000   0.000  0.0000   0.000  0.0000   0.000  0.0000   0.000  0.0000  0.00340712
 584 4   0.00   5.00   0.00   0.00 29045. 111.64 0.0519  3.112  26.65 3.280.000   0.000   0.000  0.0000   0.000  0.0000   0.000  0.0000   0.000  0.0000   0.000  0.0000   0.000  0.0000   0.000  0.0000  0.00381494
 468 4   0.00   5.00   0.00   0.00 29044. 111.69 0.0497  3.054  26.65 2.940.000   0.000   0.000  0.0000   0.000  0.0000   0.000  0.0000   0.000  0.0000   0.000  0.0000   0.000  0.0000   0.000  0.0000  0.00399993
 583 9   0.00   5.00   0.00   0.00 29043. 111.64 0.0372  3.102  26.65 3.880.000   0.000   0.000  0.0000   0.000  0.0000   0.000  0.0000   0.000  0.0000   0.000  0.0000   0.000  0.0000   0.000  0.0000  0.00200326
 582 9   0.00   5.00   0.00   0.00 29042. 111.64 0.0520  3.102  26.65 3.880.000   0.000   0.000  0.0000   0.000  0.0000   0.000  0.0000   0.000  0.0000   0.000  0.0000   0.000  0.0000   0.000  0.0000  0.01149946
 581 4   0.00   5.00   0.00   0.00 29041. 111.64 0.0590  3.105  26.65 3.280.000   0.000   0.000  0.0000   0.000  0.0000   0.000  0.0000   0.000  0.0000   0.000  0.0000   0.000  0.0000   0.000  0.0000  0.01178936
 467 4   0.00   5.00   0.00   0.00 29040. 111.69 0.0496  3.032  26.65 4.010.000   0.000   0.000  0.0000   0.000  0.0000   0.000  0.0000   0.000  0.0000   0.000  0.0000   0.000  0.0000   0.000  0.0000  0.00822342
 466 5   0.00   5.00   0.00   0.00 29027. 111.70 0.0364  3.011  26.65 2.450.000   0.000   0.000  0.0000   0.000  0.0000   0.000  0.0000   0.000  0.0000   0.000  0.0000   0.000  0.0000   0.000  0.0000  0.00117397
 580 4   0.00   5.00   0.00   0.00 29011. 111.72 0.0408  2.977  26.65 2.840.000   0.000   0.000  0.0000   0.000  0.0000   0.000  0.0000   0.000  0.0000   0.000  0.0000   0.000  0.0000   0.000  0.0000  0.00129842
 465 5   0.00   5.00   0.00   0.00 29003. 111.68 0.0419  3.007  26.65 2.270.000   0.000   0.000  0.0000   0.000  0.0000   0.000  0.0000   0.000  0.0000   0.000  0.0000   0.000  0.0000   0.000  0.0000  0.00143469
 464 4   0.00   5.00   0.00   0.00 28986. 111.58 0.0419  3.086  26.65 2.920.000   0.000   0.000  0.0000   0.000  0.0000   0.000  0.0000   0.000  0.0000   0.000  0.0000   0.000  0.0000   0.000  0.0000  0.00127223
 579 4   0.00   5.00   0.00   0.00 28980. 111.36 0.0420  3.297  26.65 3.030.000   0.000   0.000  0.0000   0.000  0.0000   0.000  0.0000   0.000  0.0000   0.000  0.0000   0.000  0.0000   0.000  0.0000  0.00143177
 463 5   0.00   5.00   0.00   0.00 28971. 111.48 0.0405  3.175  26.65 2.130.000   0.000   0.000  0.0000   0.000  0.0000   0.000  0.0000   0.000  0.0000   0.000  0.0000   0.000  0.0000   0.000  0.0000  0.00110292
 910 5   0.00   5.00   0.00   0.00 28968. 111.51 0.0475  3.137  26.65 2.240.000   0.000   0.000  0.0000   0.000  0.0000   0.000  0.0000   0.000  0.0000   0.000  0.0000   0.000  0.0000   0.000  0.0000  0.00264384
 909 5   0.00   5.00   0.00   0.00 28964. 111.57 0.0396  3.081  26.65 2.490.000   0.000   0.000  0.0000   0.000  0.0000   0.000  0.0000   0.000  0.0000   0.000  0.0000   0.000  0.0000   0.000  0.0000  0.00089345
 908 5   0.00   5.00   0.00   0.00 28961. 111.60 0.0443  3.044  26.65 2.320.000   0.000   0.000  0.0000   0.000  0.0000   0.000  0.0000   0.000  0.0000   0.000  0.0000   0.000  0.0000   0.000  0.0000  0.00155132
 907 5   0.00   5.00   0.00   0.00 28956. 111.67 0.0440  2.975  26.65 2.300.000   0.000   0.000  0.0000   0.000  0.0000   0.000  0.0000   0.000  0.0000   0.000  0.0000   0.000  0.0000   0.000  0.0000  0.00136067
3423 4   0.00   5.00   0.00   0.00 28952. 111.72 0.0614  2.921  26.65 2.630.000   0.000   0.000  0.0000   0.000  0.0000   0.000  0.0000   0.000  0.0000   0.000  0.0000   0.000  0.0000   0.000  0.0000  0.03693760
 578 4   0.00   5.00   0.00   0.00 28950. 111.78 0.0259  2.856  26.65 3.210.000   0.000   0.000  0.0000   0.000  0.0000   0.000  0.0000   0.000  0.0000   0.000  0.0000   0.000  0.0000   0.000  0.0000  0.03795103
 577 9   0.00   5.00   0.00   0.00 28949. 111.78 0.0518  2.748  26.65 3.280.000   0.000   0.000  0.0000   0.000  0.0000   0.000  0.0000   0.000  0.0000   0.000  0.0000   0.000  0.0000   0.000  0.0000  0.05567507
 576 9   0.00   5.00   0.00   0.00 28936. 111.78 0.0156  2.750  26.65 3.280.000   0.000   0.000  0.0000   0.000  0.0000   0.000  0.0000   0.000  0.0000   0.000  0.0000   0.000  0.0000   0.000  0.0000  0.00149987
 423 4   0.00   5.00   0.00   0.00 28934. 111.72 0.0496  2.862  26.65 2.630.000   0.000   0.000  0.0000   0.000  0.0000   0.000  0.0000   0.000  0.0000   0.000  0.0000   0.000  0.0000   0.000  0.0000  0.00300351
 905 5   0.00   5.00   0.00   0.00 28933. 111.75 0.0492  2.829  26.65 2.920.000   0.000   0.000  0.0000   0.000  0.0000   0.000  0.0000   0.000  0.0000   0.000  0.0000   0.000  0.0000   0.000  0.0000  0.00300351
 575 4   0.00   5.00   0.00   0.00 28932. 111.78 0.0424  2.797  26.65 3.210.000   0.000   0.000  0.0000   0.000  0.0000   0.000  0.0000   0.000  0.0000   0.000  0.0000   0.000  0.0000   0.000  0.0000  0.00124315
 904 5   0.00   5.00   0.00   0.00 28930. 111.75 0.0409  2.824  26.65 3.150.000   0.000   0.000  0.0000   0.000  0.0000   0.000  0.0000   0.000  0.0000   0.000  0.0000   0.000  0.0000   0.000  0.0000  0.00109616
 903 5   0.00   5.00   0.00   0.00 28925. 111.68 0.0467  2.886  26.65 2.890.000   0.000   0.000  0.0000   0.000  0.0000   0.000  0.0000   0.000  0.0000   0.000  0.0000   0.000  0.0000   0.000  0.0000  0.00291452
 902 5   0.00   5.00   0.00   0.00 28920. 111.61 0.0443  2.948  26.65 2.800.000   0.000   0.000  0.0000   0.000  0.0000   0.000  0.0000   0.000  0.0000   0.000  0.0000   0.000  0.0000   0.000  0.0000  0.00263341
 574 4   0.00   5.00   0.00   0.00 28919. 111.60 0.0432  2.956  26.65 3.370.000   0.000   0.000  0.0000   0.000  0.0000   0.000  0.0000   0.000  0.0000   0.000  0.0000   0.000  0.0000   0.000  0.0000  0.00242446
 901 5   0.00   5.00   0.00   0.00 28916. 111.59 0.0328  2.964  26.65 2.690.000   0.000   0.000  0.0000   0.000  0.0000   0.000  0.0000   0.000  0.0000   0.000  0.0000   0.000  0.0000   0.000  0.0000  0.00066198
9423 5   0.00   5.00   0.00   0.00 28885. 111.49 0.0358  3.040  26.65 2.630.000   0.000   0.000  0.0000   0.000  0.0000   0.000  0.0000   0.000  0.0000   0.000  0.0000   0.000  0.0000   0.000  0.0000  0.00069127
 573 4   0.00   5.00   0.00   0.00 28864. 111.42 0.0349  3.097  26.65 3.570.000   0.000   0.000  0.0000   0.000  0.0000   0.000  0.0000   0.000  0.0000   0.000  0.0000   0.000  0.0000   0.000  0.0000  0.00050147
8423 5   0.00   5.00   0.00   0.00 28845. 111.39 0.0360  3.118  26.65 2.630.000   0.000   0.000  0.0000   0.000  0.0000   0.000  0.0000   0.000  0.0000   0.000  0.0000   0.000  0.0000   0.000  0.0000  0.00057465
 572 4   0.00   5.00   0.00   0.00 28814. 111.33 0.0374  3.166  26.65 3.640.000   0.000   0.000  0.0000   0.000  0.0000   0.000  0.0000   0.000  0.0000   0.000  0.0000   0.000  0.0000   0.000  0.0000  0.00064681
 422 4   0.00   5.00   0.00   0.00 28796. 111.26 0.0366  3.222  26.65 3.700.000   0.000   0.000  0.0000   0.000  0.0000   0.000  0.0000   0.000  0.0000   0.000  0.0000   0.000  0.0000   0.000  0.0000  0.00111067
9422 5   0.00   5.00   0.00   0.00 28740. 111.25 0.0353  3.179  26.67 2.620.000   0.000   0.000  0.0000   0.000  0.0000   0.000  0.0000   0.000  0.0000   0.000  0.0000   0.000  0.0000   0.000  0.0000  0.00127697
8422 5   0.00   5.00   0.00   0.00 28738. 111.25 0.0125  3.184  26.67 2.560.700   0.000   0.000  0.0000   0.000  0.0000   0.000  0.0000   0.000  0.0000   0.000  0.0000   0.000  0.0000   0.000  0.0000  0.00000001
7422 5   0.00   5.00   0.00   0.00 28730. 111.25 0.0125  3.200  22.57 2.560.700   0.000   0.000  0.0000   0.000  0.0000   0.000  0.0000   0.000  0.0000   0.000  0.0000   0.000  0.0000   0.000  0.0000  0.00000001
 571 4   0.00   5.00   0.00   0.00 28726. 111.25 0.0125  3.219  19.39 2.560.700   0.000   0.000  0.0000   0.000  0.0000   0.000  0.0000   0.000  0.0000   0.000  0.0000   0.000  0.0000   0.000  0.0000  0.00000001
6422 5   0.00   5.00   0.00   0.00 28720. 111.15 0.0589  3.335  13.63 2.660.700   0.000   0.000  0.0000   0.000  0.0000   0.000  0.0000   0.000  0.0000   0.000  0.0000   0.000  0.0000   0.000  0.0000  0.00384551
5422 5   0.00   5.00   0.00   0.00 28719. 111.13 0.0734  3.363  12.58 2.690.000   0.000   0.000  0.0000   0.000  0.0000   0.000  0.0000   0.000  0.0000   0.000  0.0000   0.000  0.0000   0.000  0.0000  0.00769101
4422 5   0.00   5.00   0.00   0.00 28718. 111.12 0.0736  3.375  12.58 2.690.000   0.000   0.000  0.0000   0.000  0.0000   0.000  0.0000   0.000  0.0000   0.000  0.0000   0.000  0.0000   0.000  0.0000  0.00578204
 570 4   0.00   5.00   0.00   0.00 28717. 111.10 0.0740  3.391  12.58 3.610.000   0.000   0.000  0.0000   0.000  0.0000   0.000  0.0000   0.000  0.0000   0.000  0.0000   0.000  0.0000   0.000  0.0000  0.00699858
3421 4   0.00   5.00   0.00   0.00 28716. 111.11 0.0723  3.369  12.58 3.700.000   0.000   0.000  0.0000   0.000  0.0000   0.000  0.0000   0.000  0.0000   0.000  0.0000   0.000  0.0000   0.000  0.0000  0.00999422
2421 4   0.00   5.49   0.00   0.00 28715. 111.11 0.0853  3.361  12.58 5.460.000   0.000   0.000  0.0000   0.000  0.0000   0.000  0.0000   0.000  0.0000   0.000  0.0000   0.000  0.0000   0.000  0.0000  0.36763170
1421 2   5.00   3.00   0.00   0.00 28714. 111.11 0.0811  3.361  12.58 5.460.000   0.000   0.000  0.0000   0.000  0.0000   0.000  0.0000   0.000  0.0000   0.000  0.0000   0.000  0.0000   0.000  0.0000  1.09490037
 421 2   5.00   3.00   0.00   0.00 28713. 111.11 0.0788  2.641  12.58 3.700.000   0.000   0.000  0.0000   0.000  0.0000   0.000  0.0000   0.000  0.0000   0.000  0.0000   0.000  0.0000   0.000  0.0000  0.35554186
 566 4   5.50   5.00   0.00   0.00 28712. 110.96 0.0744  2.445  12.58 3.880.000   0.000   0.000  0.0000   0.000  0.0000   0.000  0.0000   0.000  0.0000   0.000  0.0000   0.000  0.0000   0.000  0.0000  0.11688343
9421 5   5.50   5.00   0.00   0.00 28707. 111.09 0.0528  2.307  12.58 3.240.000   0.000   0.000  0.0000   0.000  0.0000   0.000  0.0000   0.000  0.0000   0.000  0.0000   0.000  0.0000   0.000  0.0000  0.00291432
8421 5   5.50   5.00   0.00   0.00 28701. 111.26 0.0521  2.120  12.58 2.790.000   0.000   0.000  0.0000   0.000  0.0000   0.000  0.0000   0.000  0.0000   0.000  0.0000   0.000  0.0000   0.000  0.0000  0.00401185
 565 4   5.50   5.00   0.00   0.00 28696. 111.39 0.0570  1.978  12.58 2.440.000   0.000   0.000  0.0000   0.000  0.0000   0.000  0.0000   0.000  0.0000   0.000  0.0000   0.000  0.0000   0.000  0.0000  0.00956109
 564 4   5.50   5.00   0.00   0.00 28694. 111.45 0.0653  1.920  12.58 2.610.000   0.000   0.000  0.0000   0.000  0.0000   0.000  0.0000   0.000  0.0000   0.000  0.0000   0.000  0.0000   0.000  0.0000  0.02706232
 563 9   5.50   5.00   0.00   0.00 28693. 111.45 0.0512  1.893  12.58 2.670.000   0.000   0.000  0.0000   0.000  0.0000   0.000  0.0000   0.000  0.0000   0.000  0.0000   0.000  0.0000   0.000  0.0000  0.01353116
 562 9   5.50   5.00   0.00   0.00 28682. 111.45 0.0209  1.899  12.58 2.670.000   0.000   0.000  0.0000   0.000  0.0000   0.000  0.0000   0.000  0.0000   0.000  0.0000   0.000  0.0000   0.000  0.0000  0.00049933
 420 4   5.50   5.00   0.00   0.00 28680. 111.43 0.0367  1.930  12.58 2.410.000   0.000   0.000  0.0000   0.000  0.0000   0.000  0.0000   0.000  0.0000   0.000  0.0000   0.000  0.0000   0.000  0.0000  0.00099865
 561 4   5.50   5.00   0.00   0.00 28678. 111.45 0.0274  1.911  12.72 2.610.000   0.000   0.000  0.0000   0.000  0.0000   0.000  0.0000   0.000  0.0000   0.000  0.0000   0.000  0.0000   0.000  0.0000  0.00037490
 419 4   5.50   5.00   0.00   0.00 28662. 111.04 0.0432  2.326  12.72 3.050.000   0.000   0.000  0.0000   0.000  0.0000   0.000  0.0000   0.000  0.0000   0.000  0.0000   0.000  0.0000   0.000  0.0000  0.00094319
 560 4   5.50   5.00   0.00   0.00 28638. 110.95 0.0395  2.398  12.72 3.120.000   0.000   0.000  0.0000   0.000  0.0000   0.000  0.0000   0.000  0.0000   0.000  0.0000   0.000  0.0000   0.000  0.0000  0.00081470
 559 4   5.50   5.00   0.00   0.00 28616. 110.96 0.0364  2.363  12.72 3.090.000   0.000   0.000  0.0000   0.000  0.0000   0.000  0.0000   0.000  0.0000   0.000  0.0000   0.000  0.0000   0.000  0.0000  0.00076989
 558 4   5.50   5.00   0.00   0.00 28564. 111.07 0.0388  2.224  12.72 3.000.000   0.000   0.000  0.0000   0.000  0.0000   0.000  0.0000   0.000  0.0000   0.000  0.0000   0.000  0.0000   0.000  0.0000  0.00072423
 557 4   5.50   5.00   0.00   0.00 28525. 111.09 0.0377  2.180  12.72 2.850.000   0.000   0.000  0.0000   0.000  0.0000   0.000  0.0000   0.000  0.0000   0.000  0.0000   0.000  0.0000   0.000  0.0000  0.00073371
 418 4   5.50   5.00   0.00   0.00 28516. 111.12 0.0391  2.141  12.72 2.970.000   0.000   0.000  0.0000   0.000  0.0000   0.000  0.0000   0.000  0.0000   0.000  0.0000   0.000  0.0000   0.000  0.0000  0.00075783
 556 4   5.50   5.00   0.00   0.00 28487. 111.17 0.0388  2.074  12.99 2.700.000   0.000   0.000  0.0000   0.000  0.0000   0.000  0.0000   0.000  0.0000   0.000  0.0000   0.000  0.0000   0.000  0.0000  0.00065938
 555 4   5.50   5.00   0.00   0.00 28455. 111.00 0.0378  2.222  12.99 2.860.000   0.000   0.000  0.0000   0.000  0.0000   0.000  0.0000   0.000  0.0000   0.000  0.0000   0.000  0.0000   0.000  0.0000  0.00069600
 554 4   5.50   5.00   0.00   0.00 28384. 111.13 0.0563  2.060  12.99 3.020.000   0.000   0.000  0.0000   0.000  0.0000   0.000  0.0000   0.000  0.0000   0.000  0.0000   0.000  0.0000   0.000  0.0000  0.00702815
 553 4   5.50   5.00   0.00   0.00 28382. 111.09 0.0581  2.087  12.99 3.050.000   0.000   0.000  0.0000   0.000  0.0000   0.000  0.0000   0.000  0.0000   0.000  0.0000   0.000  0.0000   0.000  0.0000  0.00717589
 552 9   5.50   5.00   0.00   0.00 28381. 111.09 0.0559  2.073  12.99 3.080.000   0.000   0.000  0.0000   0.000  0.0000   0.000  0.0000   0.000  0.0000   0.000  0.0000   0.000  0.0000   0.000  0.0000  0.00742731
 551 9   5.50   5.00   0.00   0.00 28372. 111.09 0.0354  2.073  12.99 3.080.000   0.000   0.000  0.0000   0.000  0.0000   0.000  0.0000   0.000  0.0000   0.000  0.0000   0.000  0.0000   0.000  0.0000  0.00067702
 417 4   5.50   5.00   0.00   0.00 28371. 111.13 0.0459  2.040  12.99 2.970.000   0.000   0.000  0.0000   0.000  0.0000   0.000  0.0000   0.000  0.0000   0.000  0.0000   0.000  0.0000   0.000  0.0000  0.00141538
 550 4   5.50   5.00   0.00   0.00 28370. 111.09 0.0457  2.078  12.99 3.050.000   0.000   0.000  0.0000   0.000  0.0000   0.000  0.0000   0.000  0.0000   0.000  0.0000   0.000  0.0000   0.000  0.0000  0.00147687
 549 4   5.50   5.00   0.00   0.00 28321. 111.02 0.0415  2.107  12.99 3.120.000   0.000   0.000  0.0000   0.000  0.0000   0.000  0.0000   0.000  0.0000   0.000  0.0000   0.000  0.0000   0.000  0.0000  0.00127734
 416 4   5.50   5.00   0.00   0.00 28306. 111.11 0.0384  1.993  12.99 3.010.000   0.000   0.000  0.0000   0.000  0.0000   0.000  0.0000   0.000  0.0000   0.000  0.0000   0.000  0.0000   0.000  0.0000  0.00135259
 548 4   5.50   5.00   0.00   0.00 28263. 111.10 0.0353  1.943  13.02 3.070.000   0.000   0.000  0.0000   0.000  0.0000   0.000  0.0000   0.000  0.0000   0.000  0.0000   0.000  0.0000   0.000  0.0000  0.00109122
 547 4   5.50   5.00   0.00   0.00 28199. 110.92 0.0388  2.055  13.02 3.220.000   0.000   0.000  0.0000   0.000  0.0000   0.000  0.0000   0.000  0.0000   0.000  0.0000   0.000  0.0000   0.000  0.0000  0.00132964
 415 4   5.50   5.00   0.00   0.00 28161. 110.87 0.0391  2.074  13.02 3.250.000   0.000   0.000  0.0000   0.000  0.0000   0.000  0.0000   0.000  0.0000   0.000  0.0000   0.000  0.0000   0.000  0.0000  0.00128533
 546 4   5.50   5.00   0.00   0.00 28152. 110.88 0.0387  2.045  13.18 3.200.000   0.000   0.000  0.0000   0.000  0.0000   0.000  0.0000   0.000  0.0000   0.000  0.0000   0.000  0.0000   0.000  0.0000  0.00141469
 545 4   5.50   5.00   0.00   0.00 28081. 110.76 0.0455  2.099  13.18 3.230.000   0.000   0.000  0.0000   0.000  0.0000   0.000  0.0000   0.000  0.0000   0.000  0.0000   0.000  0.0000   0.000  0.0000  0.00270732
3414 4   5.50   5.00   0.00   0.00 28027. 111.08 0.0453  1.714  13.18 3.760.000   0.000   0.000  0.0000   0.000  0.0000   0.000  0.0000   0.000  0.0000   0.000  0.0000   0.000  0.0000   0.000  0.0000  0.00339925
 544 4   5.50   5.00   0.00   0.00 28026. 111.19 0.0446  1.598  13.18 3.690.000   0.000   0.000  0.0000   0.000  0.0000   0.000  0.0000   0.000  0.0000   0.000  0.0000   0.000  0.0000   0.000  0.0000  0.00349799
 543 9   5.50   5.00   0.00   0.00 28024. 111.19 0.0409  1.592  13.18 4.040.000   0.000   0.000  0.0000   0.000  0.0000   0.000  0.0000   0.000  0.0000   0.000  0.0000   0.000  0.0000   0.000  0.0000  0.00225271
 542 9   5.50   5.00   0.00   0.00 28016. 111.19 0.0354  1.586  13.18 4.040.000   0.000   0.000  0.0000   0.000  0.0000   0.000  0.0000   0.000  0.0000   0.000  0.0000   0.000  0.0000   0.000  0.0000  0.00125123
 414 4   5.50   5.00   0.00   0.00 28015. 111.08 0.0377  1.696  13.18 3.760.000   0.000   0.000  0.0000   0.000  0.0000   0.000  0.0000   0.000  0.0000   0.000  0.0000   0.000  0.0000   0.000  0.0000  0.00150197
 541 4   5.50   5.00   0.00   0.00 28012. 111.19 0.0333  1.580  13.18 3.690.000   0.000   0.000  0.0000   0.000  0.0000   0.000  0.0000   0.000  0.0000   0.000  0.0000   0.000  0.0000   0.000  0.0000  0.00104484
 540 4   5.50   5.00   0.00   0.00 28002. 110.48 0.0344  2.287  13.18 3.830.000   0.000   0.000  0.0000   0.000  0.0000   0.000  0.0000   0.000  0.0000   0.000  0.0000   0.000  0.0000   0.000  0.0000  0.00070038
 413 4   5.50   5.00   0.00   0.00 27953. 110.47 0.0341  2.256  13.18 3.210.000   0.000   0.000  0.0000   0.000  0.0000   0.000  0.0000   0.000  0.0000   0.000  0.0000   0.000  0.0000   0.000  0.0000  0.00072241
 539 4   5.50   5.00   0.00   0.00 27869. 110.56 0.0336  2.085  13.18 3.150.000   0.000   0.000  0.0000   0.000  0.0000   0.000  0.0000   0.000  0.0000   0.000  0.0000   0.000  0.0000   0.000  0.0000  0.00073235
 412 4   5.50   5.00   0.00   0.00 27828. 110.50 0.0370  2.130  13.18 3.230.000   0.000   0.000  0.0000   0.000  0.0000   0.000  0.0000   0.000  0.0000   0.000  0.0000   0.000  0.0000   0.000  0.0000  0.00066965
 538 4   5.50   5.00   0.00   0.00 27798. 110.66 0.0369  1.944  13.18 2.910.000   0.000   0.000  0.0000   0.000  0.0000   0.000  0.0000   0.000  0.0000   0.000  0.0000   0.000  0.0000   0.000  0.0000  0.00082137
 411 4   5.50   5.55   0.00   0.00 27731. 110.63 0.0352  1.941  13.18 2.930.000   0.000   0.000  0.0000   0.000  0.0000   0.000  0.0000   0.000  0.0000   0.000  0.0000   0.000  0.0000   0.000  0.0000  0.00071018
 537 4   5.50   5.00   0.00   0.00 27721. 110.48 0.0394  2.078  13.18 2.860.000   0.000   0.000  0.0000   0.000  0.0000   0.000  0.0000   0.000  0.0000   0.000  0.0000   0.000  0.0000   0.000  0.0000  0.00060828
 536 4   5.50   5.00   0.00   0.00 27621. 110.34 0.0393  2.187  13.18 3.140.000   0.000   0.000  0.0000   0.000  0.0000   0.000  0.0000   0.000  0.0000   0.000  0.0000   0.000  0.0000   0.000  0.0000  0.00021608
 410 4   5.50   5.00   0.00   0.00 27610. 110.21 0.0436  2.315  13.18 3.230.000   0.000   0.000  0.0000   0.000  0.0000   0.000  0.0000   0.000  0.0000   0.000  0.0000   0.000  0.0000   0.000  0.0000  0.00015439
 409 4   5.50   5.00   0.00   0.00 27463. 110.36 0.0547  2.142  13.18 2.970.000   0.000   0.000  0.0000   0.000  0.0000   0.000  0.0000   0.000  0.0000   0.000  0.0000   0.000  0.0000   0.000  0.0000  0.00012875
 535 4   5.50   5.00   0.00   0.00 27407. 110.21 0.0482  2.285  13.18 2.960.000   0.000   0.000  0.0000   0.000  0.0000   0.000  0.0000   0.000  0.0000   0.000  0.0000   0.000  0.0000   0.000  0.0000  0.00013216
 408 4   5.50   5.00   0.00   0.00 27283. 110.20 0.0593  2.282  13.18 2.820.000   0.000   0.000  0.0000   0.000  0.0000   0.000  0.0000   0.000  0.0000   0.000  0.0000   0.000  0.0000   0.000  0.0000  0.00013561
 534 4   5.50   5.00   0.00   0.00 27193. 110.05 0.0532  2.417  13.18 2.830.000   0.000   0.000  0.0000   0.000  0.0000   0.000  0.0000   0.000  0.0000   0.000  0.0000   0.000  0.0000   0.000  0.0000  0.00027824
 407 4   5.50   5.00   0.00   0.00 27156. 110.19 0.0695  2.272  13.18 2.830.000   0.000   0.000  0.0000   0.000  0.0000   0.000  0.0000   0.000  0.0000   0.000  0.0000   0.000  0.0000   0.000  0.0000  0.00058089
 406 4   5.50   5.00   0.00   0.00 27049. 110.16 0.0493  2.245  13.18 2.800.000   0.000   0.000  0.0000   0.000  0.0000   0.000  0.0000   0.000  0.0000   0.000  0.0000   0.000  0.0000   0.000  0.0000  0.00087667
 533 4   5.50   5.00   0.00   0.00 26982. 110.03 0.0432  2.303  13.18 2.640.000   0.000   0.000  0.0000   0.000  0.0000   0.000  0.0000   0.000  0.0000   0.000  0.0000   0.000  0.0000   0.000  0.0000  0.00094129
 405 4   5.50   5.00   0.00   0.00 26938. 110.13 0.0426  2.158  13.18 2.860.000   0.000   0.000  0.0000   0.000  0.0000   0.000  0.0000   0.000  0.0000   0.000  0.0000   0.000  0.0000   0.000  0.0000  0.00158323
 532 4   5.50   5.00   0.00   0.00 26810. 109.99 0.0455  2.205  13.18 2.910.000   0.000   0.000  0.0000   0.000  0.0000   0.000  0.0000   0.000  0.0000   0.000  0.0000   0.000  0.0000   0.000  0.0000  0.00139967
 404 4   5.50   5.00   0.00   0.00 26808. 110.11 0.0443  2.079  13.18 2.920.000   0.000   0.000  0.0000   0.000  0.0000   0.000  0.0000   0.000  0.0000   0.000  0.0000   0.000  0.0000   0.000  0.0000  0.00171317
 531 4   5.50   5.00   0.00   0.00 26683. 110.04 0.0418  2.090  13.18 2.460.000   0.000   0.000  0.0000   0.000  0.0000   0.000  0.0000   0.000  0.0000   0.000  0.0000   0.000  0.0000   0.000  0.0000  0.00088965
 403 4   5.50   5.00   0.00   0.00 26674. 109.99 0.0387  2.125  13.18 2.660.000   0.000   0.000  0.0000   0.000  0.0000   0.000  0.0000   0.000  0.0000   0.000  0.0000   0.000  0.0000   0.000  0.0000  0.00096094
 530 4   5.50   5.00   0.00   0.00 26557. 110.03 0.0372  2.023  13.18 2.250.000   0.000   0.000  0.0000   0.000  0.0000   0.000  0.0000   0.000  0.0000   0.000  0.0000   0.000  0.0000   0.000  0.0000  0.00060526
 402 4   5.50   5.00   0.00   0.00 26522. 110.03 0.0363  1.999  13.18 2.440.000   0.000   0.000  0.0000   0.000  0.0000   0.000  0.0000   0.000  0.0000   0.000  0.0000   0.000  0.0000   0.000  0.0000  0.00064292
 401 4   5.50   5.00   0.00   0.00 26392. 109.89 0.0565  2.088  13.18 2.680.000   0.000   0.000  0.0000   0.000  0.0000   0.000  0.0000   0.000  0.0000   0.000  0.0000   0.000  0.0000   0.000  0.0000  0.00854450
 529 4   5.50   5.00   0.00   0.00 26391. 109.93 0.0571  2.023  13.18 2.460.000   0.000   0.000  0.0000   0.000  0.0000   0.000  0.0000   0.000  0.0000   0.000  0.0000   0.000  0.0000   0.000  0.0000  0.00864626
 400 4   5.50   5.00   0.00   0.00 26245. 109.76 0.0360  2.100  13.18 2.670.000   0.000   0.000  0.0000   0.000  0.0000   0.000  0.0000   0.000  0.0000   0.000  0.0000   0.000  0.0000   0.000  0.0000  0.00069393
 528 4   5.50   5.00   0.00   0.00 26225. 109.87 0.0383  1.976  13.18 2.290.000   0.000   0.000  0.0000   0.000  0.0000   0.000  0.0000   0.000  0.0000   0.000  0.0000   0.000  0.0000   0.000  0.0000  0.00091876
 399 4   5.50   5.00   0.00   0.00 26131. 109.89 0.0386  1.886  13.18 2.400.000   0.000   0.000  0.0000   0.000  0.0000   0.000  0.0000   0.000  0.0000   0.000  0.0000   0.000  0.0000   0.000  0.0000  0.00102809
3398 4   5.50   5.00   0.00   0.00 26070. 109.58 0.0523  2.145  13.18 2.910.000   0.000   0.000  0.0000   0.000  0.0000   0.000  0.0000   0.000  0.0000   0.000  0.0000   0.000  0.0000   0.000  0.0000  0.00927863
 527 4   5.50   5.00   0.00   0.00 26069. 109.43 0.0536  2.273  13.18 2.840.000   0.000   0.000  0.0000   0.000  0.0000   0.000  0.0000   0.000  0.0000   0.000  0.0000   0.000  0.0000   0.000  0.0000  0.00933310
 526 9   5.50   5.00   0.00   0.00 26068. 109.43 0.0450  2.268  13.18 3.350.000   0.000   0.000  0.0000   0.000  0.0000   0.000  0.0000   0.000  0.0000   0.000  0.0000   0.000  0.0000   0.000  0.0000  0.00300184
 525 9   5.50   5.00   0.00   0.00 26064. 109.43 0.0454  2.266  13.18 3.350.000   0.000   0.000  0.0000   0.000  0.0000   0.000  0.0000   0.000  0.0000   0.000  0.0000   0.000  0.0000   0.000  0.0000  0.00317013
 524 4   5.50   5.00   0.00   0.00 26063. 109.43 0.0459  2.266  13.18 2.840.000   0.000   0.000  0.0000   0.000  0.0000   0.000  0.0000   0.000  0.0000   0.000  0.0000   0.000  0.0000   0.000  0.0000  0.00340102
 398 4   5.50   5.00   0.00   0.00 26062. 109.58 0.0448  2.107  13.18 2.910.000   0.000   0.000  0.0000   0.000  0.0000   0.000  0.0000   0.000  0.0000   0.000  0.0000   0.000  0.0000   0.000  0.0000  0.00509985
3397 4   5.50   5.00   0.00   0.00 25968. 110.08 0.0445  1.536  13.18 2.810.000   0.000   0.000  0.0000   0.000  0.0000   0.000  0.0000   0.000  0.0000   0.000  0.0000   0.000  0.0000   0.000  0.0000  0.00558495
 523 4   5.50   5.00   0.00   0.00 25966. 109.90 0.0445  1.686  13.18 3.060.000   0.000   0.000  0.0000   0.000  0.0000   0.000  0.0000   0.000  0.0000   0.000  0.0000   0.000  0.0000   0.000  0.0000  0.00559235
 522 9   5.50   5.00   0.00   0.00 25964. 109.90 0.0306  1.684  13.18 3.200.000   0.000   0.000  0.0000   0.000  0.0000   0.000  0.0000   0.000  0.0000   0.000  0.0000   0.000  0.0000   0.000  0.0000  0.00075926
 521 9   5.50   5.00   0.00   0.00 25955. 109.90 0.0322  1.677  13.18 3.200.000   0.000   0.000  0.0000   0.000  0.0000   0.000  0.0000   0.000  0.0000   0.000  0.0000   0.000  0.0000   0.000  0.0000  0.00100939
 520 4   5.50   5.00   0.00   0.00 25949. 109.90 0.0331  1.674  13.18 3.060.000   0.000   0.000  0.0000   0.000  0.0000   0.000  0.0000   0.000  0.0000   0.000  0.0000   0.000  0.0000   0.000  0.0000  0.00112534
 397 4   5.50   5.00   0.00   0.00 25933. 110.08 0.0175  1.487  13.18 2.810.000   0.000   0.000  0.0000   0.000  0.0000   0.000  0.0000   0.000  0.0000   0.000  0.0000   0.000  0.0000   0.000  0.0000  0.00019706
9998 4   5.50   5.00   0.00   0.00 25918. 109.60 0.0283  1.980  13.18 2.400.000   0.000   0.000  0.0000   0.000  0.0000   0.000  0.0000   0.000  0.0000   0.000  0.0000   0.000  0.0000   0.000  0.0000  0.00009430
9997 4   5.50   5.00   0.00   0.00 25903. 109.60 0.0280  1.978  13.18 2.400.000   0.000   0.000  0.0000   0.000  0.0000   0.000  0.0000   0.000  0.0000   0.000  0.0000   0.000  0.0000   0.000  0.0000  0.00009430
9996 4   5.50   5.00   0.00   0.00 25885. 109.59 0.0329  1.987  13.18 2.400.000   0.000   0.000  0.0000   0.000  0.0000   0.000  0.0000   0.000  0.0000   0.000  0.0000   0.000  0.0000   0.000  0.0000  0.00018652
9995 4   5.50   5.00   0.00   0.00 25883. 109.59 0.0358  1.987  13.18 2.400.000   0.000   0.000  0.0000   0.000  0.0000   0.000  0.0000   0.000  0.0000   0.000  0.0000   0.000  0.0000   0.000  0.0000  0.00029054
9994 4   5.50   5.00   0.00   0.00 25881. 109.59 0.0338  1.986  13.18 2.400.000   0.000   0.000  0.0000   0.000  0.0000   0.000  0.0000   0.000  0.0000   0.000  0.0000   0.000  0.0000   0.000  0.0000  0.00021590
9993 4   5.50   5.00   0.00   0.00 25868. 109.59 0.0258  1.985  13.18 2.400.000   0.000   0.000  0.0000   0.000  0.0000   0.000  0.0000   0.000  0.0000   0.000  0.0000   0.000  0.0000   0.000  0.0000  0.00006643
9992 4   5.50   5.00   0.00   0.00 25853. 109.59 0.0335  1.984  13.18 2.400.000   0.000   0.000  0.0000   0.000  0.0000   0.000  0.0000   0.000  0.0000   0.000  0.0000   0.000  0.0000   0.000  0.0000  0.00020734
9991 4   5.50   5.00   0.00   0.00 25835. 109.58 0.0356  1.993  13.18 2.400.000   0.000   0.000  0.0000   0.000  0.0000   0.000  0.0000   0.000  0.0000   0.000  0.0000   0.000  0.0000   0.000  0.0000  0.00027770
9990 4   5.50   5.00   0.00   0.00 25833. 109.58 0.0332  1.992  13.18 2.400.000   0.000   0.000  0.0000   0.000  0.0000   0.000  0.0000   0.000  0.0000   0.000  0.0000   0.000  0.0000   0.000  0.0000  0.00019209
9989 4   5.50   5.00   0.00   0.00 25831. 109.58 0.0265  1.992  13.18 2.400.000   0.000   0.000  0.0000   0.000  0.0000   0.000  0.0000   0.000  0.0000   0.000  0.0000   0.000  0.0000   0.000  0.0000  0.00007165
9988 4   5.50   5.00   0.00   0.00 25818. 109.57 0.0278  2.001  13.18 2.400.000   0.000   0.000  0.0000   0.000  0.0000   0.000  0.0000   0.000  0.0000   0.000  0.0000   0.000  0.0000   0.000  0.0000  0.00008472
9987 4   5.50   5.00   0.00   0.00 25803. 109.57 0.0281  2.000  13.18 2.400.000   0.000   0.000  0.0000   0.000  0.0000   0.000  0.0000   0.000  0.0000   0.000  0.0000   0.000  0.0000   0.000  0.0000  0.00008875
9986 4   5.50   5.00   0.00   0.00 25785. 109.56 0.0251  2.008  13.18 2.400.000   0.000   0.000  0.0000   0.000  0.0000   0.000  0.0000   0.000  0.0000   0.000  0.0000   0.000  0.0000   0.000  0.0000  0.00005544
9985 4   5.50   5.00   0.00   0.00 25783. 109.56 0.0226  2.008  13.18 2.400.000   0.000   0.000  0.0000   0.000  0.0000   0.000  0.0000   0.000  0.0000   0.000  0.0000   0.000  0.0000   0.000  0.0000  0.00003844
9984 4   5.50   5.00   0.00   0.00 25781. 109.56 0.0268  2.008  13.18 2.400.000   0.000   0.000  0.0000   0.000  0.0000   0.000  0.0000   0.000  0.0000   0.000  0.0000   0.000  0.0000   0.000  0.0000  0.00007175
9983 4   5.50   5.00   0.00   0.00 25768. 109.56 0.0280  2.007  13.18 2.400.000   0.000   0.000  0.0000   0.000  0.0000   0.000  0.0000   0.000  0.0000   0.000  0.0000   0.000  0.0000   0.000  0.0000  0.00008494
9982 4   5.50   5.00   0.00   0.00 25753. 109.56 0.0283  2.006  13.18 2.400.000   0.000   0.000  0.0000   0.000  0.0000   0.000  0.0000   0.000  0.0000   0.000  0.0000   0.000  0.0000   0.000  0.0000  0.00008897
9981 4   5.50   5.00   0.00   0.00 25735. 109.55 0.0252  2.014  13.18 2.400.000   0.000   0.000  0.0000   0.000  0.0000   0.000  0.0000   0.000  0.0000   0.000  0.0000   0.000  0.0000   0.000  0.0000  0.00005566
9980 4   5.50   5.00   0.00   0.00 25733. 109.55 0.0227  2.014  13.18 2.400.000   0.000   0.000  0.0000   0.000  0.0000   0.000  0.0000   0.000  0.0000   0.000  0.0000   0.000  0.0000   0.000  0.0000  0.00003833
9979 4   5.50   5.00   0.00   0.00 25731. 109.55 0.0270  2.014  13.18 2.400.000   0.000   0.000  0.0000   0.000  0.0000   0.000  0.0000   0.000  0.0000   0.000  0.0000   0.000  0.0000   0.000  0.0000  0.00007189
9978 4   5.50   5.00   0.00   0.00 25718. 109.54 0.0267  2.023  13.18 2.400.000   0.000   0.000  0.0000   0.000  0.0000   0.000  0.0000   0.000  0.0000   0.000  0.0000   0.000  0.0000   0.000  0.0000  0.00006655
9977 4   5.50   5.00   0.00   0.00 25703. 109.54 0.0344  2.022  13.18 2.400.000   0.000   0.000  0.0000   0.000  0.0000   0.000  0.0000   0.000  0.0000   0.000  0.0000   0.000  0.0000   0.000  0.0000  0.00020756
9976 4   5.50   5.00   0.00   0.00 25685. 109.53 0.0365  2.031  13.18 2.400.000   0.000   0.000  0.0000   0.000  0.0000   0.000  0.0000   0.000  0.0000   0.000  0.0000   0.000  0.0000   0.000  0.0000  0.00027778
9975 4   5.50   5.00   0.00   0.00 25683. 109.53 0.0444  2.030  13.18 2.400.000   0.000   0.000  0.0000   0.000  0.0000   0.000  0.0000   0.000  0.0000   0.000  0.0000   0.000  0.0000   0.000  0.0000  0.00119217
9974 4   5.50   5.00   0.00   0.00 25681. 109.53 0.0486  2.030  13.18 2.400.000   0.000   0.000  0.0000   0.000  0.0000   0.000  0.0000   0.000  0.0000   0.000  0.0000   0.000  0.0000   0.000  0.0000  0.00307682
3394 4   5.50   5.00   0.00   0.00 25668. 109.88 0.0447  1.654  13.18 2.230.000   0.000   0.000  0.0000   0.000  0.0000   0.000  0.0000   0.000  0.0000   0.000  0.0000   0.000  0.0000   0.000  0.0000  0.00999987
 517 4   5.50   5.00   0.00   0.00 25667. 109.80 0.0452  1.722  13.18 2.240.000   0.000   0.000  0.0000   0.000  0.0000   0.000  0.0000   0.000  0.0000   0.000  0.0000   0.000  0.0000   0.000  0.0000  0.00958322
 516 9   5.50   5.00   0.00   0.00 25666. 109.80 0.0431  1.706  13.18 2.470.000   0.000   0.000  0.0000   0.000  0.0000   0.000  0.0000   0.000  0.0000   0.000  0.0000   0.000  0.0000   0.000  0.0000  0.00837726
 515 9   5.50   5.00   0.00   0.00 25662. 109.80 0.0342  1.709  13.18 2.470.000   0.000   0.000  0.0000   0.000  0.0000   0.000  0.0000   0.000  0.0000   0.000  0.0000   0.000  0.0000   0.000  0.0000  0.00199956
 514 4   5.50   5.00   0.00   0.00 25661. 109.80 0.0368  1.717  13.18 2.240.000   0.000   0.000  0.0000   0.000  0.0000   0.000  0.0000   0.000  0.0000   0.000  0.0000   0.000  0.0000   0.000  0.0000  0.00220246
 394 4   5.50   5.00   0.00   0.00 25660. 109.88 0.0346  1.633  13.18 2.230.000   0.000   0.000  0.0000   0.000  0.0000   0.000  0.0000   0.000  0.0000   0.000  0.0000   0.000  0.0000   0.000  0.0000  0.00170166
 393 4   5.50   5.00   0.00   0.00 25591. 109.41 0.0283  2.075  13.33 2.790.000   0.000   0.000  0.0000   0.000  0.0000   0.000  0.0000   0.000  0.0000   0.000  0.0000   0.000  0.0000   0.000  0.0000  0.00047590
 513 4   5.50   5.00   0.00   0.00 25561. 109.54 0.0268  1.924  13.33 2.680.000   0.000   0.000  0.0000   0.000  0.0000   0.000  0.0000   0.000  0.0000   0.000  0.0000   0.000  0.0000   0.000  0.0000  0.00045982
 392 4   5.50   5.00   0.00   0.00 25502. 109.17 0.0274  2.275  13.33 2.940.000   0.000   0.000  0.0000   0.000  0.0000   0.000  0.0000   0.000  0.0000   0.000  0.0000   0.000  0.0000   0.000  0.0000  0.00033970
 512 4   5.50   5.18   0.00   0.00 25474. 108.99 0.0125  2.454  13.33 3.810.000   0.000   0.000  0.0000   0.000  0.0000   0.000  0.0000   0.000  0.0000   0.000  0.0000   0.000  0.0000   0.000  0.0000  0.00001792
 511 4   5.50   5.18   0.00   0.00 25472. 108.99 0.0397  2.462  13.33 4.910.000   0.000   0.000  0.0000   0.000  0.0000   0.000  0.0000   0.000  0.0000   0.000  0.0000   0.000  0.0000   0.000  0.0000  0.00083415
 510 9   5.50   5.42   0.00   0.00 25471. 108.99 0.0435  2.462  13.33 5.230.000   0.000   0.000  0.0000   0.000  0.0000   0.000  0.0000   0.000  0.0000   0.000  0.0000   0.000  0.0000   0.000  0.0000  0.00166829
 509 4   5.50   5.06   0.00   0.00 25468. 109.36 0.0423  2.090  13.33 4.510.000   0.000   0.000  0.0000   0.000  0.0000   0.000  0.0000   0.000  0.0000   0.000  0.0000   0.000  0.0000   0.000  0.0000  0.00188802
 508 9   5.50   5.46   0.00   0.00 25467. 108.99 0.0457  2.461  13.33 5.230.000   0.000   0.000  0.0000   0.000  0.0000   0.000  0.0000   0.000  0.0000   0.000  0.0000   0.000  0.0000   0.000  0.0000  0.00261390
 507 9   5.50   5.27   0.00   0.00 25466. 109.36 0.0472  2.086  13.33 4.850.000   0.000   0.000  0.0000   0.000  0.0000   0.000  0.0000   0.000  0.0000   0.000  0.0000   0.000  0.0000   0.000  0.0000  0.00540839
 506 9   5.50   5.27   0.00   0.00 25453. 109.36 0.0473  2.083  13.33 4.850.000   0.000   0.000  0.0000   0.000  0.0000   0.000  0.0000   0.000  0.0000   0.000  0.0000   0.000  0.0000   0.000  0.0000  0.00561399
 390 4   5.50   5.28   0.00   0.00 25452. 109.14 0.0399  2.299  13.33 4.830.000   0.000   0.000  0.0000   0.000  0.0000   0.000  0.0000   0.000  0.0000   0.000  0.0000   0.000  0.0000   0.000  0.0000  0.00167443
 505 4   5.50   5.02   0.00   0.00 25446. 109.36 0.0348  2.081  13.33 4.510.000   0.000   0.000  0.0000   0.000  0.0000   0.000  0.0000   0.000  0.0000   0.000  0.0000   0.000  0.0000   0.000  0.0000  0.00057006
 389 4   5.50   5.00   0.00   0.00 25410. 109.16 0.0318  2.256  13.33 2.910.000   0.000   0.000  0.0000   0.000  0.0000   0.000  0.0000   0.000  0.0000   0.000  0.0000   0.000  0.0000   0.000  0.0000  0.00057006
 388 4   5.50   5.00   0.00   0.00 25309. 109.21 0.0400  2.177  13.33 2.990.000   0.000   0.000  0.0000   0.000  0.0000   0.000  0.0000   0.000  0.0000   0.000  0.0000   0.000  0.0000   0.000  0.0000  0.00244051
 504 4   5.50   5.00   0.00   0.00 25307. 109.33 0.0407  2.044  13.33 2.520.000   0.000   0.000  0.0000   0.000  0.0000   0.000  0.0000   0.000  0.0000   0.000  0.0000   0.000  0.0000   0.000  0.0000  0.00243752
 387 4   5.50   5.00   0.00   0.00 25233. 109.09 0.0296  2.245  13.33 3.110.000   0.000   0.000  0.0000   0.000  0.0000   0.000  0.0000   0.000  0.0000   0.000  0.0000   0.000  0.0000   0.000  0.0000  0.00058885
 503 4   5.50   5.00   0.00   0.00 25197. 109.25 0.0297  2.075  13.33 2.420.000   0.000   0.000  0.0000   0.000  0.0000   0.000  0.0000   0.000  0.0000   0.000  0.0000   0.000  0.0000   0.000  0.0000  0.00045802
 386 4   5.50   5.00   0.00   0.00 25119. 109.50 0.0252  1.750  13.33 2.580.000   0.000   0.000  0.0000   0.000  0.0000   0.000  0.0000   0.000  0.0000   0.000  0.0000   0.000  0.0000   0.000  0.0000  0.00052892
 502 4   5.50   5.00   0.00   0.00 25067. 109.12 0.0268  2.123  13.33 2.660.000   0.000   0.000  0.0000   0.000  0.0000   0.000  0.0000   0.000  0.0000   0.000  0.0000   0.000  0.0000   0.000  0.0000  0.00031259
 501 4   5.50   5.00   0.00   0.00 25012. 109.09 0.0373  2.137  13.33 2.750.000   0.000   0.000  0.0000   0.000  0.0000   0.000  0.0000   0.000  0.0000   0.000  0.0000   0.000  0.0000   0.000  0.0000  0.00159989
 385 4   5.50   5.00   0.00   0.00 25011. 108.90 0.0418  2.323  13.33 3.100.000   0.000   0.000  0.0000   0.000  0.0000   0.000  0.0000   0.000  0.0000   0.000  0.0000   0.000  0.0000   0.000  0.0000  0.00231522
 384 4   5.50   5.00   0.00   0.00 24910. 108.81 0.0442  2.396  13.33 3.050.000   0.000   0.000  0.0000   0.000  0.0000   0.000  0.0000   0.000  0.0000   0.000  0.0000   0.000  0.0000   0.000  0.0000  0.00282315
5383 5   5.50   5.00   0.00   0.00 24883. 108.95 0.0407  2.188  19.30 2.920.000   0.000   0.000  0.0000   0.000  0.0000   0.000  0.0000   0.000  0.0000   0.000  0.0000   0.000  0.0000   0.000  0.0000  0.00415059
 383 4   5.50   5.00   0.00   0.00 24855. 109.10 0.0279  1.961  25.27 2.920.000   0.000   0.000  0.0000   0.000  0.0000   0.000  0.0000   0.000  0.0000   0.000  0.0000   0.000  0.0000   0.000  0.0000  0.00158257
9383 5   5.50   5.00   0.00   0.00 24835. 109.27 0.0340  1.794  19.37 2.640.000   0.000   0.000  0.0000   0.000  0.0000   0.000  0.0000   0.000  0.0000   0.000  0.0000   0.000  0.0000   0.000  0.0000  0.00205676
8383 5   5.50   5.00   0.00   0.00 24815. 109.45 0.0335  1.582  19.37 2.360.000   0.000   0.000  0.0000   0.000  0.0000   0.000  0.0000   0.000  0.0000   0.000  0.0000   0.000  0.0000   0.000  0.0000  0.00237668
7383 5   5.50   5.00   0.00   0.00 24800. 109.58 0.0378  1.419  19.37 2.150.000   0.000   0.000  0.0000   0.000  0.0000   0.000  0.0000   0.000  0.0000   0.000  0.0000   0.000  0.0000   0.000  0.0000  0.00573498
 382 4   5.50   5.00   0.00   0.00 24787. 109.69 0.0330  1.267  19.37 1.970.000   0.000   0.000  0.0000   0.000  0.0000   0.000  0.0000   0.000  0.0000   0.000  0.0000   0.000  0.0000   0.000  0.0000  0.00750768
5382 2   8.50   2.00   0.00   0.00 24780. 109.69 0.0200  1.183  19.3799.990.000   0.000   0.000  0.0000   0.000  0.0000   0.000  0.0000   0.000  0.0000   0.000  0.0000   0.000  0.0000   0.000  0.0000  0.01199886
