"ID","KNO","TYP","STAT","SOHL","UF_L","UF_R","WSP","Q","V","AVOL","I1000","HEL","HGR","HWSPORI","HDECKDF","HSOHLOF","KS","B_WSP","FROUDE","IT","TIME","X","Y"
10488,600,4,29388.0,114.01,116.66,115.70,115.99,26.72,2.21,0.0,3.894,116.24,115.61,115.99,3047.87,114.01,33.33,9.59,0.63,1441,60.042,3473409.76,5446591.47
10488,599,4,29352.0,113.89,116.71,116.50,115.82,26.72,2.34,0.0,4.429,116.11,115.47,115.82,3047.87,113.89,33.33,9.51,0.68,1441,60.042,3473390.83,5446622.08
10488,598,4,29350.0,113.86,116.51,116.50,115.86,26.72,2.09,0.0,3.335,116.11,115.41,115.86,3047.87,113.86,33.33,10.23,0.60,1441,60.042,3473389.88,5446623.85
10488,597,9,29349.0,113.86,116.51,116.50,115.76,26.72,2.51,0.0,4.743,116.03,115.38,115.76,3047.87,113.86,33.33,6.83,0.64,1441,60.042,3473389.41,5446624.73
10488,596,9,29339.0,113.86,116.43,116.45,115.68,26.72,2.63,0.0,5.194,116.08,115.36,115.68,3047.87,113.86,33.33,6.90,0.69,1441,60.042,3473384.68,5446633.54
10488,595,4,29338.0,113.86,116.25,116.38,115.78,26.72,2.20,0.0,3.756,116.08,115.39,115.78,3047.87,113.86,33.33,9.85,0.63,1441,60.042,3473384.21,5446634.42
10488,480,4,29328.0,113.87,116.06,115.63,115.55,26.72,2.89,0.0,7.614,115.97,115.44,115.55,3047.87,113.87,33.33,8.44,0.88,1441,60.042,3473379.12,5446643.00
10488,594,4,29320.0,113.77,115.87,115.57,115.60,26.72,2.49,0.0,6.170,115.97,115.34,115.60,3047.87,113.77,33.33,11.04,0.80,1441,60.042,3473374.29,5446649.38
10488,9480,5,29315.0,113.73,115.81,115.58,115.58,26.72,2.47,0.0,5.836,115.89,115.30,115.58,3047.87,113.73,33.33,10.71,0.78,1441,60.042,3473371.28,5446653.37
10488,593,4,29304.0,113.64,115.67,115.59,115.52,26.72,2.44,0.0,5.413,115.83,115.21,115.52,3047.87,113.64,33.33,10.86,0.78,1441,60.042,3473364.64,5446662.14
10488,479,4,29300.0,113.63,115.58,115.57,115.49,26.72,2.48,0.0,4.923,115.84,115.20,115.49,3047.87,113.63,33.33,8.85,0.72,1441,60.042,3473362.23,5446665.33
10488,592,4,29295.0,113.59,115.46,115.57,115.58,26.72,2.04,0.0,0.123,115.84,115.12,115.58,3047.87,113.59,200.00,13.51,0.66,1441,60.042,3473359.21,5446669.32
10488,5591,5,29294.0,113.77,115.46,115.58,115.54,26.72,2.22,0.0,0.134,115.76,115.22,115.54,3047.87,113.77,200.00,11.72,0.70,1441,60.042,3473358.61,5446670.12
10488,591,8,29293.0,113.95,115.46,115.58,115.33,26.73,3.06,0.0,0.277,115.69,115.33,115.33,3047.87,113.95,200.00,9.19,1.00,1441,60.042,3473358.00,5446670.91
10488,590,4,29290.0,113.49,115.47,115.59,114.87,26.73,3.18,0.0,19.044,115.47,114.90,114.87,3047.87,113.49,25.00,8.69,1.03,1441,60.042,3473356.19,5446673.30
10488,478,5,29288.0,113.44,115.44,115.58,115.13,26.65,2.32,0.0,8.110,115.22,114.83,115.13,3047.87,113.44,25.00,10.05,0.69,1441,60.042,3473354.99,5446674.90
10488,589,4,29277.0,113.16,115.28,115.50,115.01,26.65,1.78,0.0,4.206,115.22,114.46,115.01,3047.87,113.16,25.00,12.03,0.51,1441,60.042,3473348.35,5446683.67
10488,477,5,29276.0,113.11,115.27,115.49,115.01,26.65,1.73,0.0,3.859,115.17,114.42,115.01,3047.87,113.11,25.00,12.14,0.49,1441,60.042,3473347.75,5446684.47
10488,588,4,29259.0,112.34,115.11,115.27,115.01,26.65,1.20,0.0,1.399,115.12,113.84,115.01,3047.87,112.34,25.00,14.19,0.31,1441,60.042,3473337.49,5446698.03
10488,476,4,29257.0,112.67,115.37,115.35,115.01,26.65,1.20,0.0,1.463,115.08,113.88,115.01,3047.87,112.67,25.00,15.03,0.31,1441,60.042,3473336.29,5446699.62
10488,475,4,29225.0,112.42,114.76,115.09,115.01,26.65,1.13,0.0,1.996,115.08,113.87,115.01,3047.87,112.42,25.00,21.32,0.34,1441,60.042,3473314.88,5446723.00
10488,587,4,29210.0,112.05,114.64,115.06,114.99,26.65,1.06,0.0,1.676,115.05,113.65,114.99,3047.87,112.05,25.00,22.12,0.32,1441,60.042,3473302.83,5446731.93
10488,474,4,29195.0,111.74,114.78,114.82,114.95,26.65,1.13,0.0,2.021,115.01,113.67,114.95,3047.87,111.74,25.00,21.20,0.34,1441,60.042,3473290.78,5446740.86
10488,473,5,29162.0,111.93,114.74,114.98,114.89,26.65,1.13,0.0,1.927,114.95,113.60,114.89,3047.87,111.93,25.00,20.88,0.34,1441,60.042,3473264.26,5446760.50
10488,586,4,29148.0,112.01,114.73,115.05,114.86,26.65,1.15,0.0,1.915,114.93,113.60,114.86,3047.87,112.01,25.00,20.41,0.35,1441,60.042,3473253.08,5446768.92
10488,472,5,29128.0,111.88,114.69,114.76,114.84,26.65,1.04,0.0,1.575,114.90,113.47,114.84,3047.87,111.88,25.00,22.19,0.31,1441,60.042,3473237.40,5446781.35
10488,471,5,29100.0,111.70,114.64,114.35,114.81,26.65,0.91,0.0,0.975,114.86,113.29,114.81,3047.87,111.70,25.00,20.96,0.25,1441,60.042,3473215.46,5446798.74
10488,585,4,29092.0,111.65,114.63,114.23,114.81,26.65,0.88,0.0,0.855,114.85,113.24,114.81,3047.87,111.65,25.00,20.43,0.23,1441,60.042,3473209.19,5446803.71
10488,470,5,29072.0,111.65,114.79,114.52,114.79,26.65,0.94,0.0,0.893,114.83,113.19,114.79,3047.87,111.65,25.00,17.65,0.24,1441,60.042,3473192.89,5446815.17
10488,469,5,29058.0,111.64,114.90,114.73,114.77,26.65,0.99,0.0,0.908,114.82,113.16,114.77,3047.87,111.64,25.00,15.68,0.24,1441,60.042,3473180.50,5446821.68
10488,584,4,29045.0,111.64,115.01,114.92,114.75,26.65,1.04,0.0,0.908,114.80,113.13,114.75,3047.87,111.64,25.00,13.81,0.24,1441,60.042,3473168.54,5446826.73
10488,468,4,29044.0,111.69,115.16,114.63,114.74,26.65,1.10,0.0,1.441,114.80,113.40,114.74,3047.87,111.69,25.00,17.01,0.30,1441,60.042,3473167.60,5446827.07
10488,583,9,29043.0,111.64,115.61,115.52,114.74,26.65,1.10,0.0,1.870,114.80,113.13,114.74,3047.87,111.64,25.00,3.10,0.13,1441,60.042,3473166.67,5446827.42
10488,582,9,29042.0,111.64,115.61,115.52,114.74,26.65,1.10,0.0,1.864,114.80,113.13,114.74,3047.87,111.64,25.00,3.16,0.13,1441,60.042,3473165.73,5446827.77
10488,581,4,29041.0,111.64,115.01,114.92,114.75,26.65,1.04,0.0,0.916,114.80,113.13,114.75,3047.87,111.64,25.00,13.79,0.24,1441,60.042,3473164.79,5446828.11
10488,467,4,29040.0,111.69,115.70,115.70,114.72,26.65,1.23,0.0,2.138,114.79,113.40,114.72,3047.87,111.69,25.00,4.16,0.17,1441,60.042,3473163.85,5446828.46
10488,466,5,29027.0,111.70,115.20,115.19,114.71,26.65,1.12,0.0,1.681,114.78,113.31,114.71,3047.87,111.70,25.00,12.02,0.25,1441,60.042,3473151.66,5446832.96
10488,580,4,29011.0,111.72,114.59,114.56,114.70,26.65,1.03,0.0,1.323,114.76,113.22,114.70,3047.87,111.72,25.00,20.48,0.29,1441,60.042,3473135.74,5446833.68
10488,465,5,29003.0,111.68,114.56,114.54,114.69,26.65,1.02,0.0,1.271,114.74,113.20,114.69,3047.87,111.68,25.00,19.35,0.28,1441,60.042,3473127.79,5446832.85
10488,464,4,28986.0,111.58,114.50,114.51,114.67,26.65,1.03,0.0,1.070,114.72,113.16,114.67,3047.87,111.58,25.00,15.80,0.26,1441,60.042,3473112.13,5446826.24
10488,579,4,28980.0,111.36,114.39,114.53,114.66,26.65,1.06,0.0,1.185,114.71,113.04,114.66,3047.87,111.36,25.00,16.19,0.27,1441,60.042,3473106.17,5446825.78
10488,463,5,28971.0,111.48,114.63,114.47,114.65,26.65,1.03,0.0,1.024,114.70,112.97,114.65,3047.87,111.48,25.00,15.42,0.25,1441,60.042,3473097.18,5446825.69
10488,910,5,28968.0,111.51,114.71,114.45,114.65,26.65,1.02,0.0,0.963,114.70,112.96,114.65,3047.87,111.51,25.00,15.12,0.25,1441,60.042,3473094.23,5446826.04
10488,909,5,28964.0,111.57,114.82,114.43,114.64,26.65,1.01,0.0,0.878,114.70,112.95,114.64,3047.87,111.57,25.00,14.57,0.24,1441,60.042,3473090.58,5446827.66
10488,908,5,28961.0,111.60,114.90,114.41,114.64,26.65,1.00,0.0,0.815,114.69,112.94,114.64,3047.87,111.60,25.00,14.10,0.23,1441,60.042,3473087.84,5446828.88
10488,907,5,28956.0,111.67,115.03,114.38,114.64,26.65,0.98,0.0,0.735,114.69,112.94,114.64,3047.87,111.67,25.00,13.64,0.22,1441,60.042,3473083.27,5446830.91
10488,3423,4,28952.0,111.72,115.14,114.35,114.64,26.65,0.96,0.0,0.688,114.69,112.95,114.64,3047.87,111.72,25.00,13.53,0.21,1441,60.042,3473079.73,5446832.76
10488,578,4,28950.0,111.78,115.17,114.99,114.64,26.65,0.99,0.0,0.788,114.68,113.09,114.64,3047.87,111.78,25.00,14.17,0.23,1441,60.042,3473078.00,5446833.77
10488,577,9,28949.0,111.78,115.17,115.06,114.53,26.65,1.81,0.0,0.424,114.65,113.20,114.53,3047.87,111.78,100.00,0.10,0.05,1441,60.042,3473077.14,5446834.28
10488,576,9,28936.0,111.78,115.44,115.06,114.48,26.65,1.81,0.0,6.738,114.68,113.20,114.48,3047.87,111.78,25.00,0.10,0.05,1441,60.042,3473065.95,5446840.89
10488,423,4,28934.0,111.72,115.14,114.35,114.58,26.65,0.99,0.0,0.748,114.68,112.95,114.58,3047.87,111.72,25.00,13.45,0.22,1441,60.042,3473064.22,5446841.91
10488,905,5,28933.0,111.75,115.22,114.67,114.58,26.65,1.00,0.0,0.802,114.63,113.02,114.58,3047.87,111.75,25.00,13.75,0.23,1441,60.042,3473063.36,5446842.42
10488,575,4,28932.0,111.78,115.31,114.99,114.58,26.65,1.02,0.0,0.863,114.63,113.09,114.58,3047.87,111.78,25.00,14.02,0.24,1441,60.042,3473062.50,5446842.93
10488,904,5,28930.0,111.75,115.28,114.99,114.57,26.65,1.03,0.0,0.886,114.63,113.06,114.57,3047.87,111.75,25.00,13.84,0.24,1441,60.042,3473060.78,5446843.94
10488,903,5,28925.0,111.68,115.22,114.98,114.57,26.65,1.06,0.0,0.965,114.62,112.98,114.57,3047.87,111.68,25.00,13.57,0.25,1441,60.042,3473056.48,5446846.49
10488,902,5,28920.0,111.61,115.15,114.97,114.56,26.65,1.09,0.0,1.108,114.62,112.90,114.56,3047.87,111.61,25.00,14.12,0.26,1441,60.042,3473052.04,5446848.73
10488,574,4,28919.0,111.60,115.14,114.97,114.56,26.65,1.09,0.0,1.147,114.62,112.88,114.56,3047.87,111.60,25.00,14.36,0.27,1441,60.042,3473051.08,5446849.01
10488,901,5,28916.0,111.59,115.13,114.97,114.55,26.65,1.08,0.0,1.134,114.61,112.88,114.55,3047.87,111.59,25.00,14.58,0.27,1441,60.042,3473048.21,5446849.87
10488,9423,5,28885.0,111.49,115.05,114.98,114.53,26.65,1.00,0.0,0.954,114.59,112.83,114.53,3047.87,111.49,25.00,15.79,0.25,1441,60.042,3473019.57,5446861.69
10488,573,4,28864.0,111.42,115.00,114.99,114.52,26.65,0.95,0.0,0.793,114.57,112.79,114.52,3047.87,111.42,25.00,15.54,0.23,1441,60.042,3473001.40,5446872.15
10488,8423,5,28845.0,111.39,115.05,114.98,114.51,26.65,0.89,0.0,0.692,114.55,112.81,114.51,3047.87,111.39,25.00,16.86,0.21,1441,60.042,3472984.78,5446881.36
10488,572,4,28814.0,111.33,115.14,114.97,114.50,26.65,0.80,0.0,0.558,114.53,112.84,114.50,3047.87,111.33,25.00,19.14,0.19,1441,60.042,3472959.60,5446899.17
10488,422,4,28796.0,111.26,115.05,114.96,114.48,26.65,0.85,0.0,0.646,114.52,112.82,114.48,3047.87,111.26,25.00,18.05,0.21,1441,60.042,3472948.79,5446913.41
10488,9422,5,28740.0,111.25,114.06,114.89,114.43,26.67,0.99,0.0,0.794,114.48,112.72,114.43,3047.87,111.25,25.00,13.66,0.22,1441,60.042,3472929.35,5446965.86
10488,8422,5,28738.0,111.25,114.02,114.89,114.43,26.67,0.99,-4.1,0.800,114.49,112.72,114.43,3047.87,111.25,25.00,13.50,0.22,1441,60.042,3472928.78,5446967.78
10488,7422,5,28730.0,111.25,113.88,114.88,114.45,22.57,0.84,-3.2,0.565,114.50,112.58,114.45,3047.87,111.25,25.00,12.95,0.19,1441,60.042,3472926.51,5446975.45
10488,571,4,28726.0,111.25,113.81,114.87,114.47,19.39,0.73,-5.8,0.411,114.51,112.47,114.47,3047.87,111.25,25.00,12.69,0.16,1441,60.042,3472925.51,5446979.32
10488,6422,5,28720.0,111.15,114.55,114.76,114.49,13.63,0.58,-1.1,0.267,114.51,112.15,114.49,3047.87,111.15,25.00,10.25,0.12,1441,60.042,3472924.26,5446985.18
10488,5422,5,28719.0,111.13,114.67,114.75,114.49,12.58,0.55,0.0,0.241,114.51,112.08,114.49,3047.87,111.13,25.00,9.83,0.12,1441,60.042,3472924.05,5446986.16
10488,4422,5,28718.0,111.12,114.80,114.73,114.49,12.58,0.57,0.0,0.258,114.51,112.06,114.49,3047.87,111.12,25.00,9.40,0.12,1441,60.042,3472923.84,5446987.14
10488,570,4,28717.0,111.10,114.92,114.71,114.49,12.58,0.59,0.0,0.277,114.51,112.04,114.49,3047.87,111.10,25.00,8.97,0.12,1441,60.042,3472923.63,5446988.12
10488,3421,4,28716.0,111.11,115.87,114.81,114.48,12.58,0.76,0.0,0.572,114.50,112.02,114.48,3047.87,111.11,25.00,5.00,0.13,1441,60.042,3472923.34,5446989.06
10488,2421,4,28715.0,111.11,116.57,116.57,114.47,12.58,0.76,0.0,0.576,114.50,112.01,114.47,3047.87,111.11,25.00,5.00,0.13,1441,60.042,3472922.84,5446989.93
10488,1421,2,28714.0,111.11,116.57,116.57,114.47,12.58,0.84,0.0,1.226,114.22,0.00,114.47,3047.87,111.11,25.00,0.03,0.01,1441,60.042,3472922.34,5446990.80
10488,421,2,28713.0,111.11,114.81,114.81,113.38,12.58,1.11,0.0,1.247,113.24,0.00,113.38,3047.87,111.11,28.01,5.00,0.24,1441,60.042,3472921.84,5446991.66
10488,566,4,28712.0,110.96,114.92,114.84,113.41,12.58,0.80,0.0,0.494,113.43,111.94,113.41,3047.87,110.96,28.01,7.58,0.18,1441,60.042,3472921.34,5446992.53
10488,9421,5,28707.0,111.09,114.72,114.52,113.40,12.58,0.86,0.0,0.706,113.43,112.10,113.40,3047.87,111.09,28.01,9.40,0.22,1441,60.042,3472918.84,5446996.86
10488,8421,5,28701.0,111.26,114.47,114.15,113.38,12.58,0.99,0.0,1.000,113.42,112.29,113.38,3047.87,111.26,28.01,9.04,0.27,1441,60.042,3472915.84,5447002.06
10488,565,4,28696.0,111.39,114.27,113.83,113.36,12.58,1.14,0.0,1.457,113.43,112.45,113.36,3047.87,111.39,28.01,8.64,0.32,1441,60.042,3472912.93,5447006.10
10488,564,4,28694.0,111.45,114.27,114.06,113.37,12.58,1.00,0.0,1.092,113.43,112.38,113.37,3047.87,111.45,28.01,10.10,0.29,1441,60.042,3472911.69,5447007.68
10488,563,9,28693.0,111.45,114.27,114.12,113.34,12.58,1.22,0.0,3.030,113.42,112.38,113.34,3047.87,111.45,28.01,0.50,0.09,1441,60.042,3472911.07,5447008.46
10488,562,9,28682.0,111.45,114.27,114.12,113.34,12.58,1.22,0.0,3.027,113.42,112.38,113.34,3047.87,111.45,28.01,0.51,0.09,1441,60.042,3472904.28,5447017.12
10488,420,4,28680.0,111.43,114.27,113.84,113.36,12.58,1.03,0.0,1.129,113.42,112.37,113.36,3047.87,111.43,28.01,8.92,0.28,1441,60.042,3472903.05,5447018.69
10488,561,4,28678.0,111.45,114.27,114.06,113.36,12.72,1.02,0.0,1.133,113.41,112.39,113.36,3047.87,111.45,28.01,9.97,0.29,1441,60.042,3472901.81,5447020.26
10488,419,4,28662.0,111.04,114.09,114.28,113.37,12.72,0.78,0.0,0.551,113.41,112.01,113.37,3047.87,111.04,28.01,11.14,0.21,1441,60.042,3472893.64,5447033.97
10488,560,4,28638.0,110.95,114.07,114.25,113.35,12.72,0.82,0.0,0.692,113.38,112.02,113.35,3047.87,110.95,28.01,11.33,0.22,1441,60.042,3472886.66,5447056.79
10488,559,4,28616.0,110.96,114.05,114.18,113.32,12.72,0.91,0.0,0.881,113.36,112.06,113.32,3047.87,110.96,28.01,10.70,0.25,1441,60.042,3472887.35,5447078.69
10488,558,4,28564.0,111.07,114.11,114.07,113.29,12.72,0.79,0.0,0.622,113.33,111.99,113.29,3047.87,111.07,28.01,11.73,0.22,1441,60.042,3472903.86,5447128.00
10488,557,4,28525.0,111.09,114.10,113.94,113.27,12.72,0.77,0.0,0.694,113.30,111.94,113.27,3047.87,111.09,28.01,14.13,0.23,1441,60.042,3472917.25,5447164.62
10488,418,4,28516.0,111.12,114.10,114.09,113.26,12.72,0.81,0.0,0.623,113.29,112.01,113.26,3047.87,111.12,28.01,10.77,0.21,1441,60.042,3472920.16,5447173.14
10488,556,4,28487.0,111.17,114.11,113.87,113.24,12.99,0.79,0.0,0.552,113.28,111.96,113.24,3047.87,111.17,28.01,10.83,0.20,1441,60.042,3472929.53,5447200.59
10488,555,4,28455.0,111.00,114.10,113.86,113.22,12.99,0.83,0.0,0.636,113.26,111.97,113.22,3047.87,111.00,28.01,10.79,0.22,1441,60.042,3472940.57,5447230.61
10488,554,4,28384.0,111.13,114.15,114.17,113.17,12.99,0.85,0.0,0.720,113.21,112.03,113.17,3047.87,111.13,28.01,11.36,0.23,1441,60.042,3472971.11,5447294.48
10488,553,4,28382.0,111.09,114.14,114.17,113.18,12.99,0.77,0.0,0.546,113.21,111.99,113.18,3047.87,111.09,28.01,11.82,0.21,1441,60.042,3472972.11,5447296.22
10488,552,9,28381.0,111.09,114.17,114.19,113.16,12.99,0.93,0.0,0.775,113.20,112.01,113.16,3047.87,111.09,28.01,7.67,0.22,1441,60.042,3472972.61,5447297.08
10488,551,9,28372.0,111.09,114.17,114.19,113.16,12.99,0.93,0.0,0.784,113.21,112.01,113.16,3047.87,111.09,28.01,7.67,0.22,1441,60.042,3472977.11,5447304.88
10488,417,4,28371.0,111.13,114.10,114.13,113.17,12.99,0.75,0.0,0.520,113.21,111.90,113.17,3047.87,111.13,28.01,11.88,0.20,1441,60.042,3472977.61,5447305.75
10488,550,4,28370.0,111.09,114.14,114.17,113.17,12.99,0.78,0.0,0.556,113.20,111.99,113.17,3047.87,111.09,28.01,11.79,0.21,1441,60.042,3472978.11,5447306.61
10488,549,4,28321.0,111.02,114.14,114.83,113.13,12.99,0.88,0.0,0.759,113.16,111.95,113.13,3047.87,111.02,28.01,10.49,0.24,1441,60.042,3472993.60,5447352.98
10488,416,4,28306.0,111.11,114.12,114.87,113.10,12.99,0.98,0.0,1.116,113.15,112.03,113.10,3047.87,111.11,28.01,10.69,0.28,1441,60.042,3472997.40,5447367.48
10488,548,4,28263.0,111.10,114.17,114.54,113.04,13.02,1.07,0.0,1.252,113.10,112.05,113.04,3047.87,111.10,28.01,9.57,0.30,1441,60.042,3473008.32,5447409.08
10488,547,4,28199.0,110.92,114.14,114.59,112.98,13.02,1.02,0.0,1.026,113.03,111.89,112.98,3047.87,110.92,28.01,8.97,0.27,1441,60.042,3473028.74,5447469.69
10488,415,4,28161.0,110.87,114.12,114.63,112.94,13.02,0.96,0.0,0.945,112.99,111.75,112.94,3047.87,110.87,28.01,9.62,0.26,1441,60.042,3473042.80,5447504.98
10488,546,4,28152.0,110.88,114.08,114.80,112.93,13.18,1.04,0.0,1.076,112.98,111.88,112.93,3047.87,110.88,28.01,9.06,0.28,1441,60.042,3473046.61,5447513.13
10488,545,4,28081.0,110.76,113.99,115.32,112.86,13.18,0.99,0.0,0.952,112.91,111.74,112.86,3047.87,110.76,28.01,9.41,0.26,1441,60.042,3473069.77,5447579.91
10488,3414,4,28027.0,111.08,114.84,115.30,112.79,13.18,1.05,0.0,1.222,112.85,111.93,112.79,3047.87,111.08,28.01,10.17,0.30,1441,60.042,3473079.28,5447633.06
10488,544,4,28026.0,111.19,114.88,115.36,112.79,13.18,1.09,0.0,1.365,112.85,111.98,112.79,3047.87,111.19,28.01,10.10,0.32,1441,60.042,3473079.48,5447634.04
10488,543,9,28024.0,111.19,115.23,115.46,112.78,13.18,1.12,0.0,1.335,112.84,111.98,112.78,3047.87,111.19,28.01,8.77,0.31,1441,60.042,3473079.88,5447635.99
10488,542,9,28016.0,111.19,115.23,115.46,112.77,13.18,1.13,0.0,1.371,112.84,111.98,112.77,3047.87,111.19,28.01,8.77,0.31,1441,60.042,3473081.41,5447643.84
10488,414,4,28015.0,111.08,114.84,115.30,112.78,13.18,1.07,0.0,1.273,112.84,111.93,112.78,3047.87,111.08,28.01,10.12,0.31,1441,60.042,3473081.57,5447644.83
10488,541,4,28012.0,111.19,114.88,115.36,112.77,13.18,1.11,0.0,1.431,112.83,111.98,112.77,3047.87,111.19,28.01,10.02,0.33,1441,60.042,3473082.04,5447647.80
10488,540,4,28002.0,110.48,114.31,114.50,112.77,13.18,0.94,0.0,0.833,112.82,111.55,112.77,3047.87,110.48,28.01,9.73,0.25,1441,60.042,3473084.55,5447657.43
10488,413,4,27953.0,110.47,113.68,115.35,112.73,13.18,0.92,0.0,0.893,112.77,111.49,112.73,3047.87,110.47,28.01,10.70,0.25,1441,60.042,3473103.37,5447702.60
10488,539,4,27869.0,110.56,113.71,114.09,112.64,13.18,0.96,0.0,0.946,112.69,111.52,112.64,3047.87,110.56,28.01,10.10,0.26,1441,60.042,3473143.48,5447776.35
10488,412,4,27828.0,110.50,113.73,115.32,112.63,13.18,0.78,0.0,0.591,112.67,111.34,112.63,3047.87,110.50,28.01,12.23,0.21,1441,60.042,3473164.85,5447811.35
10488,538,4,27798.0,110.66,113.57,114.39,112.60,13.18,0.84,0.0,0.735,112.64,111.42,112.60,3047.87,110.66,28.01,11.68,0.23,1441,60.042,3473180.53,5447836.92
10488,411,4,27731.0,110.63,113.56,116.15,112.55,13.18,0.87,0.0,0.763,112.59,111.41,112.55,3047.87,110.63,28.01,10.90,0.24,1441,60.042,3473211.26,5447896.23
10488,537,4,27721.0,110.48,113.34,114.99,112.56,13.18,0.71,0.0,0.562,112.59,111.27,112.56,3047.87,110.48,28.01,15.42,0.21,1441,60.042,3473213.93,5447905.85
10488,536,4,27621.0,110.34,113.48,114.04,112.53,13.18,0.36,0.0,0.397,112.54,111.23,112.53,3047.87,110.34,20.00,41.87,0.12,1441,60.042,3473229.40,5448002.53
10488,410,4,27610.0,110.21,113.44,114.41,112.53,13.18,0.31,0.0,0.261,112.53,111.15,112.53,3047.87,110.21,20.00,45.35,0.10,1441,60.042,3473231.00,5448013.39
10488,409,4,27463.0,110.36,113.33,114.15,112.50,13.18,0.21,0.0,0.089,112.51,111.15,112.50,3047.87,110.36,20.00,55.28,0.06,1441,60.042,3473312.38,5448113.47
10488,535,4,27407.0,110.21,113.17,113.96,112.49,13.18,0.23,0.0,0.154,112.50,111.10,112.49,3047.87,110.21,20.00,60.23,0.08,1441,60.042,3473303.18,5448167.36
10488,408,4,27283.0,110.20,113.02,114.82,112.48,13.18,0.19,0.0,0.064,112.48,110.94,112.48,3047.87,110.20,20.00,54.65,0.05,1441,60.042,3473360.99,5448253.02
10488,534,4,27193.0,110.05,112.88,113.79,112.47,13.18,0.27,0.0,0.217,112.47,111.02,112.47,3047.87,110.05,20.00,52.47,0.09,1441,60.042,3473404.64,5448314.51
10488,407,4,27156.0,110.19,113.02,114.20,112.46,13.18,0.23,0.0,0.113,112.47,110.98,112.46,3047.87,110.19,20.00,46.97,0.07,1441,60.042,3473435.38,5448333.89
10488,406,4,27049.0,110.16,112.96,114.09,112.41,13.18,0.60,0.0,0.719,112.41,111.01,112.41,3047.87,110.16,20.00,17.38,0.17,1441,60.042,3473497.55,5448415.42
10488,533,4,26982.0,110.03,112.67,114.28,112.33,13.18,0.86,0.0,0.855,112.36,111.02,112.33,3047.87,110.03,25.00,10.20,0.23,1441,60.042,3473532.64,5448472.50
10488,405,4,26938.0,110.13,112.99,114.15,112.29,13.18,0.90,0.0,1.065,112.33,111.10,112.29,3047.87,110.13,25.00,10.79,0.25,1441,60.042,3473556.82,5448509.25
10488,532,4,26810.0,109.99,112.90,114.15,112.19,13.18,0.79,0.0,0.546,112.23,110.88,112.19,3047.87,109.99,28.01,10.86,0.20,1441,60.042,3473621.45,5448619.67
10488,404,4,26808.0,110.11,113.03,114.22,112.19,13.18,0.84,0.0,0.641,112.22,110.99,112.19,3047.87,110.11,28.01,10.54,0.22,1441,60.042,3473622.42,5448621.41
10488,531,4,26683.0,110.04,112.50,112.56,112.13,13.18,0.73,0.0,0.448,112.16,110.82,112.13,3047.87,110.04,28.01,11.84,0.19,1441,60.042,3473639.20,5448744.69
10488,403,4,26674.0,109.99,112.76,112.65,112.12,13.18,0.85,0.0,0.684,112.15,111.03,112.12,3047.87,109.99,28.01,11.02,0.23,1441,60.042,3473639.50,5448753.68
10488,530,4,26557.0,110.03,112.28,112.45,112.05,13.18,0.76,0.0,0.509,112.09,110.77,112.05,3047.87,110.03,28.01,11.43,0.20,1441,60.042,3473639.60,5448870.66
10488,402,4,26522.0,110.03,112.47,112.53,112.03,13.18,0.81,0.0,0.604,112.06,110.81,112.03,3047.87,110.03,28.01,10.99,0.21,1441,60.042,3473638.18,5448905.63
10488,401,4,26392.0,109.89,112.61,112.57,111.95,13.18,0.81,0.0,0.593,111.99,110.71,111.95,3047.87,109.89,28.01,11.07,0.21,1441,60.042,3473634.67,5449035.56
10488,529,4,26391.0,109.93,112.47,112.39,111.95,13.18,0.78,0.0,0.545,111.99,110.71,111.95,3047.87,109.93,28.01,11.53,0.20,1441,60.042,3473634.49,5449036.54
10488,400,4,26245.0,109.76,112.52,112.43,111.86,13.18,0.83,0.0,0.672,111.89,110.69,111.86,3047.87,109.76,28.01,11.23,0.22,1441,60.042,3473595.67,5449177.17
10488,528,4,26225.0,109.87,112.36,112.16,111.85,13.18,0.84,0.0,0.683,111.88,110.70,111.85,3047.87,109.87,28.01,11.19,0.23,1441,60.042,3473591.75,5449196.78
10488,399,4,26131.0,109.89,112.38,112.29,111.78,13.18,0.87,0.0,0.742,111.81,110.68,111.78,3047.87,109.89,28.01,11.01,0.24,1441,60.042,3473590.20,5449290.60
10488,3398,4,26070.0,109.58,112.82,112.49,111.70,13.18,1.07,0.0,1.243,111.76,110.66,111.70,3047.87,109.58,28.01,9.63,0.30,1441,60.042,3473571.69,5449346.34
10488,527,4,26069.0,109.43,112.41,112.27,111.70,13.18,0.99,0.0,1.031,111.76,110.68,111.70,3047.87,109.43,28.01,10.28,0.28,1441,60.042,3473571.02,5449347.09
10488,526,9,26068.0,109.43,112.78,112.80,111.70,13.18,1.03,0.0,1.031,111.75,110.68,111.70,3047.87,109.43,28.01,8.66,0.27,1441,60.042,3473570.35,5449347.83
10488,525,9,26064.0,109.43,112.78,112.80,111.69,13.18,1.03,0.0,1.040,111.75,110.68,111.69,3047.87,109.43,28.01,8.66,0.27,1441,60.042,3473567.69,5449350.81
10488,524,4,26063.0,109.43,112.41,112.27,111.70,13.18,1.00,0.0,1.046,111.75,110.68,111.70,3047.87,109.43,28.01,10.26,0.28,1441,60.042,3473567.02,5449351.56
10488,398,4,26062.0,109.58,112.82,112.49,111.69,13.18,1.08,0.0,1.266,111.74,110.66,111.69,3047.87,109.58,28.01,9.58,0.30,1441,60.042,3473566.35,5449352.30
10488,3397,4,25968.0,110.08,112.89,113.01,111.58,13.18,1.11,0.0,1.020,111.64,110.86,111.58,3047.87,110.08,33.33,9.55,0.32,1441,60.042,3473486.39,5449400.78
10488,523,4,25966.0,109.90,112.96,113.01,111.59,13.18,0.99,0.0,0.679,111.64,110.68,111.59,3047.87,109.90,33.33,8.80,0.26,1441,60.042,3473484.64,5449401.75
10488,522,9,25964.0,109.90,113.10,113.10,111.58,13.18,1.00,0.0,0.702,111.63,110.68,111.58,3047.87,109.90,33.33,8.58,0.26,1441,60.042,3473482.90,5449402.72
10488,521,9,25955.0,109.90,113.10,113.10,111.58,13.18,1.01,0.0,0.712,111.63,110.68,111.58,3047.87,109.90,33.33,8.58,0.26,1441,60.042,3473475.02,5449407.08
10488,520,4,25949.0,109.90,112.96,113.01,111.57,13.18,1.00,0.0,0.632,111.63,110.68,111.57,3047.87,109.90,34.97,8.80,0.26,1441,60.042,3473470.19,5449410.59
10488,397,4,25933.0,110.08,112.89,113.01,111.55,13.18,1.14,0.0,0.995,111.61,110.86,111.55,3047.87,110.08,34.97,9.51,0.33,1441,60.042,3473457.96,5449420.88
10488,9998,4,25918.0,109.60,112.09,112.95,111.58,13.18,0.32,0.0,0.089,111.61,110.44,111.58,3047.87,109.60,34.97,42.17,0.11,1441,60.042,3473449.91,5449433.54
10488,9997,4,25903.0,109.60,112.09,112.95,111.58,13.18,0.33,0.0,0.090,111.58,110.44,111.58,3047.87,109.60,34.97,42.16,0.11,1441,60.042,3473442.52,5449446.56
10488,9996,4,25885.0,109.59,112.08,112.94,111.58,13.18,0.32,0.0,0.087,111.58,110.43,111.58,3047.87,109.59,34.97,42.22,0.10,1441,60.042,3473434.69,5449462.77
10488,9995,4,25883.0,109.59,112.08,112.94,111.58,13.18,0.32,0.0,0.088,111.58,110.43,111.58,3047.87,109.59,34.97,42.22,0.10,1441,60.042,3473433.82,5449464.57
10488,9994,4,25881.0,109.59,112.08,112.94,111.58,13.18,0.32,0.0,0.088,111.58,110.43,111.58,3047.87,109.59,34.97,42.22,0.10,1441,60.042,3473432.95,5449466.37
10488,9993,4,25868.0,109.59,112.08,112.94,111.58,13.18,0.32,0.0,0.088,111.58,110.43,111.58,3047.87,109.59,34.97,42.21,0.10,1441,60.042,3473427.29,5449478.08
10488,9992,4,25853.0,109.59,112.08,112.94,111.57,13.18,0.32,0.0,0.088,111.58,110.43,111.57,3047.87,109.59,34.97,42.20,0.11,1441,60.042,3473420.44,5449491.41
10488,9991,4,25835.0,109.58,112.07,112.93,111.57,13.18,0.32,0.0,0.086,111.58,110.42,111.57,3047.87,109.58,34.97,42.26,0.10,1441,60.042,3473411.90,5449507.26
10488,9990,4,25833.0,109.58,112.07,112.93,111.57,13.18,0.32,0.0,0.086,111.58,110.42,111.57,3047.87,109.58,34.97,42.26,0.10,1441,60.042,3473410.95,5449509.02
10488,9989,4,25831.0,109.58,112.07,112.93,111.57,13.18,0.32,0.0,0.086,111.58,110.42,111.57,3047.87,109.58,34.97,42.26,0.10,1441,60.042,3473410.00,5449510.78
10488,9988,4,25818.0,109.57,112.06,112.92,111.57,13.18,0.32,0.0,0.084,111.58,110.41,111.57,3047.87,109.57,34.97,42.32,0.10,1441,60.042,3473404.13,5449522.38
10488,9987,4,25803.0,109.57,112.06,112.92,111.57,13.18,0.32,0.0,0.084,111.58,110.41,111.57,3047.87,109.57,34.97,42.31,0.10,1441,60.042,3473397.47,5449535.82
10488,9986,4,25785.0,109.56,112.05,112.91,111.57,13.18,0.32,0.0,0.082,111.57,110.40,111.57,3047.87,109.56,34.97,42.37,0.10,1441,60.042,3473389.48,5449551.95
10488,9985,4,25783.0,109.56,112.05,112.91,111.57,13.18,0.32,0.0,0.082,111.57,110.40,111.57,3047.87,109.56,34.97,42.37,0.10,1441,60.042,3473388.59,5449553.74
10488,9984,4,25781.0,109.56,112.05,112.91,111.57,13.18,0.32,0.0,0.082,111.57,110.40,111.57,3047.87,109.56,34.97,42.37,0.10,1441,60.042,3473387.71,5449555.53
10488,9983,4,25768.0,109.56,112.05,112.91,111.57,13.18,0.32,0.0,0.083,111.57,110.40,111.57,3047.87,109.56,34.97,42.36,0.10,1441,60.042,3473381.94,5449567.18
10488,9982,4,25753.0,109.56,112.05,112.91,111.57,13.18,0.32,0.0,0.083,111.57,110.40,111.57,3047.87,109.56,34.97,42.35,0.10,1441,60.042,3473375.28,5449580.63
10488,9981,4,25735.0,109.55,112.04,112.90,111.56,13.18,0.31,0.0,0.081,111.57,110.39,111.56,3047.87,109.55,34.97,42.42,0.10,1441,60.042,3473367.29,5449596.76
10488,9980,4,25733.0,109.55,112.04,112.90,111.56,13.18,0.31,0.0,0.081,111.57,110.39,111.56,3047.87,109.55,34.97,42.42,0.10,1441,60.042,3473366.40,5449598.55
10488,9979,4,25731.0,109.55,112.04,112.90,111.56,13.18,0.31,0.0,0.081,111.57,110.39,111.56,3047.87,109.55,34.97,42.42,0.10,1441,60.042,3473365.52,5449600.34
10488,9978,4,25718.0,109.54,112.03,112.89,111.56,13.18,0.31,0.0,0.079,111.57,110.38,111.56,3047.87,109.54,34.97,42.49,0.10,1441,60.042,3473359.61,5449611.92
10488,9977,4,25703.0,109.54,112.03,112.89,111.56,13.18,0.31,0.0,0.079,111.57,110.38,111.56,3047.87,109.54,34.97,42.48,0.10,1441,60.042,3473352.75,5449625.26
10488,9976,4,25685.0,109.53,112.02,112.88,111.56,13.18,0.31,0.0,0.077,111.57,110.37,111.56,3047.87,109.53,34.97,42.54,0.10,1441,60.042,3473345.01,5449641.51
10488,9975,4,25683.0,109.53,112.02,112.88,111.56,13.18,0.31,0.0,0.077,111.57,110.37,111.56,3047.87,109.53,34.97,42.54,0.10,1441,60.042,3473344.08,5449643.28
10488,9974,4,25681.0,109.53,112.02,112.88,111.56,13.18,0.31,0.0,0.077,111.57,110.37,111.56,3047.87,109.53,34.97,42.54,0.10,1441,60.042,3473343.15,5449645.05
10488,3394,4,25668.0,109.88,112.15,112.11,111.52,13.18,1.04,0.0,0.710,111.58,110.67,111.52,3047.87,109.88,34.97,9.24,0.28,1441,60.042,3473336.99,5449656.49
10488,517,4,25667.0,109.80,112.04,112.08,111.52,13.18,1.01,0.0,0.672,111.58,110.61,111.52,3047.87,109.80,34.97,9.53,0.28,1441,60.042,3473336.50,5449657.37
10488,516,9,25666.0,109.80,112.27,112.31,111.51,13.18,1.14,0.0,0.895,111.57,110.64,111.51,3047.87,109.80,34.97,7.47,0.29,1441,60.042,3473336.02,5449658.24
10488,515,9,25662.0,109.80,112.27,112.31,111.50,13.18,1.15,0.0,0.902,111.58,110.64,111.50,3047.87,109.80,34.97,7.47,0.30,1441,60.042,3473334.08,5449661.74
10488,514,4,25661.0,109.80,112.04,112.08,111.52,13.18,1.01,0.0,0.678,111.58,110.61,111.52,3047.87,109.80,34.97,9.50,0.28,1441,60.042,3473333.60,5449662.62
10488,394,4,25660.0,109.88,112.15,112.11,111.51,13.18,1.04,0.0,0.721,111.57,110.67,111.51,3047.87,109.88,34.97,9.23,0.28,1441,60.042,3473333.11,5449663.49
10488,393,4,25591.0,109.41,112.45,112.20,111.48,13.33,0.89,0.0,0.495,111.53,110.41,111.48,3047.87,109.41,34.97,10.86,0.24,1441,60.042,3473305.11,5449726.51
10488,513,4,25561.0,109.54,112.54,112.22,111.46,13.33,0.93,0.0,0.592,111.51,110.47,111.46,3047.87,109.54,34.97,11.12,0.26,1441,60.042,3473293.53,5449754.17
10488,392,4,25502.0,109.17,112.11,112.75,111.44,13.33,0.83,0.0,0.401,111.48,110.23,111.44,3047.87,109.17,34.97,11.29,0.22,1441,60.042,3473277.69,5449811.00
10488,512,4,25474.0,108.99,112.80,114.14,111.43,13.33,0.80,0.0,0.463,111.47,110.22,111.43,3047.87,108.99,34.97,14.08,0.24,1441,60.042,3473270.15,5449837.97
10488,511,4,25472.0,108.99,113.90,114.14,111.45,13.33,0.53,0.0,0.162,111.47,110.02,111.45,3047.87,108.99,34.97,18.61,0.14,1441,60.042,3473269.60,5449839.89
10488,510,9,25471.0,108.99,114.22,114.38,111.45,13.33,0.53,0.0,0.164,111.47,110.02,111.45,3047.87,108.99,34.97,18.60,0.14,1441,60.042,3473269.32,5449840.85
10488,509,4,25468.0,109.36,113.87,114.39,111.45,13.33,0.60,0.0,0.233,111.47,110.26,111.45,3047.87,109.36,34.97,18.41,0.17,1441,60.042,3473268.50,5449843.74
10488,508,9,25467.0,108.99,114.22,114.42,111.45,13.33,0.53,0.0,0.165,111.47,110.02,111.45,3047.87,108.99,34.97,18.65,0.14,1441,60.042,3473268.23,5449844.70
10488,507,9,25466.0,109.36,114.21,114.60,111.45,13.33,0.60,0.0,0.242,111.46,110.26,111.45,3047.87,109.36,34.97,18.65,0.18,1441,60.042,3473267.95,5449845.66
10488,506,9,25453.0,109.36,114.21,114.60,111.44,13.33,0.60,0.0,0.243,111.46,110.26,111.44,3047.87,109.36,34.97,18.59,0.18,1441,60.042,3473263.78,5449857.97
10488,390,4,25452.0,109.14,113.97,114.39,111.43,13.33,0.76,0.0,0.316,111.46,109.96,111.43,3047.87,109.14,34.97,11.40,0.19,1441,60.042,3473263.44,5449858.91
10488,505,4,25446.0,109.36,113.87,114.35,111.44,13.33,0.60,0.0,0.237,111.46,110.26,111.44,3047.87,109.36,34.97,18.53,0.18,1441,60.042,3473261.39,5449864.55
10488,389,4,25410.0,109.16,112.07,112.08,111.42,13.33,0.81,0.0,0.363,111.44,110.22,111.42,3047.87,109.16,34.97,11.02,0.21,1441,60.042,3473250.35,5449898.80
10488,388,4,25309.0,109.21,112.24,112.20,111.37,13.33,0.85,0.0,0.450,111.41,110.20,111.37,3047.87,109.21,34.97,11.58,0.23,1441,60.042,3473221.16,5449995.49
10488,504,4,25307.0,109.33,111.99,111.85,111.37,13.33,0.80,0.0,0.403,111.41,110.21,111.37,3047.87,109.33,34.97,12.33,0.22,1441,60.042,3473220.57,5449997.40
10488,387,4,25233.0,109.09,112.20,112.39,111.33,13.33,0.87,0.0,0.512,111.37,110.32,111.33,3047.87,109.09,34.97,12.09,0.25,1441,60.042,3473205.99,5450069.41
10488,503,4,25197.0,109.25,111.67,112.38,111.32,13.33,0.80,0.0,0.392,111.36,110.23,111.32,3047.87,109.25,34.97,12.47,0.22,1441,60.042,3473212.93,5450104.62
10488,386,4,25119.0,109.50,112.08,112.20,111.25,13.33,1.07,0.0,0.859,111.29,110.43,111.25,3047.87,109.50,34.97,10.49,0.31,1441,60.042,3473238.26,5450178.38
10488,502,4,25067.0,109.12,111.78,111.96,111.24,13.33,0.81,0.0,0.400,111.29,110.04,111.24,3047.87,109.12,34.97,12.14,0.22,1441,60.042,3473254.79,5450227.66
10488,501,4,25012.0,109.09,112.33,111.84,111.22,13.33,0.85,0.0,0.453,111.26,110.13,111.22,3047.87,109.09,34.97,11.93,0.24,1441,60.042,3473261.66,5450281.93
10488,385,4,25011.0,108.90,112.50,112.00,111.22,13.33,0.75,0.0,0.312,111.26,109.85,111.22,3047.87,108.90,34.97,11.50,0.19,1441,60.042,3473261.70,5450282.93
10488,384,4,24910.0,108.81,112.26,111.86,111.21,13.33,0.58,0.0,0.244,111.23,109.88,111.21,3047.87,108.81,34.97,19.05,0.17,1441,60.042,3473261.24,5450383.74
10488,5383,5,24883.0,108.95,112.25,111.94,111.14,19.30,1.00,0.0,0.677,111.17,110.10,111.14,3047.87,108.95,34.97,15.21,0.28,1441,60.042,3473254.98,5450409.75
10488,383,4,24855.0,109.10,112.23,112.02,110.98,25.27,1.63,0.0,1.755,111.17,110.28,110.98,3047.87,109.10,34.97,11.98,0.46,1441,60.042,3473244.59,5450435.75
10488,9383,5,24835.0,109.27,112.15,112.03,111.06,19.37,1.21,0.0,0.957,111.17,110.22,111.06,3047.87,109.27,34.97,12.42,0.34,1441,60.042,3473236.56,5450454.06
10488,8383,5,24815.0,109.45,112.07,112.03,111.03,19.37,1.29,0.0,1.184,111.11,110.33,111.03,3047.87,109.45,34.97,12.35,0.37,1441,60.042,3473228.51,5450472.37
10488,7383,5,24800.0,109.58,112.01,112.04,111.00,19.37,1.39,0.0,1.511,111.09,110.42,111.00,3047.87,109.58,34.97,12.45,0.42,1441,60.042,3473222.41,5450486.08
10488,382,4,24787.0,109.69,111.96,112.04,110.96,19.37,1.51,0.0,2.031,111.06,110.50,110.96,3047.87,109.69,34.97,12.50,0.48,1441,60.042,3473217.13,5450497.96
10488,5382,2,24780.0,109.69,209.68,209.68,110.87,19.37,1.93,0.0,1.646,111.02,0.00,110.87,3047.87,109.69,50.00,8.50,0.57,1441,60.042,3473214.29,5450504.35
